0	1
0	2
0	17
0	3
0	249
0	251
0	211
1	17
1	18
1	21
1	22
2	13
3	1
4	3
5	256
5	1
5	2
5	242
5	4
5	21
5	22
6	17
7	2
7	14
8	2
8	237
8	245
8	230
8	238
8	11
9	2
12	1
12	17
12	2
12	18
12	3
12	9
14	17
14	2
14	4
14	3
14	7
14	249
14	19
14	5
14	21
14	46
14	6
14	45
15	256
15	1
15	5
15	21
16	170
17	207
17	1
17	23
17	2
17	245
17	18
17	3
17	249
17	19
17	21
17	22
17	46
17	0
17	45
17	206
17	16
18	17
19	23
19	17
19	2
19	44
19	3
19	251
19	12
20	17
20	2
20	19
20	22
21	20
21	24
21	17
21	2
21	22
22	20
22	17
22	2
22	25
22	18
22	21
22	13
23	17
23	2
23	18
23	22
24	22
25	20
25	24
25	23
25	17
25	2
25	18
25	21
25	22
25	13
25	12
26	256
26	1
26	17
26	2
26	4
26	5
26	21
26	22
26	243
26	13
27	17
27	245
28	209
28	27
28	210
30	27
30	29
31	27
31	17
31	29
32	209
32	27
32	29
32	28
33	209
33	27
33	29
33	28
34	209
34	27
34	17
34	29
34	28
34	264
34	262
34	214
35	209
35	27
35	29
35	28
36	209
36	27
36	29
36	28
38	27
38	29
39	209
39	27
39	29
39	28
40	209
40	27
40	29
40	28
41	209
41	27
41	29
41	28
42	209
42	27
42	29
42	28
43	209
43	27
43	210
43	2
43	17
43	205
43	245
43	194
43	29
43	18
43	0
43	211
44	2
44	17
44	250
44	19
44	13
45	47
45	2
45	46
45	48
46	47
46	2
48	47
49	47
49	2
49	46
50	5
51	256
51	1
51	17
51	5
51	271
52	82
52	256
52	102
52	17
52	2
52	18
52	22
52	79
52	13
52	83
52	195
52	202
52	116
53	115
53	213
53	17
53	2
53	245
53	18
53	3
53	19
53	5
53	21
53	22
53	46
53	211
53	13
54	17
54	2
54	18
54	22
54	13
54	12
54	201
55	213
55	256
55	2
55	17
55	245
55	18
55	22
55	0
55	211
55	13
55	159
55	201
58	2
58	22
58	13
58	136
58	267
59	2
59	22
59	110
59	13
59	268
56	17
56	2
56	18
56	22
56	13
57	17
57	2
57	245
57	18
57	22
69	256
69	2
69	22
60	115
60	53
60	17
60	2
60	18
60	21
60	22
60	13
61	204
61	17
61	2
61	107
61	18
61	22
61	8
61	193
61	13
61	159
62	212
62	81
62	204
62	17
62	2
62	78
62	18
62	22
62	79
62	193
62	13
62	170
62	195
63	256
63	102
63	204
63	17
63	2
63	203
63	18
63	19
63	22
63	8
63	193
64	17
64	2
64	18
64	159
64	160
65	207
65	204
65	17
65	2
65	205
65	245
65	18
65	246
65	22
65	8
65	248
65	244
65	193
65	13
65	208
65	206
65	255
66	17
66	2
66	107
66	18
66	22
66	8
66	13
67	17
67	2
67	18
67	22
67	13
68	52
70	213
70	17
70	2
70	18
70	22
70	0
70	211
70	13
71	212
71	204
71	17
71	2
71	107
71	18
71	22
71	8
71	193
71	13
72	2
72	22
72	13
73	204
73	17
73	2
73	203
73	107
73	18
73	22
73	8
73	193
73	170
74	17
74	2
74	18
74	22
74	13
75	286
75	204
75	2
75	92
75	22
75	193
75	13
75	146
75	217
76	2
76	17
76	18
76	22
76	13
76	201
77	17
77	2
77	18
77	22
77	13
78	82
78	256
78	17
78	2
78	18
78	22
78	79
78	13
78	83
78	103
78	195
78	202
78	116
79	82
79	2
79	17
79	18
79	114
79	22
79	13
79	170
79	83
79	103
79	195
79	116
80	259
80	17
80	2
80	22
80	0
80	211
80	195
80	258
81	204
81	17
81	2
81	78
81	18
81	22
81	79
81	8
81	244
81	193
81	13
81	208
81	195
81	201
81	255
83	259
83	2
83	258
84	2
84	17
84	18
84	22
85	212
85	204
85	17
85	2
85	245
85	18
85	22
85	8
85	193
85	13
86	17
86	2
86	18
86	22
86	13
86	206
87	2
87	107
87	245
87	22
87	8
87	13
87	170
87	201
89	2
89	22
89	13
89	136
90	2
90	22
90	110
90	13
88	17
88	2
88	78
88	18
88	249
88	22
91	47
91	256
91	2
91	17
91	18
91	22
91	46
91	48
96	213
96	2
96	17
96	18
96	22
96	0
96	211
96	13
92	286
92	204
92	2
92	22
92	13
92	146
92	217
92	105
92	104
92	11
92	201
93	10
93	213
93	82
93	80
93	2
93	17
93	18
93	22
93	79
93	211
93	13
93	83
93	103
93	196
93	195
93	202
93	116
94	213
94	147
94	17
94	2
94	107
94	148
94	18
94	249
94	22
94	8
94	211
94	244
94	260
94	13
94	247
94	261
94	255
95	213
95	82
95	212
95	102
95	199
95	204
95	2
95	17
95	245
95	18
95	249
95	22
95	79
95	8
95	211
95	193
95	13
95	195
95	116
95	201
97	82
97	2
97	17
97	98
97	79
98	82
98	22
99	2
99	22
100	17
100	2
100	205
100	18
100	22
100	13
100	43
101	17
101	2
101	205
101	18
101	22
101	37
101	13
101	43
102	22
103	102
103	2
103	22
103	116
104	241
104	2
104	105
106	2
106	22
106	13
106	105
106	104
106	201
107	226
107	212
107	204
107	17
107	240
107	219
107	18
107	230
107	239
107	231
107	22
107	8
107	224
107	233
107	229
107	223
107	193
107	235
107	232
107	236
107	234
107	228
107	225
108	2
108	22
108	13
109	207
109	204
109	17
109	2
109	245
109	18
109	65
109	22
109	193
109	13
109	206
110	2
110	22
110	13
111	24
111	256
111	2
111	22
111	13
112	82
112	17
112	2
112	18
112	22
112	79
112	13
112	83
112	103
112	195
113	213
113	199
113	204
113	17
113	2
113	203
113	18
113	22
113	211
113	170
113	201
115	213
115	2
115	17
115	18
115	19
115	22
115	79
115	0
115	211
115	13
116	82
116	127
117	17
117	2
117	18
117	3
117	22
117	118
117	201
118	256
118	1
118	4
118	21
118	22
119	17
119	2
119	22
119	13
120	256
120	2
120	107
120	245
120	22
120	8
120	13
121	213
121	207
121	2
121	17
121	107
121	245
121	18
121	22
121	8
121	0
121	211
121	244
121	260
121	189
121	13
121	190
121	206
121	261
121	255
126	204
126	17
126	2
126	18
126	22
126	8
126	193
126	13
126	96
126	201
122	183
123	20
123	24
123	17
123	2
123	18
123	22
124	204
124	17
124	2
124	78
124	18
124	249
124	22
124	8
124	193
125	2
125	22
128	204
128	17
128	2
128	107
128	275
128	18
128	277
128	22
128	244
128	193
128	13
128	252
128	201
128	255
130	22
129	17
129	2
129	18
129	70
131	17
131	2
131	245
131	18
131	22
132	204
132	17
132	2
132	245
132	18
132	249
132	22
132	8
132	193
132	13
133	81
134	17
134	2
134	18
134	22
134	13
135	17
135	2
135	18
135	70
136	17
136	2
136	18
136	22
136	13
137	2
137	275
137	245
137	22
137	13
137	276
137	85
138	204
138	17
138	2
138	18
138	22
138	8
138	244
138	193
138	13
138	159
138	208
138	252
138	255
139	17
139	2
139	18
139	159
139	160
140	286
140	204
140	2
140	92
140	22
140	193
140	13
140	146
140	217
144	143
145	213
145	17
145	2
145	144
145	107
145	245
145	18
145	22
145	8
145	216
145	0
145	211
145	142
145	13
145	143
141	2
141	17
141	18
141	22
146	286
146	204
146	2
146	17
146	107
146	245
146	18
146	22
146	8
146	244
146	193
146	13
146	218
146	217
146	252
146	283
146	11
146	201
146	255
147	2
147	94
148	156
148	147
148	154
148	2
148	153
148	151
148	152
148	249
148	22
148	157
148	155
148	150
149	82
149	147
149	17
149	2
149	245
149	18
149	249
149	22
149	79
149	211
149	13
149	103
149	94
149	195
150	149
150	17
150	2
150	22
150	211
150	94
150	195
151	149
151	102
151	2
151	22
151	13
151	94
151	195
152	149
152	2
152	22
152	13
152	94
152	195
153	149
153	2
153	22
153	94
153	195
154	149
154	17
154	2
154	22
154	211
154	94
154	195
155	149
155	17
155	2
155	22
155	211
155	94
155	195
156	149
156	17
156	2
156	22
156	211
156	13
156	94
156	195
157	149
157	2
157	22
157	94
157	195
158	2
158	159
158	160
159	2
160	163
160	55
160	166
160	164
160	18
160	61
160	162
160	167
160	165
160	138
160	169
160	170
160	158
160	171
160	161
160	168
161	2
161	159
162	2
162	159
163	2
163	245
163	159
164	2
164	18
164	159
165	2
165	18
165	159
166	17
166	2
166	18
166	159
167	2
167	18
167	159
168	2
168	159
168	160
169	2
169	159
169	160
170	2
170	159
171	2
171	18
171	159
175	179
172	175
173	181
173	82
173	175
173	174
173	204
173	17
173	2
173	18
173	22
173	79
173	8
173	172
173	178
173	193
173	195
174	175
174	179
176	17
176	2
176	245
176	18
176	52
176	22
176	68
176	177
178	2
180	102
180	22
180	172
181	180
181	2
181	172
181	116
183	204
183	185
183	17
183	2
183	184
183	18
183	22
183	8
183	193
183	182
183	201
183	186
184	185
184	2
184	22
184	182
185	17
185	18
186	185
186	2
186	184
186	182
186	271
187	17
187	2
187	18
187	249
187	22
187	211
187	244
187	189
187	195
187	121
188	2
188	187
188	22
188	13
188	195
188	121
189	2
189	211
189	244
189	121
190	2
190	188
190	191
190	22
190	192
190	189
191	102
191	2
191	187
191	22
191	13
191	195
191	121
192	17
192	2
192	187
192	18
192	22
192	0
192	211
192	13
192	195
192	121
193	213
193	226
193	197
193	212
193	2
193	240
193	17
193	237
193	219
193	18
193	230
193	239
193	231
193	8
193	224
193	233
193	229
193	223
193	235
193	232
193	236
193	234
193	11
193	228
193	225
194	209
194	213
194	197
194	17
194	2
194	18
194	211
195	256
195	2
196	2
196	17
196	249
196	211
196	195
196	202
197	213
197	17
197	2
197	18
198	197
198	17
198	18
199	197
199	17
199	18
199	193
201	2
202	2
203	213
203	197
203	2
203	17
203	18
204	197
204	17
204	18
204	193
205	213
205	35
205	197
205	34
205	31
205	17
205	2
205	194
205	30
205	18
205	32
205	38
205	33
205	36
205	42
205	41
205	39
205	40
206	197
206	2
206	18
207	206
208	213
208	197
208	2
208	17
208	18
208	0
208	211
208	244
210	209
211	213
211	197
211	199
211	204
211	2
211	17
211	203
211	18
211	249
211	8
211	193
211	16
212	213
212	197
212	17
212	2
212	18
213	17
213	2
214	213
214	197
214	2
214	17
214	264
214	262
214	263
215	213
215	197
215	2
215	17
216	213
216	197
216	17
216	2
216	245
216	18
216	200
216	0
216	211
217	213
217	197
217	204
217	2
217	17
217	8
217	193
217	218
217	11
218	8
219	222
219	230
220	227
220	209
220	2
220	221
221	197
221	2
221	230
222	226
222	2
222	17
222	240
222	219
222	230
222	221
222	239
222	231
222	224
222	233
222	229
222	223
222	235
222	232
222	236
222	234
222	228
222	225
223	209
223	17
223	2
223	220
223	221
224	209
224	17
224	220
224	221
224	170
224	201
225	17
225	2
225	18
225	221
225	248
225	244
225	170
225	208
225	238
226	209
226	2
226	220
226	221
227	210
227	230
228	227
228	209
228	213
228	197
228	210
228	17
228	2
228	18
228	230
228	221
228	0
228	211
230	2
229	209
229	17
229	220
229	221
229	238
231	222
231	230
232	222
232	230
233	222
233	221
233	232
234	222
234	230
235	17
235	2
235	18
235	221
235	248
235	244
235	208
235	201
239	222
239	197
239	17
239	2
239	219
239	230
239	221
236	226
236	17
236	240
236	219
236	230
236	239
236	231
236	224
236	233
236	229
236	223
236	235
236	232
236	234
236	228
236	225
237	230
240	209
240	220
240	221
240	201
245	207
245	2
245	17
245	249
245	170
245	43
246	244
247	244
248	244
250	2
249	245
249	170
251	2
252	244
253	247
254	2
254	265
254	244
254	264
255	245
255	22
255	244
255	170
257	22
258	259
259	258
260	261
262	2
262	264
263	17
263	2
263	265
263	264
263	262
264	2
265	17
265	2
265	264
267	269
267	266
268	269
268	266
271	272
271	270
275	274
275	278
276	273
276	275
277	273
277	275
279	287
279	285
279	281
279	284
280	287
280	282
280	284
282	287
282	284
283	287
283	280
283	284
284	287
286	287
286	285
286	283
