0	6
2	15
2	42
2	1
4	808
4	805
4	84
4	803
4	9
4	813
4	810
4	45
4	856
4	807
4	13
4	57
4	51
4	56
5	4
7	15
7	6
8	523
8	4
8	13
9	4
9	13
11	56
13	40
13	4
13	15
13	42
13	44
13	16
13	11
15	4
15	30
15	817
15	16
17	15
17	52
18	15
18	7
19	30
19	15
19	52
20	15
21	13
21	52
23	804
25	42
26	52
27	30
27	15
27	36
27	7
28	30
28	15
28	36
28	53
29	15
29	36
29	7
30	15
32	52
33	52
34	15
34	7
35	52
36	15
36	7
37	52
39	16
40	15
40	11
42	15
44	15
44	42
44	13
44	56
44	16
45	15
45	42
45	13
45	56
45	1
45	16
49	52
50	13
50	56
51	4
53	15
53	52
54	52
55	52
57	15
58	15
58	7
59	62
59	61
59	42
59	528
59	13
59	50
59	60
59	75
59	20
59	96
61	69
61	59
61	67
61	42
61	63
61	97
61	66
61	863
61	13
61	50
61	75
61	20
61	71
61	76
62	59
62	64
62	67
62	77
62	863
62	60
62	75
63	66
63	65
64	74
64	67
64	63
64	68
64	863
64	75
66	863
66	65
67	64
67	63
67	66
67	75
68	65
69	64
69	547
69	76
70	15
70	42
70	863
70	52
70	20
70	73
70	852
71	74
71	72
71	64
71	15
71	67
71	75
71	20
71	76
72	4
72	805
72	15
72	42
72	66
72	857
72	75
72	20
72	76
72	70
73	15
73	20
73	7
73	70
74	64
74	15
74	67
74	75
74	76
75	61
75	64
75	15
75	67
75	63
75	77
75	547
75	867
75	76
76	64
76	15
76	67
76	547
76	66
76	75
76	867
77	814
77	4
77	59
77	30
77	514
77	62
77	869
77	61
77	64
77	524
77	15
77	67
77	42
77	547
77	629
77	643
77	612
77	867
78	41
78	15
78	863
78	20
79	87
79	20
79	98
80	89
80	4
80	84
80	90
80	42
80	33
80	622
80	79
80	863
80	13
80	738
80	98
80	83
81	42
81	96
82	674
82	673
82	669
82	676
82	663
82	675
82	670
82	634
82	662
82	671
82	666
82	664
82	668
82	672
83	814
83	81
83	770
83	84
83	86
83	735
83	722
83	42
83	734
83	622
83	87
83	756
83	20
83	715
83	96
83	727
84	814
84	607
84	42
85	814
85	84
85	86
85	607
85	42
85	863
86	84
86	607
86	722
87	4
87	15
87	57
87	52
87	20
88	680
88	109
88	694
88	695
88	87
88	20
88	686
88	608
89	814
89	84
89	86
89	722
89	42
89	622
89	728
89	727
90	814
90	84
90	86
90	42
91	97
92	41
92	87
92	863
92	20
93	41
94	41
94	15
95	42
95	20
96	42
97	41
97	4
97	84
97	607
97	620
97	13
97	51
97	643
97	603
97	720
97	771
97	80
97	642
97	509
98	41
98	15
98	92
98	87
98	20
99	41
99	4
99	30
99	100
99	15
99	42
99	482
99	20
100	52
101	41
101	808
101	99
101	20
102	808
102	4
102	101
102	809
103	41
103	30
103	15
103	863
103	20
103	54
104	811
105	30
105	110
106	111
106	110
106	105
107	54
108	30
108	15
109	694
109	695
109	863
109	811
110	30
111	110
112	30
112	110
113	111
113	112
113	110
114	30
114	110
115	111
115	114
115	110
116	41
116	30
116	109
116	15
116	482
116	811
116	20
116	104
116	107
116	54
116	852
116	108
117	111
117	30
117	495
117	19
117	15
117	55
117	42
117	113
117	110
117	863
117	115
117	106
118	510
119	9
119	42
119	537
119	480
120	4
120	321
120	9
120	322
121	123
121	13
121	510
122	123
122	42
122	544
122	513
123	30
123	121
123	9
123	15
123	42
123	863
123	124
123	44
123	521
123	11
123	125
124	15
124	123
124	42
124	128
124	127
124	129
124	125
125	15
125	123
125	42
125	122
125	127
126	522
126	15
126	123
126	13
128	123
129	123
129	128
130	15
130	7
131	4
131	564
131	20
132	4
132	138
132	9
132	149
132	42
132	482
132	13
132	133
132	537
132	510
132	136
133	4
133	138
133	9
133	140
133	135
133	42
133	151
133	537
133	16
134	4
134	30
134	514
134	137
134	15
134	16
135	42
135	136
136	144
136	142
136	4
136	805
136	131
136	30
136	130
136	24
136	47
136	149
136	813
136	3
136	564
136	15
136	146
136	37
136	46
136	87
136	863
136	22
136	148
136	52
136	20
136	38
136	852
136	16
137	143
137	30
137	15
137	863
137	858
138	4
138	30
138	149
138	140
138	137
138	15
138	146
138	135
138	42
138	37
138	547
138	863
138	867
138	16
138	136
139	144
139	134
139	4
139	30
139	145
139	137
139	15
139	13
139	44
139	16
140	4
140	149
140	42
140	135
140	37
140	847
140	136
141	808
141	4
141	131
141	564
141	863
141	20
142	30
142	149
142	15
142	87
142	20
144	678
144	39
144	15
144	146
144	734
144	863
144	148
144	48
144	20
144	16
145	144
145	4
145	859
145	136
147	6
148	20
149	20
150	4
150	145
150	13
150	139
150	44
151	4
151	149
151	140
151	813
151	42
151	135
151	37
151	863
151	847
151	147
151	136
152	4
152	566
152	116
152	564
152	565
152	20
152	141
153	2
153	15
153	552
153	42
153	846
153	1
154	155
154	169
154	157
154	30
154	161
154	158
154	159
154	15
154	42
154	804
154	205
154	16
155	30
155	161
155	159
155	37
155	804
155	205
155	160
155	168
156	4
156	158
156	804
156	23
156	13
156	160
156	510
157	173
157	171
157	158
157	42
157	512
157	154
157	13
157	168
157	194
157	204
158	157
158	4
158	9
158	159
158	15
158	156
158	162
158	42
158	827
158	804
158	863
158	194
158	44
158	513
158	16
158	11
159	4
159	30
159	514
159	161
159	15
159	16
160	517
161	155
161	520
161	30
161	159
161	15
161	37
162	155
162	522
162	173
162	161
162	171
162	188
162	158
162	159
162	15
162	804
162	863
162	13
162	52
162	187
162	168
162	194
162	6
162	189
162	204
162	190
163	30
163	517
163	15
163	37
163	804
163	863
163	205
164	4
164	166
164	804
164	23
164	13
164	847
164	857
164	160
164	873
164	510
165	209
165	30
165	153
165	163
165	15
165	42
165	166
165	804
165	863
165	13
165	212
165	204
165	11
166	40
166	4
166	15
166	42
166	804
166	13
166	160
166	167
166	165
166	44
166	16
166	11
167	209
167	2
167	30
167	153
167	163
167	15
167	208
167	42
167	846
167	166
167	804
167	863
167	13
167	210
167	204
167	44
167	1
167	16
170	172
171	170
171	181
171	179
172	169
173	180
173	170
173	179
173	177
173	176
176	182
176	177
176	184
177	185
177	183
179	178
182	174
183	182
183	177
183	175
184	174
185	177
185	175
186	189
187	863
187	189
188	187
190	191
190	193
190	168
190	189
191	192
191	186
193	186
196	195
197	4
197	45
197	804
197	509
198	4
198	163
198	15
198	42
198	45
198	804
198	13
198	509
198	11
199	4
199	198
199	804
199	197
199	160
200	863
201	200
201	197
202	198
202	200
203	202
203	201
204	4
204	158
204	813
204	863
204	168
204	213
204	214
204	194
204	6
205	804
210	209
212	211
214	206
214	207
215	15
215	218
216	4
216	9
216	215
216	13
216	218
216	847
216	510
217	15
217	42
217	512
217	743
217	215
217	13
217	218
218	40
218	30
218	217
218	529
218	9
218	15
218	42
218	215
218	863
218	13
218	390
218	56
218	852
218	11
219	30
219	15
219	42
219	215
219	218
219	852
220	42
220	219
221	222
221	13
221	510
222	9
222	42
222	223
222	13
222	221
222	44
222	513
222	11
223	2
223	522
223	222
223	15
223	552
223	42
223	512
223	13
223	1
224	15
224	227
225	13
225	227
225	510
226	42
226	512
226	13
226	227
227	30
227	9
227	775
227	226
227	15
227	42
227	37
227	782
227	863
227	13
227	225
227	52
227	44
227	513
227	11
227	224
228	4
228	230
228	13
228	510
229	2
229	233
229	30
229	859
229	231
229	15
229	42
229	230
229	863
229	544
229	513
229	1
230	4
230	233
230	30
230	228
230	9
230	231
230	15
230	42
230	234
230	545
230	856
230	863
230	229
230	20
230	44
230	874
230	585
230	16
230	11
231	4
231	30
231	514
231	15
231	232
231	16
232	520
232	30
232	231
232	15
233	231
233	230
234	4
234	522
234	30
234	231
234	15
234	230
234	863
234	13
234	57
234	20
234	852
234	585
235	30
235	244
235	15
235	237
235	236
235	42
235	242
235	239
235	243
235	245
236	244
236	241
236	42
236	242
236	238
236	235
236	44
236	11
237	52
238	30
238	244
238	15
238	237
238	236
238	242
238	239
238	247
238	245
239	242
240	245
241	4
241	244
241	813
241	242
241	13
241	510
242	52
242	20
242	585
243	4
243	244
243	15
243	42
243	242
243	13
243	57
243	544
243	20
243	513
244	4
244	30
244	9
244	241
244	15
244	545
244	240
244	242
244	245
244	874
244	16
245	4
245	30
245	514
245	240
245	246
245	16
246	520
246	30
246	15
246	240
246	245
247	4
247	522
247	30
247	244
247	15
247	242
247	13
247	57
247	20
247	585
248	30
248	244
248	15
248	42
248	242
248	249
248	243
248	245
248	251
249	244
249	248
249	250
249	241
249	42
249	242
249	863
249	44
249	11
250	30
250	244
250	15
250	242
250	249
250	247
250	245
250	251
252	257
252	231
253	231
253	256
253	230
254	4
254	257
254	231
254	15
254	57
254	20
255	252
255	233
255	253
255	258
255	257
255	254
255	259
255	20
256	252
256	233
256	257
256	231
256	15
256	230
256	863
256	852
257	231
258	256
259	252
259	257
259	231
259	256
259	230
260	262
260	9
260	13
260	261
260	510
261	119
261	30
261	9
261	15
261	42
261	863
261	852
261	16
263	267
264	266
264	271
264	272
264	15
264	42
264	269
265	266
265	30
265	272
265	274
265	273
265	804
266	30
266	272
266	274
266	804
268	266
268	4
268	271
268	49
268	273
268	267
268	263
268	804
268	23
268	13
268	847
268	857
268	269
268	873
268	510
269	266
269	271
269	42
269	512
269	13
270	274
271	40
271	266
271	277
271	9
271	272
271	15
271	267
271	804
271	278
271	265
271	269
271	44
271	521
271	16
271	268
272	4
272	271
272	30
272	514
272	274
272	16
273	517
274	266
274	520
274	271
274	272
274	15
274	52
275	15
275	87
275	20
276	863
276	6
277	271
277	272
277	15
277	535
277	13
278	271
278	522
278	30
278	15
278	37
278	804
278	863
278	279
278	13
278	52
278	275
278	44
278	276
280	281
280	13
280	510
281	40
281	30
281	9
281	283
281	44
281	280
281	521
281	282
282	30
282	15
282	281
282	535
282	13
282	52
283	522
283	30
283	15
283	281
283	863
283	13
284	291
284	290
285	4
285	286
285	13
285	288
285	52
285	510
286	52
287	286
287	42
287	512
287	13
287	288
288	4
288	287
288	9
288	286
288	285
288	15
288	42
288	292
288	284
288	291
288	44
288	513
288	290
288	16
288	11
290	4
290	30
290	514
290	15
290	284
290	291
290	16
291	520
291	30
291	15
291	284
291	290
292	522
292	30
292	286
292	15
292	13
292	288
292	289
292	52
293	13
293	294
293	510
294	4
294	9
294	293
294	813
294	42
294	295
294	52
294	44
294	513
294	11
295	4
295	522
295	30
295	15
295	13
295	57
295	294
296	4
296	9
296	813
296	297
296	13
296	510
297	9
297	42
297	298
297	44
297	513
297	11
298	522
298	30
298	297
298	15
298	13
298	857
299	266
299	2
299	271
299	272
299	15
299	264
299	269
299	1
300	266
300	271
300	267
300	13
300	301
300	264
300	857
300	269
300	873
300	299
300	268
301	40
301	271
301	277
301	9
301	42
301	267
301	300
301	269
301	44
301	268
301	11
302	305
302	303
302	304
303	304
306	804
306	23
306	13
306	308
306	310
306	510
307	314
307	303
307	42
307	512
307	13
307	308
307	313
308	307
308	9
308	312
308	42
308	804
308	23
308	310
308	306
308	44
308	513
308	11
309	4
309	514
309	16
310	517
311	520
312	2
312	522
312	30
312	15
312	846
312	804
312	13
312	308
312	1
313	303
313	302
314	313
315	523
315	320
315	4
315	325
315	15
315	540
315	42
315	45
315	863
315	52
315	16
317	332
317	338
319	324
319	320
319	4
319	325
319	15
319	322
319	42
319	863
319	52
319	16
319	328
320	324
320	4
320	30
320	495
320	517
320	15
320	322
320	339
320	326
320	337
320	335
320	804
320	57
320	847
320	336
320	852
320	328
321	324
321	4
321	316
321	332
321	346
321	322
321	326
321	333
321	338
321	804
321	23
321	863
321	13
321	510
321	334
322	324
322	319
322	864
322	331
322	316
322	863
322	318
322	52
323	324
323	319
323	320
323	42
323	512
323	13
324	40
324	320
324	331
324	4
324	330
324	325
324	321
324	9
324	329
324	346
324	15
324	322
324	326
324	42
324	804
324	23
324	318
324	323
324	44
324	513
324	16
324	11
325	320
325	4
325	30
325	514
325	15
325	16
325	328
326	320
326	517
326	863
327	15
327	481
328	320
328	520
328	30
328	325
328	15
328	336
329	324
329	325
329	15
329	535
329	13
330	324
330	320
330	18
330	522
330	21
330	30
330	325
330	875
330	321
330	9
330	346
330	15
330	322
330	344
330	13
330	340
330	53
330	52
330	874
330	16
330	328
332	324
332	321
332	322
332	798
332	338
333	332
333	321
333	322
333	338
333	318
334	324
334	321
334	322
334	318
335	339
336	339
337	339
338	332
340	345
340	330
340	346
340	341
340	870
340	874
341	52
342	345
343	344
343	342
344	30
344	343
344	346
344	322
344	342
346	345
346	30
346	330
346	322
346	547
346	340
346	341
346	342
346	870
346	850
346	874
347	4
347	13
347	510
347	349
348	15
348	42
348	350
348	512
348	13
348	349
349	4
349	9
349	15
349	42
349	350
349	348
349	44
349	513
349	16
349	11
349	347
350	4
350	30
350	514
350	351
350	16
351	520
351	30
351	15
351	350
353	547
353	863
353	362
355	4
355	9
355	863
355	13
355	357
355	510
356	354
356	352
356	30
356	15
356	42
356	863
356	13
356	362
356	357
356	360
356	544
356	361
356	513
357	9
357	355
357	359
357	42
357	545
357	87
357	863
357	362
357	356
357	857
357	358
357	20
357	44
357	11
358	522
358	15
358	13
358	362
358	357
358	20
359	547
359	362
360	361
362	56
363	9
363	364
363	13
363	510
364	4
364	9
364	775
364	15
364	42
364	798
364	782
364	13
364	776
364	44
364	513
364	11
365	366
365	9
365	769
365	42
365	743
365	622
365	482
365	13
365	857
365	537
365	510
365	727
366	30
366	769
366	15
366	37
366	496
366	863
367	372
367	4
367	30
367	517
367	15
367	804
367	482
367	57
367	52
367	369
367	373
367	848
368	372
368	4
368	517
368	804
368	23
368	863
368	13
368	369
368	510
369	376
369	52
370	372
370	376
370	15
370	42
370	369
370	373
370	544
370	513
371	15
371	480
372	375
372	4
372	367
372	9
372	15
372	42
372	545
372	804
372	369
372	370
372	373
372	368
372	44
372	16
372	11
373	4
373	30
373	514
373	367
373	15
373	374
373	16
374	520
374	30
374	367
374	376
374	15
374	52
374	373
374	848
375	372
375	522
375	15
375	13
377	4
377	380
377	813
377	37
377	13
377	387
377	510
377	386
377	16
378	380
378	42
378	512
378	13
379	15
379	480
380	4
380	385
380	9
380	377
380	383
380	381
380	15
380	42
380	378
380	44
380	513
380	16
380	11
381	4
381	514
381	15
381	16
382	15
382	7
383	30
383	380
383	15
383	384
384	30
384	15
385	382
385	18
385	522
385	380
385	383
385	15
385	13
385	7
385	852
388	41
388	15
388	87
388	88
388	390
388	20
388	98
389	9
389	42
389	743
389	13
389	390
389	510
390	4
390	30
390	853
390	9
390	15
390	42
390	798
390	863
390	13
390	847
390	20
390	44
390	513
390	11
390	388
391	394
392	4
392	13
392	394
392	510
393	42
393	512
393	13
393	394
394	392
394	4
394	9
394	775
394	15
394	42
394	391
394	780
394	863
394	395
394	393
394	44
394	513
394	397
394	16
394	11
395	4
395	30
395	514
395	396
395	16
396	520
396	15
396	395
397	4
397	13
397	394
398	4
398	813
398	13
398	510
399	30
399	494
399	15
399	401
399	804
399	23
399	52
399	16
401	15
402	4
402	401
402	403
402	399
402	804
402	23
402	13
402	400
402	847
402	404
402	510
402	405
403	42
403	512
403	13
403	404
404	406
404	9
404	42
404	401
404	403
404	872
404	13
404	873
404	402
404	44
404	513
404	11
405	517
406	522
406	15
406	401
406	13
406	404
407	4
407	409
407	13
407	510
408	134
408	30
408	409
408	137
408	15
408	42
408	512
408	13
409	134
409	9
409	15
409	42
409	410
409	408
409	52
409	44
409	513
409	407
409	16
409	11
410	411
410	4
410	522
410	138
410	409
410	15
410	135
410	13
411	4
411	149
411	151
412	2
412	522
412	15
412	13
412	1
413	15
413	535
413	13
414	415
415	417
415	13
415	510
416	2
416	417
416	15
416	552
416	42
416	547
416	1
416	11
417	9
417	416
417	42
417	798
417	863
417	13
417	415
417	412
417	44
417	513
417	11
418	30
418	15
419	421
419	13
419	510
420	4
420	30
420	15
420	421
420	42
420	827
420	512
420	863
420	422
420	13
420	423
420	418
420	52
420	16
421	419
421	4
421	9
421	15
421	42
421	545
421	420
421	422
421	44
421	424
421	16
421	11
422	4
422	30
422	514
422	15
422	423
422	16
423	520
423	30
423	15
423	422
424	4
424	2
424	522
424	15
424	421
424	846
424	827
424	863
424	13
424	418
424	52
424	1
424	16
425	4
426	4
426	42
426	13
426	425
426	11
427	4
427	30
427	15
427	45
427	422
427	425
427	418
427	509
427	16
428	863
429	428
429	426
430	428
430	427
431	430
431	429
432	4
432	30
432	421
432	13
432	423
433	4
433	9
433	813
433	13
433	434
433	510
434	9
434	42
434	435
434	857
434	44
434	513
434	11
435	522
435	15
435	13
435	434
436	9
436	13
436	510
436	438
437	520
437	30
437	15
437	42
437	512
437	13
437	438
438	9
438	42
438	437
438	44
438	513
438	440
438	11
439	520
440	522
440	30
440	15
440	13
440	7
440	438
441	442
441	13
441	510
442	119
442	30
442	9
442	15
442	42
442	441
442	480
442	852
442	16
443	4
443	9
443	863
443	872
443	13
443	847
443	444
443	510
444	30
444	9
444	15
444	42
444	13
444	851
444	390
444	56
445	447
445	13
445	510
446	30
446	15
446	42
446	447
446	512
446	13
447	9
447	42
447	446
447	445
447	52
447	44
447	513
447	11
448	4
448	810
448	798
448	863
448	847
448	509
449	450
449	13
449	510
450	449
450	9
450	364
450	863
451	4
451	825
451	452
451	509
452	448
452	509
453	449
453	13
454	796
455	9
455	42
455	118
455	13
455	537
455	454
456	457
456	9
456	42
456	118
456	13
456	537
457	30
457	15
457	42
457	793
457	852
458	457
458	456
459	455
459	454
460	461
460	13
460	510
461	119
461	30
461	9
461	15
461	42
461	460
461	852
461	16
462	417
462	9
462	13
462	415
464	30
464	517
464	15
464	804
464	468
465	4
465	467
465	517
465	804
465	23
465	13
465	510
466	467
466	15
466	42
466	512
466	13
466	468
467	464
467	4
467	9
467	465
467	471
467	15
467	42
467	466
467	804
467	469
467	468
467	6
467	44
467	513
467	16
467	11
468	464
468	470
468	4
468	30
468	514
468	15
468	16
469	464
469	522
469	467
469	15
469	13
469	6
469	463
470	464
470	520
470	30
470	15
470	468
471	464
471	522
471	467
471	15
471	13
471	463
473	565
474	4
474	475
474	564
474	565
474	473
474	20
474	472
474	141
475	41
475	30
475	495
475	494
475	15
475	42
475	492
475	37
475	863
475	811
475	20
475	472
475	480
475	54
475	16
476	9
476	475
476	42
476	118
476	13
476	537
477	41
477	808
477	475
477	20
478	495
478	117
478	9
478	42
478	118
478	863
478	13
478	537
479	41
479	42
479	20
480	495
480	15
480	849
481	15
481	480
482	863
483	816
483	15
483	37
483	496
483	863
483	57
483	52
485	484
486	30
486	495
486	15
486	489
487	800
487	15
487	858
488	484
489	484
489	30
489	488
489	491
489	485
490	484
491	484
492	863
494	863
495	494
495	492
495	863
495	481
495	480
497	495
497	494
497	492
497	496
497	480
498	495
498	15
498	481
498	480
499	800
499	15
499	852
500	800
500	15
500	852
502	30
502	800
502	15
502	501
502	852
503	800
503	15
503	863
503	6
504	493
504	800
504	15
505	15
505	504
506	493
506	15
506	504
507	41
507	15
507	863
507	20
508	40
508	523
508	5
508	4
508	31
508	138
508	541
508	150
508	42
508	45
508	863
508	13
508	847
508	52
508	10
508	509
508	44
508	56
508	11
509	554
509	766
509	808
509	774
509	523
509	865
509	4
509	862
509	805
509	49
509	767
509	84
509	803
509	519
509	9
509	593
509	813
509	810
509	42
509	799
509	45
509	856
509	518
509	547
509	807
509	863
509	531
509	772
509	13
509	868
509	57
509	51
509	643
509	50
509	847
509	52
509	511
509	537
509	867
509	56
509	515
509	809
510	4
510	805
510	49
510	9
510	813
510	547
510	863
510	872
510	13
510	57
510	847
510	857
510	873
511	4
511	862
511	805
511	9
511	813
511	799
511	856
512	2
512	802
512	532
512	552
512	42
512	547
512	13
512	867
512	11
513	40
513	5
513	4
513	514
513	803
513	529
513	9
513	15
513	863
513	13
513	510
513	16
514	520
514	4
514	30
514	15
514	817
514	17
514	863
514	57
514	52
514	533
514	874
514	16
515	803
515	15
516	769
516	15
517	804
518	808
518	4
518	862
518	805
518	856
518	35
518	809
519	814
519	4
519	810
519	634
519	13
519	643
519	56
520	4
520	30
520	15
520	57
520	533
521	4
521	9
521	525
521	42
521	545
521	513
521	11
522	15
522	547
522	13
522	44
522	16
523	4
523	30
523	15
523	42
523	45
523	547
523	33
523	863
523	13
523	847
523	52
523	539
523	44
523	1
523	16
524	814
524	733
524	4
524	2
524	747
524	732
524	813
524	726
524	801
524	552
524	42
524	33
524	634
524	807
524	528
524	666
524	13
524	643
524	50
524	25
524	612
525	40
525	30
525	15
525	42
525	13
525	544
525	513
526	15
526	817
526	815
526	56
526	874
527	814
527	4
527	810
527	13
527	56
528	42
528	13
528	50
528	56
528	11
529	802
529	15
529	532
529	535
529	42
529	13
529	11
529	727
530	41
530	15
530	863
530	20
531	813
531	52
532	802
532	622
532	727
533	4
533	30
533	15
533	37
533	57
533	874
534	812
534	42
535	40
535	802
535	532
535	547
535	13
536	41
536	15
537	40
537	4
537	9
537	15
537	42
537	13
537	44
537	521
537	538
538	15
538	42
538	535
538	13
538	53
538	867
539	2
539	21
539	15
539	552
539	42
539	547
539	863
539	13
539	52
539	44
539	867
539	1
539	16
540	15
540	42
540	45
540	863
541	13
542	550
542	561
542	57
543	805
543	561
543	57
544	42
544	512
544	13
544	513
545	4
545	49
545	9
545	57
545	857
545	513
545	11
546	800
546	15
546	480
547	863
547	867
547	56
548	800
548	15
548	480
548	852
549	4
549	800
549	15
549	57
549	480
549	852
550	558
550	876
550	15
550	560
550	561
550	12
550	866
550	863
550	57
550	556
550	553
551	15
551	57
552	2
552	15
552	42
552	57
553	805
553	561
554	862
554	805
554	816
554	559
554	557
554	555
554	550
554	15
554	560
554	561
554	552
554	37
554	856
554	863
554	57
554	551
554	52
555	15
555	863
555	57
555	52
556	15
556	863
556	57
556	52
556	553
557	15
557	863
557	57
558	15
558	863
558	57
559	15
559	57
560	561
561	805
561	57
562	15
562	52
562	20
563	808
563	52
566	565
567	4
567	30
567	530
567	138
567	140
567	15
567	135
567	151
567	569
567	16
568	41
568	808
568	92
568	863
568	567
568	20
569	15
569	54
570	41
570	808
570	92
570	87
570	20
571	41
571	530
571	634
571	603
571	610
572	530
572	15
572	852
573	41
573	808
573	572
573	20
574	4
574	97
575	41
575	808
575	92
575	87
575	20
576	30
576	530
576	15
577	41
577	808
577	576
577	20
578	530
578	15
578	562
578	20
579	41
579	808
579	578
579	20
580	808
580	581
580	530
580	563
580	15
580	562
580	582
580	20
581	41
581	808
581	580
581	20
582	4
582	30
582	15
583	41
583	808
583	92
583	87
583	20
584	20
585	808
585	563
585	584
585	583
585	863
585	20
586	808
586	563
586	583
586	87
586	863
586	20
587	41
587	808
587	116
587	20
588	814
588	596
588	4
588	597
588	595
588	634
588	13
588	50
588	56
588	11
590	806
590	547
591	814
591	84
591	801
591	42
591	634
592	594
592	42
592	634
592	807
592	598
593	596
593	814
593	4
593	594
593	591
593	607
593	597
593	806
593	810
593	590
593	801
593	592
593	547
593	595
593	634
593	807
593	13
593	588
593	643
593	50
593	720
593	612
593	598
593	509
593	56
593	11
594	2
594	15
594	42
594	846
594	720
594	598
594	1
595	13
596	13
596	50
596	598
597	547
597	56
598	589
599	814
599	41
599	749
599	680
599	750
599	42
599	709
599	634
599	609
599	88
599	20
599	608
599	753
600	814
600	4
600	138
600	135
600	42
600	151
600	863
600	629
600	847
601	634
602	814
602	42
602	634
602	863
602	711
603	814
603	41
603	680
603	724
603	42
603	849
603	712
603	634
603	88
603	628
603	659
604	814
604	714
604	42
604	634
604	863
604	52
605	814
605	680
605	42
605	716
605	634
605	863
605	20
605	608
607	814
607	41
607	4
607	680
607	84
607	570
607	735
607	636
607	42
607	634
607	622
607	92
607	863
607	643
607	609
607	88
607	20
607	711
607	659
608	814
608	41
608	680
608	84
608	724
608	42
608	634
608	20
609	814
609	41
609	680
609	20
610	814
610	41
610	680
610	724
610	42
610	601
610	608
611	814
611	42
611	634
611	601
611	629
612	814
612	627
612	863
612	13
613	618
613	720
613	725
614	814
614	680
614	757
614	42
614	759
614	634
614	20
614	608
616	645
616	13
616	16
617	645
617	13
617	16
620	814
620	41
620	632
620	726
620	42
620	634
620	92
620	629
620	603
620	25
620	628
620	659
618	814
618	42
618	619
618	720
619	814
619	601
619	629
619	720
621	814
621	781
621	84
621	775
621	696
621	42
621	849
621	780
621	634
621	782
621	779
621	738
621	20
623	814
623	680
623	42
623	634
623	601
623	729
623	20
623	608
624	814
624	730
624	800
624	42
624	666
624	629
625	814
625	731
625	750
625	42
625	629
625	771
625	753
626	643
626	610
626	623
627	606
628	814
628	42
628	634
628	601
628	629
629	84
629	634
630	814
630	42
630	629
631	814
631	812
631	42
631	629
632	814
632	42
632	629
633	814
633	42
633	629
634	814
634	678
634	41
634	621
634	685
634	647
634	714
634	4
634	812
634	749
634	618
634	599
634	658
634	644
634	654
634	605
634	680
634	84
634	627
634	655
634	635
634	650
634	607
634	750
634	732
634	90
634	626
634	800
634	632
634	657
634	801
634	42
634	95
634	759
634	807
634	601
634	631
634	639
634	624
634	646
634	666
634	649
634	620
634	13
634	656
634	643
634	637
634	603
634	619
634	720
634	625
634	610
634	604
634	88
634	648
634	82
634	20
634	614
634	651
634	623
634	608
634	6
634	652
634	509
634	653
634	633
634	85
634	16
634	83
634	638
634	613
634	600
635	814
635	680
635	42
635	734
635	87
635	20
635	608
636	4
636	735
636	622
636	847
637	814
637	42
637	95
637	863
637	629
638	814
638	42
638	95
638	863
638	629
639	814
639	680
639	740
639	789
639	786
639	42
639	736
639	660
639	634
639	20
639	661
640	4
640	97
640	863
640	847
640	615
643	814
643	5
643	4
643	84
643	810
643	524
643	33
643	634
643	13
643	619
643	847
643	720
643	612
643	771
642	41
642	4
642	618
642	84
642	627
642	607
642	632
642	641
642	634
642	601
642	620
642	13
642	643
642	619
642	603
642	720
644	814
644	42
644	634
644	737
645	814
645	42
645	634
645	863
645	13
645	738
645	612
645	16
646	814
646	680
646	42
646	95
646	20
646	608
647	814
647	723
647	42
647	629
647	16
648	814
648	680
648	42
648	95
648	87
648	863
648	20
648	608
649	814
649	680
649	42
649	95
649	863
649	20
649	608
650	814
650	680
650	42
650	95
650	87
650	863
650	20
650	608
651	814
651	739
651	680
651	750
651	42
651	634
651	20
651	608
651	753
652	814
652	84
652	741
652	732
652	42
652	634
653	814
653	42
653	634
653	742
654	814
654	42
654	634
654	744
654	6
655	645
655	13
655	16
656	814
656	745
656	680
656	42
656	634
656	20
656	608
657	814
657	746
657	611
657	602
657	42
657	634
657	601
657	629
657	711
658	814
658	748
658	800
658	42
658	666
658	629
659	814
659	41
659	680
659	724
659	42
659	608
661	783
661	786
663	800
663	662
663	863
663	666
664	666
666	814
666	800
666	15
666	863
666	857
666	615
665	666
667	666
668	666
669	800
669	863
669	666
670	666
671	814
671	800
671	546
671	666
672	814
672	800
672	548
672	666
673	800
673	666
674	666
675	666
676	814
676	800
676	666
676	549
677	680
678	680
679	680
680	814
680	41
680	808
680	4
680	524
680	15
680	849
680	863
680	857
680	20
681	680
682	680
684	680
683	680
685	680
686	814
686	41
686	680
686	567
686	20
687	814
687	41
687	680
687	811
687	20
688	680
689	680
690	680
691	680
692	680
693	680
694	814
694	41
694	687
694	20
695	814
695	41
695	687
695	20
696	814
696	775
696	15
696	42
696	863
696	857
696	615
696	1
697	814
697	775
697	696
697	779
698	814
698	775
698	696
698	780
699	680
699	775
699	696
700	814
700	775
700	696
700	782
701	863
702	554
702	819
702	706
702	550
702	560
702	799
702	827
702	866
702	57
702	705
702	708
702	707
702	704
702	809
703	819
703	680
703	696
703	831
703	702
703	666
703	643
703	661
704	550
704	701
704	866
704	708
705	4
705	805
705	9
705	813
705	799
705	701
706	862
706	701
706	856
706	863
707	808
707	4
707	805
707	813
707	701
707	809
708	866
709	41
709	749
709	710
709	750
709	42
709	752
709	20
709	751
710	802
710	15
710	532
710	42
710	547
710	867
711	42
711	720
712	41
712	724
712	15
712	42
712	547
712	867
713	15
713	42
713	547
713	867
714	30
714	15
714	42
714	37
714	16
715	41
715	4
715	2
715	30
715	861
715	607
715	735
715	15
715	722
715	552
715	42
715	846
715	622
715	756
715	867
715	1
715	727
718	15
718	42
718	716
718	720
718	0
716	854
716	15
716	42
716	718
716	20
719	2
719	15
719	547
719	846
719	867
719	1
720	15
720	42
720	547
720	867
721	42
722	607
722	15
722	754
722	42
722	547
722	756
722	721
722	755
722	659
723	2
723	15
723	1
723	16
724	41
724	15
724	42
724	720
725	2
725	30
725	15
725	42
725	846
725	720
725	6
725	1
726	15
726	42
726	720
726	25
726	867
727	516
727	769
727	15
727	42
727	622
728	15
728	722
728	42
728	622
728	867
729	15
729	42
729	720
729	52
729	20
729	852
730	30
730	800
730	15
730	42
731	750
731	15
731	42
731	547
731	878
731	877
731	863
731	13
731	44
731	867
731	1
731	852
732	2
732	30
732	731
732	15
732	552
732	42
732	846
732	1
732	852
733	15
733	726
733	42
734	731
734	750
734	15
734	42
734	547
734	863
734	13
734	539
734	20
734	753
734	44
734	852
735	622
735	717
736	710
736	853
736	42
736	855
736	20
737	30
737	15
737	42
737	849
737	547
737	863
737	13
737	539
737	44
737	852
738	2
738	15
738	552
738	42
738	547
738	13
738	44
738	56
738	1
738	16
739	30
739	731
739	750
739	15
739	42
739	863
739	20
739	848
740	802
740	789
740	15
740	532
740	42
740	790
740	547
740	787
740	867
741	2
741	15
741	846
741	56
741	1
742	15
742	42
742	718
743	15
743	622
743	727
744	30
744	15
744	42
745	30
745	15
745	42
745	720
745	20
746	30
746	15
746	42
746	547
746	863
746	52
746	715
746	711
746	867
746	852
747	2
747	15
747	817
747	719
747	863
747	52
747	526
747	1
748	30
748	800
748	15
748	42
748	852
749	750
749	15
749	20
750	15
751	749
751	750
751	15
751	20
752	41
752	750
752	15
752	20
752	751
753	750
753	15
754	680
754	607
754	15
754	756
754	755
754	659
755	659
756	607
756	15
757	854
757	15
757	760
757	42
757	547
757	759
757	20
757	867
758	859
758	759
760	15
760	52
760	20
761	762
761	759
763	15
765	41
765	30
765	15
765	768
765	42
765	634
765	763
765	720
764	774
764	4
764	773
764	42
764	634
764	807
764	772
764	763
764	765
764	509
767	766
767	15
767	42
767	634
767	718
766	4
766	767
766	42
766	634
766	807
766	509
768	15
768	765
769	15
770	814
770	42
770	634
770	807
770	771
771	618
771	2
771	30
771	861
771	15
771	42
771	37
771	496
771	846
771	619
771	720
771	1
772	773
772	30
772	15
772	817
772	37
772	496
772	634
772	863
772	16
773	41
773	774
773	618
773	769
773	15
773	42
773	634
773	807
773	622
773	772
773	720
773	727
774	41
774	4
774	773
774	42
774	634
774	807
774	622
774	772
774	509
775	2
775	42
776	775
776	42
776	512
776	13
777	775
777	42
777	547
777	867
778	2
778	15
778	42
778	777
778	1
779	15
779	42
779	778
780	15
780	42
780	778
781	15
781	42
781	780
781	778
781	20
782	15
782	42
782	777
782	1
783	15
783	786
783	20
784	791
784	792
785	784
785	789
786	789
787	784
787	791
787	788
787	789
787	785
787	790
788	789
791	792
792	791
793	795
793	15
793	58
793	797
794	15
794	58
795	15
795	58
796	30
796	15
796	794
796	42
796	793
796	797
797	15
797	58
798	13
799	4
799	9
800	15
801	814
801	42
801	634
803	15
806	56
807	42
807	634
808	41
808	20
809	808
809	4
810	814
810	4
810	13
810	56
812	42
814	4
814	801
814	42
814	634
814	807
814	666
814	13
814	643
814	25
814	612
815	15
816	57
817	15
817	815
818	5
818	4
818	508
818	43
818	827
818	863
818	14
818	844
819	766
819	820
819	774
819	4
819	826
819	84
819	519
819	640
819	607
819	593
819	813
819	632
819	806
819	810
819	641
819	590
819	97
819	827
819	818
819	634
819	807
819	601
819	866
819	863
819	772
819	620
819	51
819	643
819	665
819	52
819	615
819	764
820	615
821	615
822	615
823	523
823	5
823	4
823	13
823	615
824	5
824	4
824	33
824	863
824	13
824	615
825	4
825	831
825	45
825	827
825	860
825	882
826	805
826	827
826	866
826	51
827	837
827	4
827	805
827	138
827	9
827	813
827	42
827	37
827	839
827	863
827	13
827	225
827	227
827	57
827	52
827	537
827	509
828	4
828	842
828	841
828	97
828	827
828	840
829	133
831	819
831	824
831	820
831	674
831	830
831	680
831	109
831	696
831	669
831	663
831	698
831	697
831	818
831	671
831	666
831	834
831	835
831	643
831	700
831	811
831	833
831	882
831	661
831	699
831	16
831	823
832	830
832	863
833	832
834	5
834	4
834	150
834	13
834	44
835	5
835	4
835	138
835	42
835	863
835	13
835	847
835	11
836	5
836	4
836	145
836	863
836	13
836	139
836	847
836	44
837	813
838	137
839	805
840	812
840	842
840	42
841	814
841	84
841	86
841	842
841	735
841	42
841	863
841	717
842	735
842	15
842	42
842	17
842	720
842	717
843	863
845	97
845	634
845	863
845	643
846	2
846	15
846	1
847	808
847	4
847	805
847	813
847	33
847	863
847	13
847	57
847	20
850	871
850	870
851	40
851	15
851	42
851	13
852	4
852	805
852	30
852	813
852	15
852	34
852	37
852	29
852	33
852	13
852	57
852	36
852	847
852	27
852	32
852	16
853	15
853	863
853	20
854	4
854	15
854	57
854	20
855	15
855	863
855	20
856	862
856	805
856	863
857	37
857	863
857	57
860	4
860	45
860	97
860	547
860	863
860	51
860	882
860	884
860	509
860	764
861	30
861	37
861	496
861	863
863	52
865	805
865	863
866	863
867	56
868	482
876	866
879	880
880	865
880	805
880	863
880	857
881	4
881	680
881	883
881	655
881	849
881	634
881	643
881	603
881	625
881	612
881	884
882	495
882	55
882	863
882	643
882	52
882	642
883	599
883	644
883	655
883	635
883	634
883	639
883	863
883	603
883	612
883	610
883	651
883	628
883	659
883	600
884	618
884	883
884	655
884	630
884	634
884	863
884	643
884	625
884	612
884	881
885	883
885	634
885	863
885	643
885	625
885	612
885	881
