0	251 1 115 1 21 1 3 115 1 6 
1	153 1 2 0 3 4 4 4 3 4 3 4 3 4 3 0 3 4 3 0 565 3 252 3 168 3 252 3 6 0 39 1 3 4 3 4 0 16 7 3 4 2 0 5 0 0 7 2 0 129 0 2 0 5 0 7 5 0 8 6 2 0 0 0 2 0 0 8 6 123 1 210 1 0 0 0 0 0 1 
2	153 1 2 0 39 1 1 4 19 5 0 6 6 123 1 211 424 351 1 153 1 1 4 50 1 11 12 3 4 0 28 0 7 31 84 0 9 2 10 8 9 2 10 8 9 2 10 8 9 2 10 8 9 2 10 8 9 2 10 8 9 2 10 8 9 2 10 8 9 2 10 8 9 2 10 8 9 2 10 8 9 2 10 8 9 2 10 8 9 2 10 8 9 2 10 8 9 2 10 8 9 2 10 8 9 2 10 8 9 2 10 8 9 2 10 8 9 2 10 8 9 2 10 8 9 2 10 8 9 2 10 8 9 2 10 8 9 2 10 84 0 8 6 26 1 
3	251 1 115 1 21 1 6 425 1 0 1 
4	3 4 3 4 3 4 425 153 1 2 0 0 425 153 1 3 2 0 2 0 3 0 2 0 39 1 5 0 7 2 0 1 4 50 1 3 4 16 7 2 0 129 0 5 0 8 2 10 0 0 1 4 26 6 123 1 0 28 6 1 
5	3 4 3 4 133 1 352 3 353 3 2 0 2 0 0 2 0 0 39 1 11 12 1 4 19 0 0 19 7 3 4 211 28 5 0 0 0 0 7 6 0 6 1 
6	133 1 2 0 565 3 252 3 6 0 1 
7	566 133 1 2 0 39 1 1 4 19 5 0 6 2 0 190 6 0 1 
8	426 133 1 2 0 168 3 252 3 6 190 0 1 
9	1 4 1 4 226 1 1 2 0 0 115 1 160 1 2 89 0 0 251 1 115 1 21 1 1 4 1 17 0 5 0 7 2 0 0 6 427 0 0 36 1 6 0 0 1 
10	1 4 133 1 2 0 2 0 428 1 39 1 1 4 19 5 0 6 7 1 4 253 0 2 0 0 6 0 1 
11	3 4 3 4 4 4 4 3 4 3 4 3 4 428 2 0 3 0 2 0 567 2 0 2 0 82 3 5 0 0 0 7 3 4 3 0 0 11 12 3 4 0 0 0 2 0 0 0 0 2 0 0 2 0 0 0 36 1 6 210 1 0 0 3 6 0 3 6 0 3 52 3 31 0 0 9 6 9 6 0 0 212 0 9 6 429 3 3 4 3 4 0 16 7 5 0 0 6 0 5 212 0 8 2 0 2 0 16 7 16 7 5 0 0 6 0 5 212 0 8 2 0 2 0 2 0 16 7 5 0 0 6 0 5 212 0 8 2 0 2 0 3 3 4 11 12 0 0 0 0 0 5 212 0 6 6 3 213 3 5 0 0 6 5 0 0 0 0 6 6 212 0 3 52 3 5 0 0 212 0 212 0 212 0 6 7 3 4 0 0 5 0 0 0 6 6 3 130 1 3 4 28 3 4 0 0 5 0 0 6 11 12 3 4 0 0 0 5 0 0 0 84 0 6 2 0 0 0 6 130 1 3 4 28 3 4 0 11 12 3 4 0 0 0 2 0 0 0 84 0 2 0 0 0 2 0 227 130 1 5 286 2 287 0 5 0 0 7 5 37 2 0 5 37 2 287 5 0 0 2 0 5 37 7 5 286 2 0 5 37 37 7 2 0 0 5 37 2 287 5 37 2 287 5 37 2 287 5 0 7 3 4 0 0 5 0 0 0 2 0 5 286 0 2 287 5 37 7 2 0 0 2 0 5 0 0 6 31 0 0 9 5 37 7 2 76 8 5 37 7 2 76 8 8 9 5 37 7 2 76 8 5 37 7 2 76 8 8 9 5 37 7 2 76 8 8 9 5 37 7 2 76 8 5 37 7 2 76 8 5 37 7 2 76 8 5 37 7 2 76 8 5 37 7 2 76 8 8 9 5 37 7 2 76 8 5 37 7 2 76 8 5 37 7 2 76 8 8 9 5 37 7 2 76 8 5 37 7 2 76 8 5 37 7 2 76 8 5 37 7 2 76 8 8 9 5 37 7 2 76 8 5 37 7 2 76 8 5 37 7 2 76 8 8 9 5 37 7 2 76 8 31 0 0 9 5 37 7 2 76 8 5 37 7 2 76 8 5 37 7 2 76 8 8 9 5 37 7 2 76 8 8 9 5 37 7 2 76 8 5 37 7 2 76 8 8 9 5 37 7 2 76 8 8 5 0 0 6 31 0 0 9 5 37 8 6 9 5 37 8 5 37 8 6 9 5 37 8 6 9 5 37 8 6 9 5 37 8 5 37 8 6 9 5 37 8 5 37 8 5 37 8 5 37 8 6 9 5 37 0 0 0 0 0 8 5 37 8 6 9 5 37 8 6 9 5 37 8 5 37 8 6 9 5 37 8 6 9 5 37 8 6 9 5 37 8 6 9 6 5 286 2 0 0 2 0 0 5 0 0 7 3 4 286 5 0 0 0 2 0 5 0 0 0 286 2 0 288 1 130 1 5 253 28 6 26 6 0 288 3 3 6 253 0 0 288 3 3 142 3 3 2 254 5 0 0 7 3 4 3 0 0 2 0 0 11 12 3 4 0 0 0 2 0 0 0 0 0 2 0 0 6 253 288 3 3 3 6 253 0 0 288 3 6 253 288 3 3 2 0 0 2 0 0 5 0 0 7 2 2 2 2 2 2 5 0 0 2 0 2 0 0 6 0 568 569 1 1 4 428 1 11 12 3 4 0 0 0 7 20 1 4 1 0 0 3 4 3 3 4 4 4 2 0 129 0 2 0 2 254 16 7 5 0 0 2 0 0 0 7 2 0 129 0 2 0 5 0 2 0 2 0 0 0 5 3 0 7 2 24 190 3 0 7 2 253 2 430 26 2 254 5 0 8 7 2 430 3 0 2 15 29 38 2 179 0 0 
12	251 1 115 1 21 1 6 426 1 0 1 
13	1 4 1 4 289 2 0 354 0 289 191 1 2 0 0 289 191 1 2 0 354 0 289 1 2 0 355 0 289 570 1 2 0 355 0 251 1 115 1 21 1 6 255 1 426 1 0 0 1 
14	1 4 3 4 255 153 1 191 1 2 0 0 255 133 1 191 1 571 3 2 0 2 0 0 2 0 354 0 0 255 153 1 191 1 571 3 2 0 2 0 0 2 0 0 255 133 1 191 1 2 0 0 1 191 1 6 354 0 1 191 1 571 3 1 4 180 1 0 11 12 3 4 0 0 0 2 24 0 0 0 190 0 0 6 0 39 1 11 12 1 4 19 0 0 19 7 1 4 0 190 0 5 0 6 0 6 1 
15	3 4 123 356 1 111 3 134 3 2 0 0 2 0 0 2 0 0 123 356 1 111 3 134 3 1 2 0 0 2 0 0 2 0 0 2 0 0 3 5 0 14 45 1 0 2 0 0 3 6 0 357 1 6 0 572 3 6 0 573 3 6 0 214 1 6 0 36 1 1 4 50 1 2 10 0 0 0 5 32 2 10 0 5 0 2 10 0 2 10 6 26 
16	1 4 153 1 2 0 0 41 2 15 1 
17	1 4 574 574 153 1 2 0 0 41 2 15 1 
18	39 1 41 
19	251 1 115 1 21 1 6 575 1 0 1 
20	575 133 1 2 0 565 3 252 3 6 0 1 
21	1 1 1 4 180 1 1 4 20 2 0 1 0 2 0 355 0 5 0 2 15 6 0 1 21 1 1 4 180 1 1 4 20 5 0 1 7 2 0 1 0 7 2 0 1 0 1 4 16 0 7 2 24 5 0 2 15 6 0 1 1 1 4 290 1 11 12 1 4 59 57 7 1 4 1 19 2 89 0 0 6 0 
22	431 3 432 3 433 3 434 3 435 3 436 437 3 438 3 439 1 440 3 135 3 441 
23	256 3 4 256 227 1 2 0 0 431 3 5 0 0 2 576 6 0 0 577 3 4 0 0 2 0 3 3 4 3 0 2 112 0 0 0 2 0 0 2 112 0 0 0 0 2 0 0 2 0 0 2 0 2 129 0 0 0 0 5 0 14 53 1 2 0 0 438 3 2 0 0 6 154 436 437 3 2 0 0 439 1 6 210 1 0 0 0 0 440 3 135 3 3 4 3 0 2 112 0 0 0 0 0 6 0 441 20 2 15 29 38 2 179 0 3 6 0 0 3 6 432 3 6 0 0 433 3 6 434 3 6 0 0 435 3 6 1 
24	96 96 1 3 1 2 2 0 2 0 0 2 0 0 2 0 0 96 2 2 0 96 442 1 2 0 2 0 3 4 1 4 3 4 1 4 443 1 5 0 7 6 291 1 4 3 4 11 12 3 4 0 0 0 7 5 0 0 0 0 7 2 0 0 0 0 11 12 3 4 0 0 0 0 0 7 2 0 0 0 0 0 5 0 0 0 0 0 7 2 0 2 0 0 1 4 1 4 0 11 12 3 4 0 0 0 7 5 0 2 0 5 0 7 2 0 0 8 2 0 0 2 0 0 2 0 0 0 0 5 0 7 2 0 0 7 2 0 0 2 0 0 6 0 1 4 292 1 444 1 1 4 50 1 3 4 11 12 3 4 0 28 0 7 31 84 0 9 44 9 2 10 44 9 2 10 44 9 2 10 44 9 2 10 44 9 2 10 44 9 2 10 44 9 2 10 44 9 2 10 44 9 5 0 84 0 0 7 1 4 26 0 2 10 124 28 28 7 2 10 0 44 6 26 1 1 1 
25	1 4 1 4 0 293 2 0 293 191 1 2 0 0 293 191 1 2 0 354 0 293 570 1 2 0 355 0 293 570 1 2 0 355 0 251 1 115 1 21 1 1 4 358 1 0 2 0 578 1 0 2 0 566 1 0 2 0 255 1 0 0 6 0 1 
26	578 133 1 2 0 1 4 0 0 1 4 0 0 39 1 1 1 1 1 1 1 1 1 1 4 19 5 0 6 1 4 211 1 4 5 579 579 7 6 445 1 1 1 1 1 124 28 424 351 0 1 4 50 1 11 12 3 4 0 28 0 7 3 4 84 0 5 0 7 2 10 0 6 445 1 1 1 1 1 26 424 351 0 7 6 0 1 1 
27	358 358 21 1 2 256 1 0 2 0 0 39 1 1 1 1 1 1 4 31 0 97 0 9 2 0 33 0 8 9 2 0 33 0 8 9 2 0 33 0 8 9 2 0 33 0 8 9 2 0 33 0 8 9 2 0 33 0 8 9 2 0 33 0 8 9 2 0 33 0 8 9 2 0 33 8 9 2 0 0 2 33 14 96 1 5 0 0 7 7 5 6 7 7 5 6 445 1 1 1 1 1 0 0 0 0 0 14 294 1 1 4 1 4 4 3 4 3 4 3 4 3 3 4 2 2 0 3 358 169 1 2 0 446 1 0 2 0 123 1 2 0 2 0 11 12 3 4 0 0 2 0 0 229 169 1 2 359 0 2 0 123 1 2 0 2 0 11 12 3 4 0 0 2 0 0 358 447 1 2 0 0 2 0 123 1 2 0 2 0 11 12 3 4 0 0 2 0 0 229 447 1 2 0 0 2 0 123 1 2 0 2 0 11 12 3 4 0 0 2 0 0 1 230 3 1 4 5 0 0 2 0 0 2 0 0 215 2 0 5 0 0 7 2 0 6 0 2 0 0 2 0 0 14 448 1 5 0 2 0 0 2 0 0 215 2 0 2 0 6 0 1 192 3 1 4 0 11 12 3 4 0 0 0 7 5 0 2 0 0 2 0 0 215 6 0 3 5 0 0 6 0 0 215 6 0 0 1 1 1 4 1 1 1 3 4 3 4 1 2 3 4 3 11 12 3 4 0 0 7 2 0 0 5 0 7 2 0 0 2 0 11 12 3 4 0 0 7 5 0 0 0 7 11 12 3 4 0 0 7 5 0 0 0 7 2 0 0 11 12 3 4 0 0 7 5 0 0 7 2 0 3 2 0 0 2 113 0 3 4 3 13 11 12 3 4 0 13 0 7 2 0 0 3 42 0 6 96 1 0 0 0 1 1 1 1 1 1 
28	3 4 3 4 3 4 3 4 3 4 3 4 3 4 3 4 3 4 3 4 3 4 3 4 3 4 3 4 3 4 3 4 3 4 1 4 
29	446 1 1 1 4 0 1 1 1 2 0 0 3 6 360 3 5 0 0 0 7 2 0 0 0 2 0 0 0 111 3 134 3 46 0 0 7 2 0 0 0 0 3 3 2 35 0 2 35 0 449 111 3 134 3 46 0 0 7 2 35 0 0 449 111 3 2 35 0 0 2 35 0 0 3 4 3 4 3 4 3 4 3 4 3 4 3 4 3 4 3 4 3 4 3 4 3 4 3 4 3 4 3 4 3 4 3 4 3 361 3 362 3 3 4 3 4 2 0 3 4 2 0 0 3 4 4 11 12 7 5 0 2 257 5 0 7 3 4 0 46 0 0 7 31 0 0 9 5 0 7 5 0 2 0 2 56 5 0 2 56 5 0 2 56 8 9 5 0 2 56 8 9 5 0 2 18 8 9 5 0 2 18 8 9 5 0 2 35 8 9 5 0 8 5 0 2 0 2 35 8 9 5 0 2 18 8 9 5 0 2 18 8 9 5 0 2 35 8 9 5 0 2 18 8 9 5 0 2 18 8 9 5 0 2 18 8 9 5 0 8 5 0 2 0 2 18 8 9 5 0 2 18 8 9 5 0 2 18 8 9 5 0 2 35 8 9 5 0 2 18 8 9 5 0 2 18 8 9 5 0 2 18 8 9 5 0 2 18 8 9 5 0 2 35 8 9 5 0 8 5 0 2 0 2 18 8 9 5 0 2 56 8 9 5 0 8 5 0 2 0 2 56 8 9 5 0 8 5 0 2 0 2 35 8 9 5 0 2 56 8 9 5 0 2 35 8 9 5 0 2 56 8 9 5 0 2 18 8 9 5 0 2 35 8 9 5 0 8 5 0 2 0 2 18 8 9 5 0 2 18 8 9 5 0 2 35 8 9 5 0 8 5 0 2 0 2 18 8 9 5 0 2 18 8 9 5 0 2 18 8 9 5 0 2 18 8 9 5 0 8 5 0 2 0 2 35 8 9 5 0 2 18 8 9 5 0 2 18 8 9 5 0 2 18 8 9 5 0 2 18 8 9 5 0 2 35 8 9 5 0 8 5 0 2 0 2 18 8 9 5 0 2 18 8 9 5 0 2 18 8 9 5 0 2 18 8 9 5 0 2 18 8 9 5 0 2 35 8 9 5 0 2 18 8 9 5 0 2 18 8 9 5 0 2 18 8 9 5 0 8 5 0 2 0 2 18 8 9 5 0 2 0 0 8 9 5 0 2 35 8 9 5 0 8 5 0 2 0 2 35 8 9 5 0 2 0 0 8 9 8 5 0 7 3 4 0 46 0 0 7 31 0 0 9 5 0 2 56 5 0 7 5 0 2 0 2 56 5 0 2 56 8 9 5 0 2 56 8 9 5 0 2 18 8 9 5 0 2 102 8 9 5 0 2 35 8 9 5 0 8 5 0 2 0 2 35 8 9 5 0 2 18 8 9 5 0 2 18 8 9 5 0 2 35 8 9 5 0 2 18 8 9 5 0 2 18 8 9 5 0 2 18 8 9 5 0 8 5 0 2 0 2 18 8 9 5 0 2 18 8 9 5 0 2 102 8 9 5 0 2 35 8 9 5 0 2 18 8 9 5 0 2 18 8 9 5 0 2 18 8 9 5 0 2 102 8 9 5 0 2 35 8 9 5 0 8 5 0 2 0 2 18 8 9 5 0 8 5 0 2 0 2 56 8 9 5 0 8 5 0 2 0 2 35 8 9 5 0 2 56 8 9 5 0 2 35 8 9 5 0 2 56 8 9 5 0 2 35 8 9 5 0 2 18 8 9 5 0 8 5 0 2 0 2 18 8 9 5 0 2 18 8 9 5 0 8 5 0 2 0 2 18 8 9 5 0 2 18 8 9 5 0 2 18 8 9 5 0 2 18 8 9 5 0 8 5 0 2 0 2 0 0 8 9 5 0 2 18 8 9 5 0 2 18 8 9 5 0 2 18 8 9 5 0 2 102 8 9 5 0 2 35 8 9 5 0 8 5 0 2 0 2 18 8 9 5 0 2 18 8 9 5 0 2 18 8 9 5 0 2 18 8 9 5 0 2 18 8 9 5 0 2 35 8 9 5 0 2 18 8 9 5 0 2 18 8 9 5 0 2 18 8 9 5 0 8 5 0 2 0 2 18 8 9 5 0 2 56 8 9 5 0 2 18 8 9 5 0 8 5 0 2 0 2 18 8 9 5 0 2 18 8 9 5 0 2 102 8 9 5 0 2 18 8 9 5 0 2 35 8 9 5 0 8 5 0 2 0 2 35 8 9 8 7 3 4 3 0 3 4 0 3 4 0 3 4 0 3 4 0 46 0 0 7 31 0 0 9 5 193 0 0 0 0 0 7 5 0 2 0 5 0 0 0 0 0 7 5 0 2 0 5 77 0 0 0 0 0 2 56 5 181 0 0 0 0 0 2 56 5 125 0 0 0 0 0 7 5 0 2 0 2 56 5 77 0 0 0 0 0 2 56 8 9 5 0 0 0 0 0 0 2 0 8 9 5 77 0 0 0 0 0 2 56 8 9 5 77 0 0 0 0 0 2 18 8 9 5 181 0 0 0 0 0 2 18 8 9 5 77 0 0 0 0 0 2 18 8 9 5 125 0 0 0 0 0 8 5 0 2 0 2 0 0 8 9 5 77 0 0 0 0 0 2 18 8 9 5 181 0 0 0 0 0 2 18 8 9 5 77 0 0 0 0 0 2 18 8 9 5 125 0 0 0 0 0 2 102 8 9 5 77 0 0 0 0 0 2 102 8 9 5 181 0 0 0 0 0 8 5 0 2 0 2 18 8 9 5 77 0 0 0 0 0 8 5 0 2 0 2 18 8 9 5 77 0 0 0 0 0 2 18 8 9 5 181 0 0 0 0 0 2 18 8 9 5 77 0 0 0 0 0 2 18 8 9 5 125 0 0 0 0 0 2 18 8 9 5 77 0 0 0 0 0 2 102 8 9 5 181 0 0 0 0 0 2 18 8 9 5 77 0 0 0 0 0 2 18 8 9 5 125 0 0 0 0 0 8 5 0 2 0 2 18 8 9 5 181 0 0 0 0 0 2 56 8 9 5 125 0 0 0 0 0 8 5 0 2 0 2 56 8 9 5 125 0 0 0 0 0 8 5 0 2 0 2 35 8 9 5 125 0 0 0 0 0 2 56 8 9 5 125 0 0 0 0 0 2 56 8 9 5 125 0 0 0 0 0 2 18 8 9 5 125 0 0 0 0 0 8 5 0 2 0 2 18 8 9 5 125 0 0 0 0 0 2 18 8 9 5 125 0 0 0 0 0 8 5 0 2 0 2 18 8 9 5 125 0 0 0 0 0 2 18 8 9 5 77 0 0 0 0 0 2 102 8 9 5 181 0 0 0 0 0 8 5 0 2 0 2 35 8 9 5 77 0 0 0 0 0 8 5 0 2 0 2 35 8 9 5 125 0 0 0 0 0 2 18 8 9 5 77 0 0 0 0 0 2 102 8 9 5 181 0 0 0 0 0 2 18 8 9 5 77 0 0 0 0 0 2 18 8 9 5 125 0 0 0 0 0 8 5 0 2 0 2 18 8 9 5 125 0 0 0 0 0 2 18 8 9 5 77 0 0 0 0 0 2 102 8 9 5 181 0 0 0 0 0 2 18 8 9 5 77 0 0 0 0 0 2 18 8 9 5 125 0 0 0 0 0 2 102 8 9 5 77 0 0 0 0 0 2 102 8 9 5 181 0 0 0 0 0 8 5 0 2 0 2 18 8 9 5 77 0 0 0 0 0 8 5 0 2 0 2 18 8 9 5 77 0 0 0 0 0 2 56 8 9 5 77 0 0 0 0 0 2 18 8 9 5 77 0 0 0 0 0 8 5 0 2 0 2 18 8 9 5 77 0 0 0 0 0 2 18 8 9 5 77 0 0 0 0 0 2 102 8 9 5 77 0 0 0 0 0 2 18 8 9 5 77 0 0 0 0 0 8 5 0 2 0 2 0 0 8 9 8 5 0 7 2 0 0 2 0 0 2 0 2 0 5 0 0 0 0 0 6 0 20 2 0 154 29 38 6 0 3 4 3 295 3 296 3 297 3 298 3 299 3 31 0 9 6 0 0 0 9 6 0 0 0 9 6 0 0 0 9 6 0 0 0 9 5 0 0 0 6 6 3 295 3 296 3 297 3 298 3 299 3 31 0 9 6 0 0 0 9 5 0 0 0 6 6 3 295 3 296 3 297 3 298 3 299 3 31 0 9 6 0 0 0 9 5 0 0 0 6 6 3 295 3 296 3 297 3 298 3 299 3 31 0 9 6 0 0 0 9 6 0 0 0 9 6 0 0 0 9 6 0 0 0 9 6 0 0 0 9 5 0 0 0 5 0 0 0 6 6 6 3 295 3 296 3 297 3 298 3 299 3 31 0 9 6 0 0 0 9 6 0 0 0 9 5 0 0 0 6 6 1 4 1 4 3 4 3 4 1 4 3 4 3 3 4 3 3 4 446 169 1 2 0 0 446 169 1 194 3 2 0 2 450 0 229 169 1 2 0 0 2 0 0 2 0 0 2 257 3 4 2 0 11 12 0 0 2 0 0 229 169 1 194 3 2 359 0 2 450 0 194 3 5 0 0 14 170 1 0 0 2 0 0 1 1 4 0 2 0 0 1 4 0 0 2 0 0 300 0 2 0 2 0 2 0 451 2 0 452 6 0 3 4 3 4 3 4 3 4 3 4 3 4 448 1 3 4 1 4 1 4 3 4 11 12 7 20 2 0 29 38 2 0 2 0 453 6 0 2 0 2 0 2 0 5 0 0 7 2 0 5 0 7 5 0 0 2 301 0 0 5 0 0 0 7 2 0 453 6 0 7 44 3 4 451 3 4 452 1 4 3 4 20 2 154 2 301 29 2 0 2 0 0 300 5 0 0 7 2 0 2 0 2 0 5 0 7 2 301 2 0 0 300 14 170 1 0 0 0 0 0 0 0 1 
30	123 3 4 3 4 4 4 4 1 4 1 4 1 4 36 1 6 0 1 3 31 0 9 6 123 1 
31	170 3 4 3 4 3 4 3 4 3 4 1 444 1 1 4 50 1 3 4 11 12 3 4 0 28 0 7 31 84 0 9 44 9 2 10 44 9 2 10 44 9 2 10 44 9 2 10 44 9 2 10 44 9 2 10 44 9 2 10 44 9 2 10 44 9 5 0 84 0 0 7 1 4 26 0 2 10 124 28 28 7 2 10 0 44 6 26 1 454 3 194 3 455 3 456 3 457 1 458 3 6 0 0 0 459 302 0 3 0 459 0 443 1 6 291 170 170 442 1 460 3 2 0 2 0 0 170 454 3 194 3 455 3 456 3 457 1 458 3 460 3 2 0 0 0 0 0 0 0 1 
32	3 4 26 28 0 1 6 1 3 4 3 0 3 4 0 0 11 12 3 4 0 0 0 2 0 0 0 6 210 1 0 1 1 6 1 3 5 0 14 90 1 0 1 4 26 0 0 5 28 0 14 90 1 0 0 5 28 0 7 1 4 50 1 0 16 28 0 2 195 2 0 26 6 0 3 130 1 6 0 0 1 130 1 6 1 0 
33	1 4 91 1 3 4 461 580 462 3 2 0 0 463 3 6 0 82 22 1 2 24 0 30 1 1 4 59 16 57 7 1 4 1 19 5 182 32 0 7 2 216 6 30 1 1 4 59 16 57 7 1 4 1 19 5 182 32 0 7 2 216 155 1 30 1 11 12 3 4 0 13 0 7 1 4 1 17 0 5 182 32 0 6 0 6 196 1 30 1 11 12 3 4 0 13 0 7 1 4 1 17 0 5 182 32 0 258 6 259 6 143 1 6 1 0 581 1 30 1 1 4 92 1 11 12 3 4 0 13 0 7 1 4 1 17 0 5 182 32 0 7 2 24 0 5 13 6 6 1 144 1 13 1 30 1 1 4 92 1 11 12 3 4 0 13 0 7 1 4 1 17 0 5 182 32 0 258 2 24 259 5 13 6 6 1 144 1 13 3 30 1 1 4 92 1 11 12 3 4 0 13 0 7 1 4 1 17 0 5 182 32 0 258 2 24 464 5 13 6 6 3 144 3 13 3 30 1 11 12 3 4 0 13 0 7 1 4 1 17 0 5 182 32 0 258 6 464 6 36 1 1 4 50 1 2 10 11 12 3 4 0 13 0 7 1 4 1 17 0 2 10 26 5 0 13 2 10 2 10 6 26 1 1 1 
34	1 4 1 4 3 4 3 4 3 4 3 4 3 4 3 4 3 4 3 4 3 4 3 4 363 363 30 1 2 0 1 4 363 1 1 4 363 1 1 4 363 1 1 1 303 303 30 1 2 0 1 4 303 1 1 4 303 1 1 4 303 1 1 4 303 1 1 1 260 260 30 1 2 0 1 4 260 1 1 4 260 1 1 4 260 1 1 4 260 1 1 4 260 1 1 1 580 462 3 2 0 0 463 3 6 0 30 1 6 0 1 6 0 1 1 0 1 6 0 1 1 0 3 6 0 3 3 0 231 30 1 131 1 304 1 192 1 2 0 0 0 0 0 231 30 1 131 1 304 1 192 1 582 1 5 0 14 261 1 5 0 14 261 1 5 28 28 14 45 1 5 0 0 0 0 14 45 1 5 0 0 0 0 14 45 1 2 0 0 5 0 0 7 2 0 2 0 5 0 0 7 2 0 2 0 5 0 0 7 2 0 2 0 14 45 1 0 5 0 0 7 2 0 2 0 5 0 0 7 2 0 2 0 5 0 0 7 2 0 2 0 5 0 0 7 2 0 2 0 2 0 7 14 45 1 0 2 0 2 583 0 231 30 1 21 1 2 0 0 0 231 30 1 21 1 582 1 5 0 14 261 1 5 0 14 261 1 2 0 0 2 0 2 0 2 0 2 0 2 0 2 583 0 231 30 1 131 3 304 1 5 0 14 45 1 5 0 14 45 1 2 0 85 2 0 0 5 0 0 7 2 0 2 0 5 0 0 7 2 0 2 0 5 0 0 14 45 1 14 45 1 0 2 0 2 0 2 0 2 583 0 582 1 5 0 0 7 2 0 2 0 2 0 5 0 0 7 2 0 2 0 2 0 5 0 0 7 2 0 2 0 2 0 5 0 0 7 2 0 2 0 2 0 5 0 0 7 2 0 2 0 2 0 7 14 45 1 0 3 6 0 262 3 6 0 3 6 0 3 6 0 3 6 0 3 6 0 3 6 0 3 6 0 3 6 0 465 3 2 0 0 36 1 1 4 50 1 5 0 7 2 10 5 0 2 10 2 10 5 0 7 5 28 2 10 2 10 5 0 7 5 28 2 10 2 10 5 0 7 5 28 2 10 2 10 5 0 7 5 28 2 10 2 10 5 0 7 5 28 2 10 2 10 5 0 7 5 28 2 10 2 10 5 0 7 2 10 2 10 2 10 0 2 10 5 0 7 2 10 0 2 10 6 26 1 
35	467 3 4 3 4 1 4 1 4 1 4 1 4 226 1 466 183 1 30 1 2 0 0 2 0 0 3 4 20 2 0 116 0 3 4 64 1 4 11 12 3 4 0 0 0 7 3 4 468 1 4 469 5 0 7 2 0 0 0 2 0 467 1 2 0 0 2 89 0 0 5 0 7 2 0 28 0 2 0 5 0 0 7 20 2 15 29 38 364 1 6 0 1 6 0 41 5 0 14 53 1 2 263 2 15 2 0 365 1 1 5 0 14 53 1 1 4 1 17 0 5 0 14 53 1 0 6 584 1 0 0 0 470 1 1 4 1 13 6 1 144 0 471 3 30 1 6 0 366 3 30 1 6 585 0 472 30 1 2 0 473 30 1 14 86 1 474 475 1 476 1 14 86 1 477 3 30 1 1 4 1 17 0 5 0 14 53 1 0 6 0 478 1 30 1 14 86 1 479 1 30 1 14 86 1 584 1 4 3 4 3 4 584 1 3 126 3 2 0 0 2 0 0 2 0 0 480 78 3 142 3 135 3 62 0 3 4 93 5 0 0 0 14 53 1 2 49 0 0 2 264 0 0 0 481 103 3 41 126 3 6 0 1 1 
36	467 1 4 3 4 3 4 1 4 1 4 1 4 1 4 3 4 586 183 1 30 1 5 0 14 261 1 5 0 14 261 1 2 0 0 2 0 0 2 0 180 1 2 0 587 1 364 1 6 0 1 6 0 482 1 5 0 14 171 1 5 0 14 261 1 5 24 0 14 45 1 0 1 4 467 1 2 0 0 2 24 0 41 5 0 14 171 1 5 14 171 1 2 0 1 4 20 2 0 114 0 2 117 13 1 4 59 16 57 7 1 4 1 19 2 0 93 2 367 0 3 4 3 2 0 59 16 57 7 1 4 1 19 2 0 93 2 0 0 0 2 0 59 16 57 7 1 4 1 19 2 49 0 2 483 0 1 4 0 2 0 2 15 5 0 20 2 15 29 38 1 1 3 1 4 20 3 4 93 2 0 116 0 3 4 28 3 4 0 3 4 0 16 0 7 3 4 3 136 0 0 2 264 0 0 2 305 0 0 2 0 0 5 0 14 53 1 0 0 0 0 3 4 93 3 4 0 0 5 0 0 14 53 1 0 0 5 0 2 15 
37	1 4 1 4 1 4 1 4 3 4 3 4 0 1 4 484 65 1 160 1 127 1 588 3 2 0 0 2 0 0 2 0 0 2 0 0 484 65 1 160 1 1 2 0 0 2 0 0 2 0 98 2 0 2 0 306 197 1 25 1 2 0 368 1 2 24 0 2 184 0 0 1 4 485 1 0 0 0 20 2 265 0 2 15 2 0 23 2 0 1 4 2 0 0 2 0 1 4 290 1 3 4 3 4 3 4 3 4 25 1 1 4 369 16 198 7 1 4 1 199 1 4 182 3 4 589 0 5 0 2 0 0 5 7 1 4 259 5 590 7 2 486 0 0 0 307 1 0 0 28 7 2 486 0 0 0 2 0 28 2 0 7 5 2 0 5 259 2 0 370 1 259 14 45 1 1 4 427 0 0 20 1 4 11 12 1 4 19 0 0 19 7 2 0 487 5 590 2 486 0 211 0 307 1 0 424 0 351 2 486 0 211 0 2 0 0 5 0 0 7 5 0 2 179 0 8 5 0 2 0 351 2 15 2 0 0 23 2 0 0 0 22 1 356 1 266 3 142 1 2 69 0 0 1 4 1 17 0 3 4 0 3 4 0 2 0 0 0 0 2 0 0 5 0 7 5 0 0 7 1 4 1 0 1 4 0 11 12 3 4 0 0 0 7 2 0 0 0 0 2 0 0 2 0 0 0 1 4 79 1 0 0 2 89 0 1 0 0 0 1 1 4 1 13 1 4 488 11 12 3 4 198 0 2 0 0 1 199 2 591 0 0 6 0 1 3 3 5 0 0 6 3 4 0 0 5 0 0 0 73 0 0 0 7 1 4 0 0 2 0 0 0 0 2 0 0 0 5 0 0 0 73 0 0 0 7 1 4 0 0 2 0 0 0 0 2 0 0 0 5 0 0 0 73 0 0 0 7 1 4 0 0 2 0 0 0 0 2 0 0 0 3 4 0 3 4 0 5 0 0 6 1 4 0 0 0 11 12 7 16 0 0 0 73 0 2 0 16 0 0 0 0 0 73 0 2 0 5 0 0 7 1 4 0 0 2 0 0 0 0 2 0 0 0 2 0 7 8 2 591 0 0 0 2 591 0 0 0 1 197 1 1 4 4 1 4 1 4 20 2 0 114 0 2 0 114 0 2 0 308 1 0 0 0 0 1 4 217 1 1 4 11 12 3 4 0 0 0 7 1 4 0 0 2 69 93 93 2 24 0 0 3 4 0 3 4 0 3 4 0 0 2 117 0 0 2 0 0 1 4 47 5 0 0 7 2 0 0 1 4 132 0 5 0 7 5 0 7 2 0 489 1 0 0 0 2 2 490 0 5 0 7 2 371 5 0 491 7 2 54 0 0 0 5 0 2 492 1 4 5 0 20 2 15 29 38 5 0 2 0 0 5 0 20 2 15 29 38 5 0 2 0 0 5 0 20 2 15 29 38 5 0 2 0 0 5 0 20 2 15 29 38 5 0 2 0 0 5 0 14 1 592 197 1 11 12 3 4 0 13 0 7 1 4 132 0 5 0 0 7 3 4 0 0 0 0 0 1 4 114 0 0 20 2 118 593 0 2 15 594 595 1 2 0 0 1 4 172 1 266 3 142 1 2 0 0 2 0 2 0 3 2 0 0 5 0 7 2 0 1 2 0 0 2 0 
38	1 4 3 4 3 4 3 4 3 4 3 4 596 1 3 3 372 3 267 3 268 3 465 3 2 0 0 2 0 0 2 0 0 2 0 0 2 0 0 2 0 0 2 0 0 
39	3 4 3 4 3 4 3 4 3 4 1 4 92 1 1 4 226 1 368 368 200 1 30 1 1 4 116 0 20 2 129 0 2 15 82 25 1 1 4 369 16 198 7 1 4 1 199 2 24 182 590 597 1 3 267 3 268 3 1 4 59 16 57 7 2 24 1 19 0 0 0 82 597 1 262 3 1 4 59 16 57 7 2 24 1 19 0 82 30 1 262 3 2 24 0 0 82 30 1 262 3 372 3 2 24 0 0 0 82 30 1 262 3 372 3 267 3 268 3 2 24 0 0 0 0 0 82 30 1 262 3 372 3 267 3 268 3 465 3 1 4 132 0 5 0 7 2 0 0 0 0 0 0 7 5 0 0 7 5 0 0 7 5 0 0 7 5 0 0 7 5 0 0 7 30 1 262 3 372 3 267 3 268 3 465 3 1 4 596 1 0 0 13 0 0 0 0 2 24 0 2 89 0 0 493 3 115 1 20 1 4 132 0 5 0 6 0 29 6 6 1 115 1 6 1 17 0 115 1 493 3 20 6 132 0 0 29 6 1 493 3 20 6 1 17 0 29 6 99 3 6 13 3 3 4 11 12 3 4 0 13 0 7 5 132 0 0 7 2 0 8 6 0 494 200 1 30 1 1 4 114 0 20 2 184 0 2 15 494 1 2 117 13 11 12 3 4 0 13 0 7 1 4 132 0 3 4 5 0 2 0 0 5 0 2 0 0 5 0 2 0 0 5 0 2 0 0 5 0 2 0 0 2 367 0 2 118 0 201 153 1 11 12 3 4 0 0 0 7 1 4 469 85 3 4 137 3 4 0 0 3 4 0 0 3 4 0 0 3 4 0 0 3 4 0 0 2 0 0 0 0 0 0 
40	1 4 1 4 1 4 3 4 598 200 1 197 1 1 2 0 0 2 0 116 0 2 0 116 0 2 0 3 28 41 2 15 2 15 99 3 6 0 25 1 51 3 2 49 0 3 4 468 2 49 0 1 4 461 1 3 4 64 11 12 3 4 0 0 0 7 3 4 64 1 4 132 0 3 4 137 3 4 0 0 3 4 0 0 5 0 0 7 3 4 3 64 2 264 0 0 5 0 2 24 231 1 0 0 0 2 24 231 1 0 0 0 7 1 1 4 1 1 4 0 5 0 0 2 0 0 5 0 0 2 0 0 2 0 0 1 1 4 5 0 7 5 0 7 5 0 7 2 0 0 7 2 0 0 5 0 7 2 0 0 7 2 0 0 7 2 0 0 5 0 7 2 0 0 3 4 3 64 2 264 0 0 2 0 2 0 2 0 2 0 2 24 0 7 2 0 2 0 2 0 2 0 2 24 0 6 0 3 153 3 1 4 1 2 0 1 4 1 0 3 4 3 16 7 20 3 4 0 2 184 0 0 29 38 1 4 53 1 26 2 599 0 14 0 2 104 6 
41	3 4 3 4 3 4 1 4 1 4 1 4 485 200 1 197 1 1 2 0 0 2 0 114 0 2 0 114 0 41 2 15 2 15 306 25 1 2 483 93 3 4 1 4 369 16 198 7 1 4 1 199 5 2 0 2 117 0 2 0 369 16 198 7 1 4 1 199 5 7 2 117 589 182 3 4 5 2 0 0 5 258 2 0 0 5 2 0 0 2 118 0 5 7 3 4 5 258 7 2 0 464 7 2 0 259 3 4 0 2 117 0 2 305 0 0 7 5 258 7 3 4 464 3 4 0 2 117 0 2 305 0 0 7 2 367 259 3 153 3 1 4 1 2 0 2 0 2 1 4 1 0 3 4 3 16 7 3 4 0 2 184 0 0 2 104 6 
42	1 4 133 1 2 0 0 94 34 1 2 49 0 94 309 1 2 49 0 25 3 6 27 161 3 6 218 39 3 6 19 201 3 310 3 311 3 6 129 0 0 70 3 52 3 6 80 0 41 2 15 1 133 1 2 0 269 3 6 1 0 1 1 1 4 133 1 2 0 0 39 3 6 19 34 1 6 66 105 3 6 138 41 2 15 1 1 4 133 1 2 139 2 0 0 373 1 312 3 6 0 374 1 312 3 22 1 6 495 0 0 232 3 6 313 173 3 6 71 375 1 51 3 6 496 0 376 3 51 3 6 314 0 315 3 6 316 377 2 378 3 22 1 6 317 0 145 3 156 1 6 119 0 145 156 1 600 3 142 3 2 119 0 0 0 379 200 3 156 1 78 3 2 0 0 0 58 1 6 108 58 1 172 1 6 108 0 105 3 172 1 6 138 0 202 1 6 146 233 1 6 219 380 51 3 2 601 0 381 2 602 382 2 15 383 1 603 1 1 6 203 0 604 3 6 384 3 6 1 
43	3 183 1 30 1 11 12 3 4 0 0 0 7 5 579 0 0 6 5 32 0 6 5 32 0 6 5 6 6 1 
44	1 4 1 4 1 4 1 1 4 1 1 4 1 
45	1 4 1 4 1 4 1 4 3 4 1 4 3 4 3 4 0 3 4 0 3 4 0 497 65 1 160 1 174 3 2 204 0 0 0 497 1 160 1 174 3 1 4 162 0 0 2 204 0 0 0 497 482 1 160 1 174 3 1 4 162 0 0 2 204 0 0 0 385 65 1 160 1 174 3 2 0 0 62 0 2 0 0 2 0 270 1 0 0 0 2 0 5 0 7 14 171 1 5 0 7 5 0 7 2 15 2 0 2 0 270 1 0 0 2 605 0 2 0 2 0 2 0 2 0 5 0 7 5 0 7 2 15 2 0 2 0 318 0 606 62 0 2 140 5 0 7 2 15 2 0 2 234 7 2 15 2 0 2 607 306 25 1 1 62 0 2 140 2 234 5 0 2 265 0 0 2 265 0 306 25 1 2 265 0 3 34 1 62 0 2 140 2 607 6 0 319 3 62 0 2 140 2 607 2 601 0 608 3 62 0 2 140 5 0 7 6 7 6 313 62 0 2 140 2 234 2 594 595 1 62 0 2 140 5 0 7 2 605 0 2 0 0 1 62 0 2 140 2 234 6 3 62 0 2 140 5 0 7 2 0 2 0 0 3 62 0 2 140 2 234 6 588 3 62 0 2 140 5 0 7 2 0 2 0 0 3 62 0 2 140 2 234 6 3 62 0 2 140 5 0 7 2 0 2 0 0 3 62 0 2 140 2 234 6 3 62 0 2 140 5 0 7 2 0 2 0 0 3 62 0 2 140 2 234 6 41 62 0 5 0 14 171 1 5 0 7 2 15 2 0 7 2 15 2 0 2 0 36 1 6 0 
46	175 1 4 175 175 1 2 0 0 36 1 6 0 1 4 175 1 1 4 175 1 1 4 175 1 1 4 175 1 1 4 175 1 1 4 175 1 1 4 175 1 1 4 175 1 1 4 175 1 609 65 1 2 0 0 609 65 1 1 498 3 2 204 0 0 0 385 65 1 1 498 3 3 2 0 0 2 0 0 2 0 0 2 0 0 1 4 3 4 3 4 1 4 1 4 3 4 3 4 499 1 220 1 6 318 162 0 499 1 220 1 6 318 162 0 499 1 65 1 6 318 0 499 1 65 1 498 3 6 1 205 271 1 1 147 0 0 235 1 1 4 610 1 2 129 0 6 17 0 163 0 1 4 1 13 11 12 3 4 0 13 0 2 0 0 17 163 0 6 500 1 0 0 0 0 65 1 6 0 611 3 65 1 6 612 106 1 0 611 3 65 1 6 585 0 0 611 3 65 1 6 585 0 613 3 65 1 6 106 1 0 613 3 65 1 1 4 162 0 3 4 0 2 15 6 0 613 3 65 1 1 4 147 0 3 4 20 2 0 386 0 6 614 0 5 0 7 2 320 604 3 6 384 3 1 4 147 0 3 4 20 2 0 386 0 6 614 0 384 5 0 7 2 320 373 1 312 3 374 1 312 3 22 1 615 3 65 1 6 106 236 1 0 0 615 3 65 1 6 106 236 1 0 0 615 3 65 1 6 164 0 232 3 173 3 375 1 51 3 376 3 51 3 315 3 378 3 22 1 6 119 0 145 3 22 1 145 22 1 600 3 142 3 25 3 22 1 131 3 5 0 2 616 2 0 0 0 2 0 379 25 3 22 1 131 3 25 3 22 1 131 3 2 0 0 593 0 58 1 58 1 172 1 105 3 172 1 202 1 34 1 1 4 146 2 49 0 6 0 202 1 233 1 34 1 1 4 219 2 49 0 6 0 233 1 5 0 14 53 1 5 0 7 1 4 147 0 14 53 1 0 2 0 0 5 614 0 384 7 2 0 2 0 320 2 0 14 53 1 319 3 5 0 2 616 2 0 2 0 380 319 3 3 34 1 1 4 146 0 5 0 6 3 4 20 16 19 7 2 601 27 2 0 2 15 6 0 5 0 2 616 2 2 0 377 5 0 7 5 0 7 2 205 271 1 1 147 0 0 235 1 2 2 184 0 6 5 0 7 2 0 2 2 0 381 41 2 602 2 5 0 2 15 382 321 5 0 7 2 0 383 1 1 387 3 65 1 6 147 617 0 147 617 0 387 3 65 1 1 4 162 0 3 4 617 0 2 15 6 0 65 1 2 147 320 0 2 147 320 0 568 569 1 1 4 3 4 11 12 3 4 0 0 0 7 5 0 0 32 7 2 0 5 0 7 2 0 0 0 5 0 7 2 179 6 1 4 1 4 20 1 4 106 1 0 1 4 2 0 322 2 0 162 0 2 0 466 1 0 0 1 4 388 11 12 3 4 0 0 0 7 3 4 0 0 5 0 7 2 179 0 0 0 1 4 116 0 0 1 4 1 0 0 3 4 3 3 4 0 16 0 7 3 4 3 136 0 0 2 264 0 0 2 184 0 0 2 0 0 2 15 2 15 2 179 0 0 0 29 389 2 20 5 0 2 15 5 0 2 15 29 389 2 
47	3 4 3 4 0 3 4 3 4 0 1 4 1 4 3 4 3 4 3 4 0 3 4 3 4 1 4 3 4 0 3 4 3 4 3 6 0 131 3 2 0 0 127 1 2 0 0 390 1 6 0 501 3 2 0 0 3 6 0 270 220 1 165 1 174 3 2 162 0 0 0 0 270 220 1 165 1 174 3 2 162 0 0 0 0 270 200 1 165 1 174 3 2 0 0 0 270 200 1 165 1 174 3 502 3 2 0 0 2 0 0 2 0 0 1 4 147 0 14 53 1 0 2 205 271 1 1 147 0 0 235 1 5 0 2 184 0 2 129 0 6 3 2 0 0 3 6 0 588 3 2 0 0 3 6 0 3 5 0 14 45 1 2 0 0 3 6 0 3 5 0 14 45 1 2 0 0 3 6 0 594 595 1 2 0 0 1 6 0 3 2 0 0 3 6 0 3 2 0 0 3 6 0 41 2 2 15 5 0 7 2 0 5 0 2 15 321 5 0 7 2 0 364 1 6 0 1 6 0 608 3 3 4 11 12 3 4 0 13 0 7 1 4 163 0 2 0 0 6 0 3 4 0 306 25 1 2 265 0 0 306 25 1 160 1 1 4 484 1 0 0 2 605 0 1 4 618 2 265 0 0 62 2 113 323 1 0 0 2 3 6 0 1 6 26 0 0 3 4 0 3 4 0 3 4 0 1 4 2 16 13 13 316 163 163 0 0 0 163 163 7 3 4 13 0 2 391 0 0 1 3 4 13 11 12 3 4 0 0 0 7 2 129 0 0 11 12 3 4 0 13 0 7 16 13 0 0 7 11 12 3 4 0 0 13 0 7 3 4 136 13 0 0 5 0 0 2 391 0 0 1 1 4 618 1 4 392 1 0 1 4 91 1 1 4 2 0 17 163 2 24 0 2 24 0 0 2 113 323 1 0 0 0 5 0 2 15 2 205 271 1 1 147 0 0 235 1 6 5 0 7 1 4 0 2 205 271 1 1 147 0 0 235 1 2 324 0 0 6 2 0 3 4 13 3 4 16 0 163 0 0 0 7 2 0 163 0 0 2 0 5 0 13 2 391 0 3 4 0 16 0 0 7 3 4 13 3 4 16 0 7 1 4 163 0 5 0 0 8 2 0 0 2 391 0 3 2 391 0 13 3 134 3 1 4 618 5 0 2 430 1 4 392 1 0 1 4 91 1 11 12 3 4 0 0 0 0 7 1 4 163 0 5 0 2 430 0 0 1 4 17 0 2 24 0 3 4 5 0 7 2 179 0 0 2 216 0 2 69 0 323 1 0 0 0 2 2 205 271 1 1 147 0 0 235 1 6 5 0 7 1 4 0 2 205 271 1 1 147 0 0 235 1 2 324 0 0 6 2 0 1 1 4 91 1 11 12 3 4 0 13 0 7 1 4 1 42 0 5 139 0 7 619 393 1 1 4 91 1 619 393 1 65 1 11 12 3 4 0 13 0 2 620 1 42 0 619 393 1 1 11 12 3 4 0 13 0 7 1 4 1 42 0 20 5 164 0 7 5 0 2 179 26 29 38 1 1 4 91 1 5 164 0 6 0 1 4 116 0 20 2 113 469 2 15 6 0 393 1 1 4 114 20 2 272 13 11 12 3 4 0 13 0 2 367 1 42 0 2 15 2 324 0 
48	622 622 233 1 2 148 13 1 4 59 16 57 7 1 4 1 19 5 19 2 89 0 1 6 1 109 185 3 165 1 78 1 6 1 0 1 0 1 3 4 3 4 3 4 3 4 3 0 82 52 3 5 0 0 2 2 0 0 0 39 3 6 0 0 157 2 503 0 0 0 623 2 0 2 0 99 3 6 0 0 3 4 3 0 2 112 0 0 0 2 0 0 2 0 3 4 3 4 1 4 1 4 621 1 58 1 1 4 587 1 11 12 3 4 0 0 0 2 24 219 0 0 2 0 622 1 0 2 0 1 39 3 5 13 6 2 263 2 0 394 27 1 4 46 13 394 27 0 7 2 0 394 11 12 3 4 0 218 0 2 24 237 5 19 2 273 7 2 110 2 15 2 503 2 0 13 6 269 3 6 19 70 3 74 3 16 394 0 394 27 7 1 4 1 110 5 80 0 2 89 0 2 15 6 19 25 3 6 0 161 3 6 0 41 16 13 2 1 110 94 1 14 86 1 94 309 1 14 86 1 201 3 3 3 14 86 1 1 
49	1 4 1 4 290 1 3 4 3 4 3 4 500 624 1 2 0 0 139 2 148 0 500 65 1 625 1 498 3 624 1 2 0 0 0 2 148 0 504 624 1 2 0 0 11 12 3 4 0 0 0 7 2 0 0 0 5 0 0 316 2 0 2 0 0 0 373 1 51 3 374 1 51 3 22 1 6 0 0 495 0 0 0 0 232 3 11 12 3 4 0 0 0 2 0 0 6 0 173 3 6 0 375 1 51 3 376 3 51 3 315 3 6 0 380 51 3 2 0 377 11 12 3 4 0 0 0 2 0 0 2 0 16 0 0 7 3 4 0 0 3 4 0 0 5 0 0 2 0 0 5 0 0 7 2 0 0 16 0 0 0 0 0 7 6 0 6 0 378 3 22 1 11 12 3 4 0 0 0 7 5 0 0 317 0 6 6 3 4 3 5 0 2 0 71 6 0 145 3 22 1 3 4 3 17 0 5 0 5 317 0 6 505 2 0 3 71 11 12 3 4 0 0 0 2 0 0 119 0 0 0 0 6 0 145 22 1 3 142 3 3 4 3 17 0 5 0 317 0 2 0 505 2 112 0 0 0 71 2 0 0 119 0 0 0 0 0 379 51 3 22 1 131 3 58 1 6 506 1 0 0 58 1 34 1 6 506 1 0 0 0 105 3 172 1 11 12 3 4 0 0 0 2 0 0 0 138 0 6 0 202 1 6 626 1 0 0 233 1 6 627 1 0 0 381 11 12 3 4 0 0 0 2 0 0 602 382 11 12 3 4 0 0 0 2 0 0 15 383 1 603 1 1 1 4 180 1 11 12 3 4 0 0 0 7 1 4 0 0 1 4 203 0 2 325 0 6 0 1 506 1 4 1 4 3 4 506 1 628 3 172 1 2 0 507 1 0 11 12 3 4 0 0 0 7 1 4 0 0 1 4 5 0 7 2 0 108 0 2 0 108 1 4 508 1 0 0 0 0 5 0 19 66 7 2 15 5 0 13 7 2 19 39 3 1 4 1 109 5 0 7 2 0 6 2 0 0 2 0 16 0 73 0 7 2 110 5 19 7 2 0 1 109 6 34 1 6 0 105 3 6 0 41 2 15 1 626 1 4 3 4 1 4 3 4 3 4 1 4 626 227 1 130 3 2 0 0 2 0 0 2 0 1 0 25 3 6 0 27 161 3 6 218 94 34 1 2 0 0 2 0 2 0 2 0 94 309 1 2 49 66 39 3 5 0 19 7 6 5 0 0 7 2 0 0 0 2 0 146 0 6 19 6 201 3 310 3 311 3 16 7 5 0 7 2 0 0 0 2 0 146 0 7 6 3 4 129 0 0 2 0 11 12 3 4 0 0 0 2 0 0 0 6 0 70 3 74 3 46 0 27 7 5 19 6 6 202 1 52 3 5 0 6 1 4 0 0 5 0 2 0 0 0 146 0 0 2 49 0 6 0 202 1 21 1 6 146 41 11 12 3 4 0 0 0 7 5 0 0 2 0 0 15 1 627 627 227 1 130 3 2 0 0 202 1 21 1 6 1 219 269 3 6 1 0 1 1 
50	1 4 92 1 1 4 1 1 4 92 1 3 4 3 4 3 4 2 82 21 1 2 24 0 82 21 1 3 5 13 7 2 0 71 2 0 313 2 0 316 14 45 1 0 71 5 313 0 14 45 1 0 313 1 4 203 59 0 1 4 1 19 5 17 0 2 89 0 0 5 0 2 24 0 232 3 6 0 173 3 6 0 315 3 6 0 376 3 51 3 5 13 6 1 17 6 380 51 3 11 12 3 4 0 13 0 7 2 1 17 0 2 0 377 11 12 3 4 0 13 0 7 2 1 17 0 2 0 375 1 51 3 1 4 461 1 11 12 3 4 0 13 0 7 1 4 1 17 0 1 4 496 369 0 16 198 7 2 24 1 199 6 0 373 1 51 3 1 4 92 1 1 4 59 16 57 7 1 1 4 1 1 19 1 4 1 1 4 1 40 1 4 495 0 0 5 0 2 24 0 6 1 144 1 13 374 1 51 3 22 1 1 4 1 17 0 6 0 495 0 0 378 3 22 1 1 4 1 17 0 6 0 317 0 145 3 22 1 1 4 1 17 0 6 0 119 0 145 22 1 3 142 3 1 4 1 17 0 5 0 2 119 0 0 0 379 51 3 22 1 131 3 1 4 1 17 0 5 0 2 0 0 0 58 1 6 395 1 58 1 34 1 6 395 1 0 105 3 34 1 1 4 1 17 47 6 0 138 0 202 1 34 1 6 396 1 0 202 1 6 396 1 233 1 34 1 6 397 1 0 233 1 6 397 1 381 11 12 3 4 0 13 0 2 1 17 0 382 11 12 3 4 0 13 0 2 1 17 0 383 1 603 1 1 1 4 180 1 11 12 3 4 0 13 0 7 1 4 1 17 0 1 4 203 0 2 325 0 6 0 395 1 4 1 4 395 2 0 1 5 0 2 0 1 17 0 395 34 1 2 0 47 1 4 1 17 0 5 0 2 0 108 0 39 3 5 0 6 3 4 19 5 0 66 47 0 2 0 1 0 5 0 7 2 0 1 17 0 6 34 1 5 0 6 6 66 105 3 5 0 6 6 138 41 5 0 2 15 1 396 1 4 396 396 34 1 2 49 0 25 3 6 27 161 3 6 218 94 34 1 1 4 1 17 47 2 0 0 146 0 94 309 1 2 49 66 39 3 5 0 6 6 19 201 3 310 3 311 3 5 0 6 6 129 0 0 70 3 74 3 5 0 6 6 80 0 41 5 0 2 15 1 397 397 397 34 1 2 49 0 94 34 1 1 4 1 17 47 2 0 0 219 0 269 3 6 1 0 1 1 1 
51	323 30 1 608 3 183 1 2 0 0 2 0 0 2 0 0 
52	3 4 3 4 326 1 52 3 6 1 42 0 201 65 1 1 4 116 0 20 3 4 186 5 0 0 7 14 53 1 0 7 2 0 0 1 4 323 1 469 186 0 2 113 0 5 93 28 7 7 2 15 494 65 1 1 4 114 20 11 12 3 4 0 13 0 7 1 4 163 0 2 367 0 2 272 0 2 15 2 324 0 604 3 6 0 3 65 1 1 4 116 0 3 4 3 4 20 2 0 186 5 0 7 5 0 0 14 53 1 0 2 15 5 0 6 0 1 4 610 1 2 129 0 6 384 1 
53	1 4 3 4 1 4 1 4 508 78 3 1 227 1 2 0 0 2 0 0 2 0 0 2 0 66 3 5 0 7 5 316 7 3 4 71 2 0 3 0 3 4 11 12 3 4 0 0 0 7 5 314 0 2 0 0 2 0 0 0 6 0 629 1 5 0 7 2 0 219 6 0 39 3 5 19 7 2 0 66 6 7 2 0 6 41 2 15 5 0 7 2 15 
54	507 99 3 2 148 0 185 3 165 1 78 1 1 4 1 0 1 4 1 0 3 4 73 0 5 0 6 0 0 6 0 41 16 109 2 1 110 1 
55	1 4 1 4 3 4 0 1 4 91 1 1 4 392 183 1 30 1 2 0 0 2 0 0 392 1 30 1 2 0 162 2 0 0 2 0 82 21 1 2 113 0 1 52 3 6 1 42 0 3 3 4 2 0 2 2 5 2 6 0 1 4 1 42 0 2 15 1 1 1 4 586 1 0 0 1 4 91 1 0 13 11 12 3 4 0 0 0 7 2 24 0 0 0 11 12 3 4 0 13 0 7 1 4 132 0 5 0 0 7 2 24 0 0 5 7 11 12 3 4 0 0 0 7 2 24 0 0 0 1 4 59 16 57 7 2 1 19 2 15 6 0 21 1 509 1 597 1 3 267 3 268 3 1 4 59 16 57 7 1 4 1 19 2 24 0 0 0 0 317 0 3 3 4 11 12 3 4 0 13 0 7 1 4 1 42 0 2 398 0 0 203 0 2 398 0 0 203 0 2 398 0 0 203 0 2 398 0 0 203 0 2 398 0 0 203 0 2 24 203 0 2 184 0 0 2 485 1 0 0 0 20 11 12 3 4 0 13 0 7 1 4 1 42 0 3 4 71 11 12 3 4 0 0 0 7 2 265 496 0 2 0 2 15 6 0 1 4 489 1 0 0 0 20 11 12 3 4 0 13 0 7 1 4 1 42 0 3 4 71 11 12 3 4 0 0 0 7 5 314 0 44 2 0 2 15 1 4 1 4 1 4 3 4 1 4 20 2 0 114 0 2 0 114 0 2 0 308 1 0 0 0 0 2 0 0 2 0 507 1 13 2 5 0 2 15 5 0 2 15 5 0 2 15 5 0 2 15 3 4 11 12 3 4 0 13 0 7 1 4 1 42 0 1 4 108 1 4 508 1 0 0 0 2 0 313 5 19 7 2 15 1 4 1 13 16 13 7 2 0 0 1 110 1 4 0 0 1 4 1 109 16 0 73 0 7 2 0 0 1 110 2 0 1 109 16 0 7 1 4 0 0 5 19 7 7 1 51 3 3 4 93 3 4 93 3 4 5 0 7 2 69 0 0 0 3 0 0 2 24 0 0 0 3 1 51 3 3 4 2 11 12 3 4 0 0 0 7 1 4 0 0 1 4 399 3 4 0 3 4 2 49 0 16 19 7 3 4 27 5 0 5 0 0 14 171 1 0 0 2 0 5 0 0 7 2 0 2 0 0 3 4 218 5 0 7 7 11 12 3 4 0 0 0 7 3 4 237 2 117 0 0 2 0 0 6 0 1 4 400 1 3 4 3 4 3 4 2 254 2 0 2 0 93 2 0 93 25 3 3 4 93 3 4 93 2 117 0 0 2 117 3 0 0 2 117 3 0 0 2 0 0 2 0 0 2 0 0 3 3 4 93 2 0 6 0 11 12 3 4 0 13 0 7 1 4 132 0 5 0 0 7 1 4 114 0 0 20 11 12 3 4 0 13 0 7 1 4 1 42 0 3 4 71 3 4 3 0 2 119 0 0 11 12 3 4 0 0 0 7 5 314 0 7 2 118 0 0 2 15 
56	1 4 1 4 1 4 1 4 1 4 1 4 1 1 4 3 4 3 4 3 4 1 4 1 4 1 4 630 630 133 1 3 2 0 0 2 0 0 1 4 3 4 3 4 3 4 1 4 139 114 0 20 2 305 0 71 2 15 1 4 5 0 2 0 0 0 7 2 0 0 0 2 139 324 0 0 2 0 1 4 290 1 1 4 20 1 4 292 322 1 2 0 510 0 29 38 14 90 1 0 0 29 20 2 0 510 322 1 29 38 14 90 1 0 0 2 196 1 274 1 6 17 0 0 196 1 625 1 274 1 502 3 6 17 0 0 0 0 196 1 183 1 274 1 625 1 502 3 3 1 4 20 2 0 1 29 38 14 90 1 0 0 2 204 0 0 0 0 2 148 0 6 0 504 274 1 2 0 0 1 4 139 5 139 164 0 7 2 0 466 1 139 0 2 0 0 2 0 368 1 0 0 2 0 598 1 0 0 0 2 0 631 1 0 0 0 5 316 0 2 0 401 1 139 0 2 0 116 0 2 0 116 0 2 0 2 0 632 1 0 0 0 321 2 69 2 381 2 184 139 0 2 139 324 0 0 5 0 139 164 0 7 2 139 620 0 1 4 488 16 198 7 1 4 1 199 5 0 7 2 2 0 2 0 2 0 382 2 15 2 15 5 0 2 15 5 0 2 15 2 5 0 2 15 5 0 2 15 315 3 274 1 6 164 0 315 3 6 0 3 274 1 6 164 0 3 274 1 1 4 388 1 4 0 3 4 28 11 12 3 4 0 0 0 7 5 0 0 402 0 0 0 84 0 6 6 380 319 3 5 0 2 0 401 1 71 2 0 2 0 2 69 0 377 2 0 2 0 2 0 393 1 1 4 91 1 11 12 3 4 0 0 0 7 1 4 0 0 0 5 139 164 0 2 113 0 11 12 3 4 0 13 0 7 1 4 132 0 5 0 0 7 1 4 5 0 2 0 0 0 2 0 0 0 5 139 164 0 2 113 0 6 0 58 1 6 108 58 1 172 1 6 108 0 375 1 51 3 5 314 0 14 45 1 6 27 0 376 3 51 3 6 0 17 0 202 1 6 633 1 233 1 6 634 1 105 3 172 1 1 4 17 0 5 0 6 0 6 232 3 3 4 71 5 0 2 0 6 0 173 3 6 13 383 1 1 1 1 4 180 1 11 12 3 4 0 13 0 7 1 4 132 0 5 0 0 7 2 24 0 5 0 0 0 7 2 24 0 5 0 0 0 7 2 24 0 5 0 0 0 0 7 2 24 0 5 0 0 0 0 0 7 2 24 0 5 0 0 0 0 7 2 24 0 5 0 0 0 0 7 2 24 0 5 0 0 0 0 7 2 24 0 5 0 0 0 0 7 2 24 0 6 0 378 3 22 1 6 0 3 99 3 3 4 3 0 2 0 593 6 0 3 4 3 5 0 2 0 71 6 0 3 22 1 1 4 1 17 0 3 4 3 71 2 119 0 0 6 0 145 3 22 1 3 4 0 5 0 2 0 505 6 0 379 25 3 22 1 131 3 1 4 1 17 0 6 2 0 145 22 1 600 3 142 3 1 4 1 17 0 5 0 7 2 112 505 0 0 71 6 7 2 112 0 0 0 71 6 1 4 1 63 20 2 49 2 264 0 0 71 2 15 1 11 12 3 4 0 13 0 7 1 4 132 0 5 0 0 7 1 4 0 0 1 4 139 5 164 0 7 2 0 0 0 2 0 0 2 89 0 630 1 116 0 0 62 0 1 4 488 16 198 7 1 4 1 199 2 15 1 1 4 1 17 5 0 7 2 0 1 63 2 69 0 6 0 374 1 312 3 22 1 1 4 132 0 5 0 0 0 6 1 4 5 0 6 6 17 0 0 373 1 312 3 5 0 6 1 4 5 0 6 6 17 0 1 
57	1 4 1 4 3 4 3 4 1 4 3 4 3 4 3 4 3 4 3 4 1 4 3 4 3 4 3 4 3 4 3 4 633 1 2 0 0 2 0 1 63 2 0 0 2 0 94 34 1 1 4 17 0 2 49 0 94 309 1 1 4 2 0 1 0 2 0 17 66 2 49 0 94 275 1 2 0 5 0 7 2 0 7 2 0 0 2 0 2 0 2 0 2 0 0 0 2 0 0 2 0 0 2 0 0 0 2 49 0 2 0 41 2 15 5 0 2 15 25 3 6 0 161 3 6 0 39 3 16 7 5 0 0 6 3 4 64 2 0 5 0 17 0 8 2 6 201 3 310 3 311 3 3 4 0 3 4 16 0 0 0 0 7 3 4 64 2 0 5 0 17 0 7 2 0 0 0 2 0 0 0 2 0 6 0 511 3 70 3 74 3 5 0 7 2 49 0 2 0 3 4 0 3 4 93 3 4 3 4 0 0 16 0 0 7 2 0 0 2 0 0 2 0 0 5 0 0 0 2 0 0 5 0 0 8 2 0 64 2 0 64 2 0 64 2 0 5 0 93 7 2 49 0 2 0 2 0 0 2 0 0 46 0 0 7 5 19 6 6 1 
58	1 4 1 4 3 4 3 4 1 4 513 1 1 4 513 1 1 4 217 1 3 4 3 4 3 4 3 4 3 4 3 4 512 52 1 403 1 3 2 0 0 2 0 0 2 0 0 3 4 186 5 0 7 2 0 2 0 0 2 0 7 2 0 0 5 0 0 14 53 1 0 5 0 7 5 0 7 2 0 186 2 0 186 2 0 0 7 2 0 186 2 0 186 187 1 1 4 20 2 0 1 63 29 38 2 0 1 63 2 0 217 1 0 2 0 1 63 2 0 1 63 2 0 6 0 94 3 3 172 1 275 1 2 49 0 2 0 0 2 69 0 2 254 2 69 0 39 3 5 0 0 7 2 254 6 2 69 0 2 129 0 0 5 0 7 5 0 7 5 0 0 7 2 0 64 7 5 0 0 2 0 64 5 0 6 34 1 5 0 2 0 513 1 2 69 0 16 73 0 19 7 34 1 6 1 6 1 6 217 1 0 275 1 2 69 0 105 3 6 0 3 6 0 511 3 6 0 41 2 15 1 1 
59	1 4 3 4 3 4 634 1 2 0 2 0 1 63 94 275 1 2 49 0 5 0 2 49 0 2 0 41 2 15 2 15 269 3 2 0 6 0 64 2 64 39 3 2 64 6 6 201 3 310 3 311 3 14 86 1 511 3 2 49 0 2 0 1 1 
60	3 4 1 4 3 4 3 635 22 1 58 1 3 327 3 636 1 2 0 0 0 2 0 0 2 0 0 1 192 3 1 4 0 5 0 6 5 0 0 0 7 2 0 0 0 6 0 3 192 3 3 4 0 5 0 6 5 0 0 0 7 2 0 0 0 6 0 1 1 
61	1 4 1 4 3 4 514 22 1 58 1 3 2 0 0 2 0 0 2 0 0 155 1 6 0 36 1 1 4 50 1 2 10 2 10 10 0 5 0 7 11 12 3 4 0 0 0 7 5 0 2 10 2 10 10 10 0 0 0 0 2 10 6 26 99 3 6 0 0 206 1 6 0 637 3 6 0 638 3 357 1 5 0 6 3 4 0 0 6 0 0 639 3 1 111 3 135 3 3 4 3 0 11 12 3 4 0 0 0 7 2 0 0 515 0 0 0 6 0 1 
62	1 4 1 4 79 640 1 641 1 2 0 0 79 640 1 641 1 3 22 1 6 0 356 1 6 0 1 356 1 6 79 1 0 0 83 3 81 1 5 0 6 1 4 1 0 6 0 0 32 0 87 3 6 60 60 642 3 516 1 6 73 1 0 642 3 516 1 6 73 0 6 73 0 328 640 1 641 1 2 0 0 2 0 0 36 1 6 0 0 133 1 1 1 2 2 0 85 1 1 1 1 
63	3 4 3 1 4 3 4 0 3 4 642 3 516 1 6 0 0 0 0 6 73 0 3 3 3 3 3 3 4 136 0 0 11 12 3 4 0 0 0 7 3 4 0 0 3 4 0 0 5 0 0 7 6 0 0 6 0 0 3 5 0 0 7 3 4 3 0 2 112 0 0 0 2 0 0 2 0 0 201 153 1 509 1 3 4 64 3 4 64 3 4 0 0 2 643 0 2 644 0 0 0 2 0 64 328 34 1 5 0 7 2 254 6 2 643 54 28 2 54 54 28 0 2 0 47 2 0 0 328 516 1 2 643 0 2 112 0 0 0 2 0 0 2 0 0 567 2 0 2 0 2 0 1 6 5 0 2 0 79 1 0 210 1 0 0 6 0 187 1 1 4 20 2 0 1 63 29 38 2 0 3 0 2 112 0 0 0 6 0 1 
64	94 34 1 94 309 1 25 3 161 3 39 3 201 3 310 3 311 3 70 3 74 3 41 
65	39 3 34 1 105 3 41 70 3 74 1 46 73 66 7 5 19 6 6 
66	155 1 99 3 206 1 637 3 638 3 34 1 639 3 58 1 111 3 135 3 
67	3 4 3 4 3 4 3 4 217 217 3 3 3 2 0 0 2 0 0 2 0 0 217 275 1 2 0 0 2 0 0 2 0 0 2 0 0 328 105 3 3 511 3 3 2 0 0 2 0 0 2 0 0 2 0 0 328 275 1 2 0 0 2 0 0 2 0 0 2 0 0 
68	1 4 1 4 1 4 1 4 1 1 4 3 4 1 4 1 4 3 4 1 4 631 183 1 1 403 1 2 0 0 2 0 0 2 0 0 2 0 512 1 116 0 0 2 0 0 2 0 512 1 116 0 0 321 2 69 3 6 0 41 5 0 2 15 5 0 2 15 99 3 6 0 517 1 1 4 1 17 5 0 7 2 0 108 2 69 0 6 0 20 2 0 1 0 2 0 1 0 2 0 3 0 11 12 3 4 19 0 7 2 0 0 66 2 0 0 2 0 0 0 2 15 2 0 3 34 1 3 4 0 16 0 0 7 3 4 0 0 3 4 73 0 0 5 0 2 0 0 5 0 2 0 0 6 0 6 0 3 2 207 49 0 0 0 207 0 0 0 0 0 196 1 34 1 5 0 6 2 1 4 207 5 73 73 66 7 3 4 3 0 0 5 73 0 0 7 2 0 6 0 1 34 1 1 4 207 2 0 5 66 73 66 6 6 196 1 266 3 5 0 6 1 4 207 5 0 66 0 0 0 0 0 6 0 1 266 3 1 4 207 16 0 0 5 19 6 6 66 3 34 1 5 0 6 2 3 4 0 2 0 1 4 207 16 73 66 19 7 5 73 66 6 0 6 58 1 6 1 63 58 1 34 1 2 17 0 6 1 207 63 
69	3 4 1 4 1 4 1 4 79 1 1 4 217 1 3 4 3 4 3 4 3 4 3 4 1 4 308 65 1 197 1 403 1 501 3 2 148 0 0 0 0 2 0 308 1 0 0 0 0 2 0 308 65 1 197 1 403 1 501 3 3 2 148 0 0 0 0 0 504 65 1 197 1 403 1 501 3 3 2 0 0 2 0 0 2 0 0 2 0 114 0 0 82 34 1 275 1 5 0 73 0 14 53 1 0 0 5 0 0 14 53 1 0 0 5 0 0 14 53 1 0 0 5 0 0 0 2 645 0 0 5 0 0 7 2 117 0 5 0 7 2 645 93 0 2 69 0 2 0 34 1 3 4 0 0 3 4 28 0 2 0 0 41 2 483 0 2 15 5 0 2 15 
70	269 3 1 
71	3 192 3 1 192 3 1 
72	1 4 1 3 4 3 4 307 307 572 3 573 3 2 0 0 2 0 0 3 6 0 573 3 2 0 0 3 6 0 572 3 2 0 0 83 3 81 1 5 0 6 5 0 1 6 1 4 1 0 5 0 0 6 5 0 0 6 6 87 3 3 4 2 0 0 2 0 0 0 6 0 
73	1 4 1 4 1 4 1 4 3 4 3 4 3 4 632 200 1 197 1 509 1 5 164 0 0 7 2 0 116 0 0 2 646 0 2 0 116 0 0 2 0 646 0 2 0 116 0 0 2 0 646 0 2 0 3 28 2 0 0 3 133 1 3 4 186 5 0 0 7 14 53 1 0 0 6 0 41 1 4 5 0 20 2 15 29 38 5 0 2 0 0 5 0 20 2 15 29 38 5 0 2 0 0 5 0 20 2 15 29 38 5 0 2 0 0 5 0 14 1 592 99 3 6 0 196 1 319 3 22 1 3 4 589 0 1 4 5 0 7 2 49 0 0 3 4 468 2 49 0 3 4 64 3 4 3 4 11 12 3 4 0 0 0 7 5 0 0 2 0 64 2 0 64 5 0 0 2 0 0 5 0 7 2 0 11 12 3 4 0 0 0 2 0 2 0 0 0 7 7 6 0 196 1 319 3 1 4 5 0 7 2 49 0 0 3 4 468 2 49 0 3 4 64 5 0 7 3 4 1 4 1 0 11 12 3 4 0 0 0 7 5 0 0 2 0 64 2 0 64 2 0 0 0 2 0 3 4 3 0 11 12 3 4 0 0 0 7 2 0 2 0 0 0 2 0 0 0 7 6 0 1 143 1 3 1 4 1 0 11 12 3 4 0 0 0 7 2 0 0 0 0 0 0 6 0 1 22 1 3 2 49 0 3 4 64 5 0 6 514 1 0 3 4 3 4 5 0 0 7 3 4 137 2 0 0 0 2 0 0 0 7 2 64 2 0 2 0 1 4 1 0 3 4 3 0 3 4 1 4 5 0 2 0 3 0 5 0 2 0 1 0 3 4 3 4 3 4 3 4 11 12 3 4 0 0 0 7 2 0 64 2 0 64 2 0 0 0 2 0 3 0 2 112 0 0 0 2 644 0 0 0 2 0 0 210 1 0 0 2 0 0 3 4 64 2 0 0 0 3 4 3 0 2 0 0 0 3 4 11 12 3 4 0 0 0 7 2 0 0 0 64 2 0 0 0 5 0 7 1 4 1 0 2 0 0 0 3 4 11 12 3 4 0 0 0 7 3 4 0 64 3 4 0 64 2 0 0 307 1 0 0 2 0 0 1 4 5 0 0 7 2 0 635 1 0 0 0 0 0 7 2 0 514 1 0 0 0 6 0 187 1 5 0 0 0 6 1 4 20 2 0 1 63 29 38 2 0 1 63 2 0 1 63 2 0 1 63 6 0 1 
74	3 4 3 4 3 4 3 4 1 4 1 4 1 4 1 4 4 4 1 4 1 4 1 4 1 4 3 4 489 65 1 197 1 509 1 2 0 114 0 0 2 272 0 2 0 114 0 0 2 272 0 2 0 114 0 0 2 272 0 2 0 0 2 0 91 1 13 2 0 91 1 2 492 2 0 93 5 647 7 2 371 2 2 263 2 0 3 6 0 22 1 1 4 132 0 2 490 0 0 0 493 3 267 3 268 3 5 647 14 171 1 2 371 2 0 648 1 0 0 0 5 491 7 2 2 24 0 2 263 2 0 3 6 0 357 1 161 3 2 0 0 357 1 161 3 327 3 636 1 5 647 14 171 1 5 491 14 171 1 2 649 0 0 0 0 357 1 161 3 327 3 636 1 1 4 1 2 0 0 2 0 0 2 0 0 2 0 0 2 24 0 1 2 5 0 7 11 12 3 4 0 0 0 7 3 4 3 4 20 1 4 1 0 0 5 13 2 0 5 13 2 0 1 4 132 149 2 490 0 0 0 11 12 3 4 0 13 0 2 649 329 0 0 0 0 2 371 29 1 4 0 0 1 4 132 149 2 490 0 0 0 11 12 3 4 0 13 0 2 649 329 0 0 2 371 2 492 41 20 2 492 1 4 5 0 20 2 15 29 38 5 0 2 0 0 5 0 20 2 15 29 38 5 0 2 0 0 5 0 20 2 15 29 38 5 0 2 0 0 5 0 14 1 592 2 0 93 3 4 13 2 117 0 3 4 0 3 4 0 3 4 5 0 2 0 0 5 0 2 0 0 2 118 0 1 4 11 12 3 4 0 0 0 7 1 4 1 42 0 3 4 0 0 3 4 28 0 2 117 0 2 0 0 5 0 7 5 0 14 171 1 3 4 11 12 3 4 0 0 0 7 2 117 0 0 0 2 0 0 0 5 0 7 5 0 14 171 1 3 4 11 12 3 4 0 0 0 7 2 117 0 0 0 2 0 0 0 5 491 14 171 1 2 483 0 3 4 13 2 117 0 11 12 3 4 0 0 0 7 1 4 1 42 0 2 117 0 3 4 11 12 3 4 0 0 0 7 1 4 1 42 0 2 645 0 0 2 0 0 648 3 4 3 4 3 4 3 4 648 3 3 3 2 0 0 2 0 0 2 0 0 1 4 3 4 3 4 1 4 
75	431 3 432 3 433 3 434 3 435 3 436 437 3 438 3 439 1 440 3 135 3 441 
76	256 3 4 256 227 1 2 0 0 431 3 5 0 0 2 576 6 0 0 577 3 4 0 0 2 0 3 3 4 3 0 2 112 0 0 0 2 0 0 2 112 0 0 0 0 2 0 0 2 0 0 2 0 2 129 0 0 0 0 5 0 14 53 1 2 0 0 438 3 2 0 0 6 154 436 437 3 2 0 0 439 1 6 210 1 0 0 0 0 440 3 135 3 3 4 3 0 2 112 0 0 0 0 0 6 0 441 20 2 15 29 38 2 179 0 3 6 0 0 3 6 432 3 6 0 0 433 3 6 434 3 6 0 0 435 3 6 1 
77	1 4 143 1 160 1 2 0 2 0 0 518 1 22 1 519 1 520 3 5 0 7 1 4 91 1 11 12 3 4 0 0 0 7 1 4 330 0 0 0 5 0 7 5 0 1 7 2 1 0 5 0 1 7 2 1 0 2 24 176 1 0 0 6 6 276 0 6 330 0 0 518 1 22 1 519 1 6 330 0 0 1 22 1 331 1 521 3 5 0 7 1 4 91 1 11 12 3 4 0 0 0 7 2 24 176 1 650 0 0 0 0 0 6 276 0 6 650 0 0 0 1 22 1 331 1 5 0 7 1 4 91 1 11 12 3 4 0 0 0 7 2 24 176 1 651 0 0 0 0 6 276 0 6 651 0 0 1 22 1 331 1 5 0 7 1 4 91 1 11 12 3 4 0 0 0 7 2 24 176 1 652 0 0 0 0 6 276 0 6 652 0 0 1 22 1 1 1 653 3 5 0 7 1 4 91 1 11 12 3 4 0 0 0 7 2 24 176 1 522 0 0 0 0 0 0 6 276 0 6 522 0 0 0 0 523 1 524 1 143 1 160 1 5 0 0 14 45 1 1 4 150 1 11 12 3 4 0 0 0 7 1 4 239 1 0 0 0 1 4 332 0 0 2 24 0 0 6 0 523 1 100 1 143 1 1 1 160 1 5 0 0 14 45 1 1 4 150 1 11 12 3 4 0 0 0 7 1 4 239 1 0 0 0 1 4 332 0 2 24 0 0 0 6 0 523 1 524 1 143 1 1 1 160 1 5 0 0 0 0 14 45 1 1 4 150 1 11 12 3 4 0 0 0 7 1 4 239 1 0 0 0 1 4 332 0 0 2 24 0 0 0 6 0 1 
78	96 96 1 3 1 2 2 0 2 0 0 2 0 0 2 0 0 96 2 2 0 96 442 1 2 0 2 0 3 4 1 4 3 4 1 4 443 1 5 0 7 6 291 1 4 3 4 11 12 3 4 0 0 0 7 5 0 0 0 0 7 2 0 0 0 0 11 12 3 4 0 0 0 0 0 7 2 0 0 0 0 0 5 0 0 0 0 0 7 2 0 2 0 0 1 4 1 4 0 11 12 3 4 0 0 0 7 5 0 2 0 5 0 7 2 0 0 8 2 0 0 2 0 0 2 0 0 0 2 0 0 5 0 7 2 0 0 7 2 0 0 2 0 0 6 0 1 4 292 1 444 1 1 4 50 1 3 4 11 12 3 4 0 28 0 7 31 84 0 9 44 9 2 10 44 9 2 10 44 9 2 10 44 9 2 10 44 9 2 10 44 9 2 10 44 9 2 10 44 9 2 10 44 9 5 0 84 0 0 7 1 4 26 0 2 10 124 28 28 7 2 10 0 44 6 26 1 
79	239 3 4 3 4 3 4 3 4 3 4 3 4 1 4 0 1 4 0 1 4 0 3 4 1 4 1 4 3 4 3 4 0 3 4 0 1 4 525 525 30 1 2 0 1 4 525 1 1 4 525 1 1 239 156 1 165 1 2 256 1 370 1 2 0 0 2 0 0 523 1 100 1 2 359 256 1 370 1 0 20 6 0 29 14 96 1 291 29 14 96 1 1 6 0 155 1 6 0 3 6 0 3 2 0 0 3 6 0 3 2 0 0 3 2 0 0 3 6 0 1 2 0 0 1 6 0 3 2 0 0 3 6 0 208 1 2 0 0 1 6 0 404 1 3 3 654 1 3 4 4 5 13 0 0 7 1 4 1 42 13 5 221 2 0 5 13 0 0 0 0 7 1 4 1 42 13 5 221 2 0 5 0 6 5 0 0 7 2 0 0 0 2 0 0 0 5 0 0 0 7 2 0 7 2 0 0 0 2 0 0 0 0 5 0 0 2 113 176 1 0 0 5 0 0 2 113 176 1 0 0 5 0 0 2 113 176 1 0 0 14 90 1 518 1 22 1 519 1 1 4 427 0 370 1 0 1 4 91 1 1 1 1 1 1 4 3 4 3 4 16 7 20 2 0 19 29 38 2 0 5 0 8 2 113 0 5 487 2 0 487 2 0 20 2 15 29 38 5 13 6 5 13 7 2 0 1 1 1 1 1 42 6 333 1 79 1 0 211 7 5 0 7 5 0 7 1 4 150 1 11 12 3 4 0 13 0 7 2 0 1 1 1 1 1 42 0 1 4 333 1 79 1 0 211 2 24 0 0 6 0 7 1 4 1 2 0 1 4 92 1 11 12 3 4 0 13 0 7 2 0 1 1 1 1 1 42 0 5 487 13 7 2 24 1 144 1 2 263 2 24 79 1 0 211 2 24 1 144 1 6 0 7 1 4 655 1 2 0 11 12 3 4 0 13 0 7 2 24 79 1 0 1 1 1 1 1 42 0 6 0 518 1 22 1 519 1 520 3 1 4 330 0 0 5 0 1 7 2 1 0 5 0 1 7 2 1 0 6 0 1 22 1 1 1 653 3 5 0 7 2 0 190 2 0 190 20 1 4 0 0 2 1 4 332 0 1 4 332 0 5 0 7 1 4 526 0 2 0 2 69 0 2 69 0 2 69 0 2 69 0 2 0 2 0 0 2 0 0 29 38 6 656 1 79 1 0 0 79 1 0 0 0 1 404 1 6 276 0 1 404 1 3 1 4 150 1 0 11 12 3 4 0 13 0 7 2 24 1 42 0 6 0 1 22 1 331 1 5 0 7 2 0 190 1 4 79 1 0 0 6 657 1 0 1 22 1 331 1 5 0 7 2 0 190 1 4 79 1 0 0 6 658 1 0 1 22 1 331 1 521 3 5 0 7 2 0 190 1 4 79 1 0 0 6 405 1 0 0 0 1 153 1 3 4 3 4 3 0 3 4 11 12 3 4 0 0 0 7 5 0 0 0 0 0 7 2 0 0 0 0 6 210 1 0 0 1 130 1 1 4 50 1 11 12 3 4 0 28 0 7 3 4 84 0 5 0 0 0 0 0 0 0 0 0 0 0 0 0 0 0 0 7 2 10 2 10 0 6 26 568 569 1 5 0 7 2 179 2 1 4 239 1 445 1 1 1 1 1 1 4 332 0 2 179 26 3 3 4 0 31 0 97 0 9 31 0 97 0 9 2 33 0 2 0 0 8 9 2 33 0 2 0 0 8 9 2 0 0 2 33 14 96 1 8 9 2 0 0 7 5 6 0 14 294 1 3 3 4 0 31 0 97 0 9 31 0 97 0 9 2 33 0 2 0 0 8 9 2 33 0 2 0 0 8 9 2 33 0 2 0 0 8 9 2 0 0 2 33 14 96 1 8 9 2 0 0 7 5 6 0 14 294 1 1 22 1 1 4 91 1 1 4 4 3 4 4 2 0 2 0 0 2 0 0 0 0 5 0 0 2 0 0 16 7 31 0 97 0 9 8 9 2 0 0 8 2 0 2 0 2 0 0 2 0 0 0 0 5 13 0 7 5 6 0 7 7 5 6 276 0 14 294 1 1 22 1 1 4 1 4 4 5 7 2 0 33 0 2 33 0 2 0 277 0 7 31 0 97 0 9 2 0 0 8 9 2 33 0 2 0 0 2 33 0 31 0 97 0 9 2 33 0 2 0 33 0 8 9 2 0 0 8 9 2 0 0 2 33 14 96 1 5 0 7 3 4 3 20 2 0 302 659 0 2 278 0 29 527 7 5 6 0 14 294 1 79 1 22 1 1 4 4 4 4 4 3 4 3 4 3 4 3 4 1 4 31 0 97 0 9 31 0 97 0 9 2 0 33 0 8 9 2 0 33 0 2 0 8 9 2 0 33 0 2 0 8 9 2 0 33 0 8 9 2 0 0 2 33 14 96 1 31 0 97 0 9 2 0 33 0 2 0 8 9 2 0 0 31 0 97 0 9 2 33 0 2 0 33 0 31 0 97 0 9 2 0 33 0 2 0 8 9 2 0 0 8 9 2 0 0 1 4 277 0 5 0 7 2 0 652 0 0 5 0 7 2 0 651 0 277 124 28 5 0 7 3 4 0 20 2 0 302 659 124 29 527 5 0 0 7 7 5 14 96 1 2 0 650 0 0 0 7 2 0 330 0 0 8 9 2 33 0 31 0 97 0 9 2 0 33 0 8 9 2 0 33 0 8 9 2 0 0 2 33 14 96 1 31 0 97 0 9 2 33 0 8 9 2 0 0 31 0 97 0 9 2 0 33 0 8 9 2 0 33 0 8 9 2 0 0 2 33 14 96 1 2 33 0 31 0 97 0 9 2 33 0 2 0 33 0 8 9 2 0 0 5 0 0 7 2 0 124 28 7 2 0 277 0 5 0 0 7 2 0 124 28 7 2 0 277 0 2 0 522 0 0 0 8 9 2 33 0 31 0 97 0 9 2 0 33 0 8 9 2 0 33 0 8 9 2 0 0 2 33 14 96 1 31 0 97 0 9 2 33 0 8 9 2 0 0 31 0 97 0 9 2 0 33 0 8 9 2 0 33 0 8 9 2 0 0 2 33 14 96 1 2 33 0 31 0 97 0 9 2 33 0 2 0 33 0 8 9 2 0 0 5 0 0 7 2 0 124 28 7 2 0 277 0 5 0 0 7 2 0 124 28 7 2 0 277 0 2 0 522 0 0 0 8 9 2 0 33 0 31 0 97 0 9 2 0 33 0 8 9 2 0 0 31 0 97 0 9 2 33 0 2 0 33 0 8 9 2 0 0 3 4 0 5 0 7 20 2 0 302 406 124 29 527 2 0 330 0 124 28 0 8 9 2 0 0 2 33 14 96 1 5 0 7 3 4 3 20 2 0 302 659 0 29 527 5 0 7 2 278 0 7 5 6 0 14 294 1 3 3 2 0 0 2 0 0 0 20 6 29 6 2 0 3 5 0 6 5 0 6 6 1 4 1 4 4 3 4 1 4 4 3 4 3 4 3 4 3 4 3 4 3 3 4 2 2 0 3 1 4 1 3 4 3 4 239 169 1 2 0 528 1 0 2 0 123 1 2 0 2 0 11 12 3 4 0 0 2 0 0 11 12 3 4 0 0 0 2 0 0 334 1 229 169 1 2 359 0 2 0 123 1 2 0 2 0 11 12 3 4 0 0 2 0 0 11 12 3 4 0 0 0 2 0 0 334 1 239 447 1 2 0 0 2 0 123 1 2 0 2 0 11 12 3 4 0 0 2 0 0 11 12 3 4 0 0 0 2 0 0 334 1 229 447 1 2 0 0 2 0 123 1 2 0 2 0 11 12 3 4 0 0 2 0 0 11 12 3 4 0 0 0 2 0 0 334 1 1 230 3 1 4 5 0 0 2 0 0 2 0 0 215 2 0 5 0 0 7 2 0 5 0 7 2 0 11 12 3 4 0 0 0 7 1 4 0 0 16 0 7 5 0 0 2 0 2 0 0 6 0 2 0 0 2 0 0 14 1 1 1 1 4 1 3 230 3 5 0 0 7 2 0 5 0 7 2 0 0 0 215 7 2 0 0 0 7 2 0 0 5 0 7 3 4 1 4 0 16 0 0 0 7 2 0 2 0 0 5 0 2 0 0 5 0 0 6 5 0 0 0 14 0 6 448 1 5 0 2 0 0 2 0 0 215 2 0 2 0 6 0 1 192 3 1 4 0 0 0 11 12 3 4 0 0 0 7 5 0 2 0 0 2 0 0 215 6 0 3 5 0 0 6 0 0 215 6 0 0 1 1 1 4 1 1 1 3 4 3 4 3 4 3 3 4 230 3 103 3 5 0 6 5 0 0 7 2 0 0 0 5 0 7 2 0 3 0 11 12 3 4 0 0 0 7 2 0 0 0 0 3 4 11 12 1 1 1 4 488 198 7 3 4 3 199 5 0 0 7 2 0 11 12 3 4 0 0 0 7 5 0 0 0 0 7 2 0 8 5 0 8 5 0 2 113 0 5 0 2 0 0 0 0 1 2 3 4 3 11 12 3 4 0 0 7 2 0 0 5 0 7 2 0 0 2 0 11 12 3 4 0 0 7 5 0 0 0 7 11 12 3 4 0 0 7 5 0 0 0 7 2 0 0 11 12 3 4 0 0 7 5 0 0 7 2 0 3 2 0 0 2 113 0 2 0 2 2 3 4 3 13 11 12 3 4 0 13 0 7 2 0 0 3 42 0 6 96 1 0 0 0 2 0 11 12 3 4 0 0 7 1 4 0 0 46 0 7 5 0 0 7 2 0 0 2 0 0 0 31 0 9 2 8 2 0 0 2 0 192 3 3 1 4 0 0 16 0 0 7 5 0 7 2 0 0 334 1 8 2 0 0 2 0 0 0 0 2 0 0 2 0 0 334 3 4 1 4 3 4 1 4 1 
80	3 4 3 4 3 4 3 4 3 4 3 4 3 4 3 4 3 4 3 4 3 4 3 4 3 4 3 4 3 4 3 4 3 4 3 4 3 4 3 4 3 4 3 4 3 4 3 4 3 4 3 4 3 4 3 4 3 4 3 4 3 4 3 4 3 4 3 4 3 4 1 4 
81	528 1 1 1 4 0 1 1 1 2 0 0 3 103 3 240 3 31 0 9 6 3 103 3 240 3 6 660 0 0 0 3 103 3 230 3 2 0 0 2 0 0 6 0 3 103 3 230 3 360 3 2 0 0 2 0 0 20 2 0 154 29 38 6 0 6 660 0 0 3 31 0 9 6 209 9 6 209 9 6 209 9 6 209 9 6 209 9 6 209 9 6 209 9 6 209 9 6 660 360 3 5 0 0 0 7 2 0 0 0 2 0 0 0 111 3 134 3 46 0 0 7 2 0 0 0 0 3 3 2 35 0 2 35 0 449 111 3 134 3 46 0 0 7 2 35 0 0 449 111 3 2 35 0 0 2 35 0 0 3 4 3 4 3 361 3 362 3 3 4 3 4 2 0 3 4 2 0 0 3 4 4 11 12 7 5 0 2 257 5 0 7 3 4 0 46 0 0 7 31 0 0 9 5 0 7 5 0 2 0 2 56 5 0 7 5 0 2 0 5 0 2 35 5 0 7 5 0 2 0 5 0 2 0 0 8 9 5 0 0 2 0 8 9 5 0 2 0 0 8 9 5 0 0 2 0 8 9 5 0 2 35 8 9 5 0 2 18 8 9 5 0 0 2 0 8 9 5 0 8 5 0 2 0 2 102 8 9 5 0 2 35 8 9 5 0 8 5 0 2 0 2 35 8 9 5 0 8 5 0 2 0 2 56 8 9 5 0 8 5 0 2 0 2 18 8 9 5 0 8 5 0 2 0 2 18 8 9 5 0 2 56 8 9 5 0 0 2 0 8 9 5 0 2 56 8 9 5 0 8 5 0 2 0 2 18 8 9 5 0 8 5 0 2 0 2 18 8 9 8 5 0 7 3 4 0 46 0 0 7 31 0 0 9 5 0 7 5 0 2 0 2 56 5 0 7 5 0 2 0 2 0 0 5 0 2 56 5 0 2 0 0 5 0 2 0 0 5 0 2 0 0 5 0 2 0 0 8 9 5 0 0 2 0 8 9 5 0 2 0 0 8 9 5 0 2 0 0 8 9 5 0 0 2 0 8 9 5 0 2 0 0 8 9 5 0 0 2 0 8 9 5 0 2 0 0 8 9 5 0 0 2 0 8 9 5 0 2 0 0 8 9 5 0 2 0 0 8 9 2 102 8 9 5 0 8 5 0 2 0 2 0 0 8 9 5 0 8 5 0 2 0 2 56 8 9 5 0 8 5 0 2 0 2 18 8 9 5 0 2 18 8 9 5 0 8 5 0 2 0 2 18 8 9 5 0 2 56 8 9 5 0 2 18 8 9 5 0 2 56 8 9 5 0 8 5 0 2 0 2 18 8 9 5 0 2 18 8 9 5 0 8 5 0 2 0 2 18 8 9 5 0 2 56 8 9 8 7 3 4 3 0 3 4 0 3 4 0 3 4 0 3 4 0 46 0 0 7 31 0 0 9 5 193 0 0 0 0 0 8 5 0 2 0 2 56 8 9 5 193 0 0 0 0 0 2 102 8 9 5 193 0 0 0 0 0 8 5 0 2 0 2 18 8 9 5 193 0 0 0 0 0 2 56 8 9 5 193 0 0 0 0 0 8 5 0 2 0 2 18 8 9 8 5 0 7 2 0 0 2 0 0 2 0 2 0 5 0 0 0 0 0 6 0 20 2 0 154 29 38 6 0 3 103 3 240 3 31 0 9 5 0 7 2 0 6 6 9 6 3 103 3 240 3 6 661 0 0 0 3 103 3 230 3 360 3 2 0 0 2 0 0 20 2 0 154 29 38 6 0 6 661 0 0 3 31 0 9 6 9 6 209 9 6 661 3 240 3 20 2 0 154 29 38 2 0 6 31 0 9 5 0 6 8 9 8 6 0 3 361 3 362 3 3 4 3 4 2 0 3 4 2 0 0 3 4 4 11 12 7 5 0 2 257 5 0 7 3 4 0 46 0 0 7 31 0 0 9 5 0 7 5 0 2 0 2 35 5 0 7 5 0 2 0 5 0 2 35 8 9 5 0 2 35 8 9 5 0 2 18 8 9 5 0 0 2 0 8 9 5 0 8 5 0 2 0 2 35 8 9 8 5 0 7 3 4 0 46 0 0 7 31 0 0 9 5 0 8 5 0 2 0 2 35 8 9 2 102 8 9 8 7 3 4 3 0 3 4 0 3 4 0 3 4 0 3 4 0 46 0 0 7 31 0 0 9 5 193 0 0 0 0 0 8 5 0 2 0 2 35 8 9 5 193 0 0 0 0 0 2 102 8 9 8 5 0 7 2 0 0 2 0 0 2 0 2 0 5 0 0 0 0 0 6 0 20 2 0 154 29 38 6 0 3 6 3 361 3 362 3 3 4 3 4 2 0 3 4 2 0 0 3 4 4 11 12 7 5 0 2 257 5 0 7 3 4 0 46 0 0 7 31 0 0 9 5 0 8 5 0 2 0 2 102 8 9 5 0 2 35 8 9 5 0 8 5 0 2 0 2 35 8 9 8 5 0 7 3 4 0 46 0 0 7 31 0 0 9 8 7 3 4 3 0 3 4 0 3 4 0 3 4 0 3 4 0 46 0 0 7 31 0 0 9 8 5 0 7 2 0 0 2 0 0 2 0 2 0 5 0 0 0 0 0 6 0 20 2 0 154 29 38 6 0 3 103 3 240 3 31 0 9 5 0 7 2 0 6 6 9 6 3 103 3 240 3 6 662 0 0 0 3 103 3 230 3 360 3 2 0 0 2 0 0 20 2 0 154 29 38 6 0 6 662 0 0 3 31 0 9 6 9 6 209 9 6 662 3 240 3 20 2 0 154 29 38 2 0 6 31 0 9 5 0 6 8 9 8 6 0 3 361 3 362 3 3 4 3 4 2 0 3 4 2 0 0 3 4 4 11 12 7 5 0 2 257 5 0 7 3 4 0 46 0 0 7 31 0 0 9 5 0 7 5 0 2 0 2 35 5 0 7 5 0 2 0 5 0 2 35 8 9 5 0 2 35 8 9 5 0 2 18 8 9 5 0 0 2 0 8 9 5 0 8 5 0 2 0 2 35 8 9 8 5 0 7 3 4 0 46 0 0 7 31 0 0 9 5 0 8 5 0 2 0 2 35 8 9 2 102 8 9 8 7 3 4 3 0 3 4 0 3 4 0 3 4 0 3 4 0 46 0 0 7 31 0 0 9 5 193 0 0 0 0 0 8 5 0 2 0 2 35 8 9 5 193 0 0 0 0 0 2 102 8 9 8 5 0 7 2 0 0 2 0 0 2 0 2 0 5 0 0 0 0 0 6 0 20 2 0 154 29 38 6 0 3 4 3 295 3 296 3 297 3 298 3 299 3 31 0 9 6 0 0 0 9 5 0 0 0 6 6 1 4 1 4 3 4 3 4 3 4 1 4 3 4 3 3 4 3 3 4 528 169 1 2 0 0 528 169 1 194 3 2 0 2 450 0 229 169 1 2 0 0 2 0 0 2 0 0 2 257 3 4 2 0 11 12 0 0 2 0 0 229 169 1 194 3 2 359 0 2 450 0 194 3 5 0 0 14 170 1 0 0 2 0 0 1 1 4 0 2 0 0 1 4 0 0 2 0 0 300 0 2 0 2 0 2 0 451 2 0 452 6 0 3 4 3 4 3 4 3 4 3 4 3 4 448 1 3 4 1 4 1 4 3 4 11 12 7 20 2 0 29 38 2 0 2 0 453 6 0 31 0 9 2 0 2 0 2 0 8 9 2 0 2 0 2 0 8 9 2 0 2 0 2 0 8 9 2 0 2 0 2 0 8 5 0 7 5 0 0 2 301 0 0 5 0 0 0 7 2 0 453 5 0 0 2 0 0 0 6 0 7 5 0 0 2 0 0 0 44 3 4 451 3 4 452 1 4 3 4 20 2 154 2 301 29 2 0 2 0 0 300 5 0 0 7 2 0 2 0 2 0 5 0 7 2 301 2 0 0 300 14 170 1 0 0 0 0 0 0 0 1 
82	123 3 4 3 4 4 4 4 1 4 1 4 1 4 36 1 6 0 1 3 31 0 9 6 123 1 
83	170 3 4 3 4 3 4 3 4 3 4 1 444 1 1 4 50 1 3 4 11 12 3 4 0 28 0 7 31 84 0 9 44 9 2 10 44 9 2 10 44 9 2 10 44 9 2 10 44 9 2 10 44 9 2 10 44 9 2 10 44 9 2 10 44 9 5 0 84 0 0 7 1 4 26 0 2 10 124 28 28 7 2 10 0 44 6 26 1 454 3 194 3 455 3 456 3 457 1 458 3 6 0 0 0 459 302 0 3 0 459 0 443 1 6 291 170 170 442 1 460 3 2 0 2 0 0 170 454 3 194 3 455 3 456 3 457 1 458 3 460 3 2 0 0 0 0 0 0 0 1 
84	407 407 30 1 2 0 36 1 5 0 6 5 0 6 6 1 4 407 1 1 4 407 1 1 4 407 1 1 1 1 1 1 4 0 176 100 1 663 1 2 0 0 2 0 0 1 6 0 663 1 2 0 0 177 1 6 0 100 1 2 0 0 3 6 32 0 3 6 32 0 83 3 81 1 5 0 1 6 1 4 1 0 6 0 32 0 0 32 0 87 3 6 60 32 0 32 0 36 1 6 26 26 1 1 1 
85	3 4 1 3 6 0 3 5 0 14 45 1 2 0 0 1 4 91 1 3 4 150 150 3 2 0 0 3 6 0 390 1 95 1 1 4 98 0 2 0 664 1 0 529 3 530 3 531 3 6 6 0 352 3 2 0 0 3 4 3 6 0 82 100 1 663 1 1 2 24 176 1 0 0 82 1 5 13 0 14 1 2 113 0 665 1 6 1 144 1 666 1 4 1 4 91 1 666 95 1 2 0 98 0 11 12 3 4 0 13 0 7 1 4 1 42 0 2 24 101 241 0 177 1 6 188 3 6 23 166 3 3 4 11 12 3 4 0 13 0 7 1 4 1 42 0 1 4 1 42 0 5 221 7 6 0 168 532 3 11 12 3 4 0 13 0 7 1 4 1 42 0 1 4 1 42 0 5 221 2 667 0 128 1 21 1 3 4 3 4 11 12 3 4 0 13 0 7 1 4 1 42 0 5 279 2 0 5 101 1 2 0 1 4 533 1 0 11 12 3 4 0 13 0 7 1 4 1 42 0 1 4 189 0 5 0 6 2 24 0 6 0 1 4 668 1 0 11 12 3 4 0 13 0 7 1 4 1 42 0 1 4 1 42 0 1 4 189 0 5 0 2 24 0 279 221 5 279 6 6 0 67 1 21 1 25 3 1 4 43 1 2 68 3 4 3 4 3 4 11 12 3 4 0 13 0 7 1 4 1 42 0 1 4 1 42 0 1 4 158 0 0 5 221 2 0 5 40 7 5 221 7 2 48 0 2 0 40 2 0 7 6 43 1 5 279 7 6 43 1 2 88 0 3 4 534 0 0 1 4 43 1 2 68 2 48 0 2 48 43 1 0 0 0 2 88 0 0 6 0 1 535 535 95 1 2 0 128 1 21 1 1 4 536 1 0 0 11 12 3 4 0 13 0 7 1 4 1 42 0 1 4 1 42 0 1 4 189 0 5 0 2 24 0 279 221 5 279 6 6 0 1 3 4 3 2 0 0 3 6 0 178 1 95 1 5 0 7 6 535 1 0 6 1 666 1 0 1 535 1 0 107 1 21 1 1 4 1 42 2 278 23 23 6 0 11 12 3 4 0 13 0 7 1 4 1 42 0 1 4 101 141 0 5 0 7 2 0 1 63 2 176 1 0 0 5 0 7 7 159 58 1 11 12 1 4 59 57 7 1 4 1 19 2 101 242 0 187 1 1 4 1 63 2 0 1 0 63 6 0 36 1 22 1 1 4 50 1 3 4 23 335 5 0 7 2 10 11 12 3 4 0 13 0 7 1 4 1 42 0 5 221 2 10 5 279 7 2 10 1 4 101 2 10 2 10 101 26 0 2 10 2 10 101 26 0 5 0 13 2 10 5 0 7 2 10 5 335 7 2 10 2 10 335 5 23 7 2 10 151 23 6 26 83 3 81 1 5 0 1 6 1 4 1 0 6 23 23 0 32 0 335 335 87 3 6 167 23 60 335 1 
86	1 4 1 4 669 1 3 4 3 4 3 4 3 4 3 4 668 127 1 2 0 670 1 4 3 4 3 4 3 4 1 4 1 4 670 128 1 671 3 672 3 1 39 1 2 0 0 2 0 19 2 0 0 2 0 0 2 0 0 2 0 0 82 128 1 671 3 672 3 3 4 5 0 0 7 5 0 7 14 1 2 0 0 2 0 0 2 0 5 0 2 0 5 0 7 5 0 7 2 0 670 1 0 0 0 0 0 2 0 3 0 11 12 3 4 0 0 0 2 0 0 98 534 0 0 3 4 1 4 55 280 1 2 19 2 120 0 0 55 3 280 1 353 3 5 0 2 3 4 1 4 46 0 0 7 2 0 5 0 0 0 0 0 7 5 0 0 7 2 0 0 2 0 0 2 0 0 2 0 0 44 2 222 0 0 0 0 5 0 7 2 0 0 2 0 0 6 2 0 2 0 0 11 12 1 4 0 0 0 0 7 5 0 7 2 0 120 0 0 5 0 2 0 2 0 0 6 25 3 6 0 39 3 3 4 46 0 0 7 2 0 0 5 0 0 0 0 0 7 6 2 0 2 0 0 11 12 1 4 0 0 0 0 7 1 4 0 16 0 27 0 7 2 222 27 120 2 0 19 5 0 7 2 0 6 55 3 5 0 2 6 0 0 0 669 3 4 3 4 0 1 4 1 0 1 4 669 128 1 2 0 0 99 3 6 0 1 3 6 673 1 0 673 1 4 3 4 673 3 1 2 0 0 2 0 0 243 25 3 55 3 1 4 0 3 4 0 0 1 4 0 0 5 0 7 2 0 0 0 1 2 0 0 1 70 3 74 3 14 86 1 67 1 25 3 14 86 1 36 1 1 4 50 1 2 10 11 12 1 4 0 0 0 0 7 2 10 26 2 10 2 10 6 26 1 
87	1 4 92 1 1 4 92 1 1 4 92 1 2 0 3 6 0 0 1 4 1 4 3 4 536 127 1 3 2 0 5 0 7 14 45 1 2 0 1 2 0 0 536 127 1 2 0 82 128 1 671 3 672 3 5 0 7 2 0 5 0 7 5 0 7 14 45 1 2 24 0 5 0 7 2 24 0 7 2 24 0 2 204 2 0 1 4 3 4 128 1 2 98 2 0 0 55 3 5 27 0 7 2 0 27 2 0 6 120 25 3 6 27 39 3 6 19 70 3 3 6 80 0 67 1 3 6 158 0 1 1 1 3 6 408 1 0 0 3 4 55 3 5 27 0 7 2 0 27 2 0 6 120 1 4 674 1 1 1 3 4 13 1 4 533 1 0 3 4 55 3 5 27 0 7 2 0 27 2 0 0 6 120 1 4 59 16 57 7 2 24 1 19 6 0 1 1 6 675 1 0 13 1 17 408 1 0 55 280 1 5 0 7 2 676 16 19 7 2 222 27 120 55 3 280 1 353 3 3 4 27 16 0 0 7 2 222 0 120 5 19 7 6 2 0 27 6 25 3 6 27 39 3 5 0 7 2 676 6 19 55 3 2 3 4 120 6 0 70 3 74 3 5 0 7 2 676 6 80 0 67 1 25 3 14 86 1 1 
88	1 4 1 4 72 1 2 0 0 537 1 21 1 5 0 7 2 0 538 1 1 4 1 17 0 5 0 7 6 0 1 4 539 0 2 89 0 0 6 0 36 1 6 0 83 3 81 1 5 0 1 6 6 0 32 1 0 87 3 6 60 1 
89	1 4 587 1 3 4 3 4 3 4 533 127 1 2 0 82 128 1 2 0 1 6 1 1 6 1 25 3 6 27 39 3 5 0 7 2 204 5 0 7 6 540 3 70 3 74 3 5 0 7 2 204 1 4 59 16 0 57 7 2 0 1 19 5 0 6 540 55 3 1 4 59 16 57 2 0 1 19 2 0 0 6 0 385 3 2 0 98 534 13 13 2 0 13 5 0 7 1 4 59 16 0 57 7 2 0 1 19 5 0 7 2 0 223 3 409 1 410 1 6 1 0 1 0 67 1 25 3 14 86 1 1 
90	1 4 541 72 1 2 0 0 107 1 21 1 6 159 58 1 1 4 3 4 3 4 95 1 2 0 98 0 177 1 6 188 3 6 0 166 3 2 0 23 6 0 0 168 532 3 2 0 0 2 0 0 128 1 21 1 6 677 1 0 0 67 1 21 1 25 3 1 4 1 189 0 3 4 17 0 1 4 43 1 5 0 7 2 68 0 2 88 0 2 48 43 1 23 2 48 43 1 0 7 2 68 0 0 2 88 6 0 1 677 1 4 3 4 3 4 677 127 1 21 1 1 2 0 2 0 40 2 0 539 0 39 3 2 0 0 6 0 25 3 6 0 55 3 6 0 70 3 74 3 6 0 67 1 25 3 14 86 1 1 178 1 95 1 6 541 1 1 0 36 1 22 1 6 26 23 23 83 3 81 1 5 0 6 5 0 1 6 1 4 1 0 6 23 23 32 0 87 3 6 60 167 23 1 
91	1 4 1 4 1 4 3 4 3 4 115 1 1 1 3 3 5 0 7 2 0 5 0 32 7 2 0 5 0 7 2 0 2 0 0 2 0 0 2 0 0 2 0 0 155 1 6 0 1 6 0 1 6 0 3 6 0 3 6 0 107 1 21 1 1 4 411 1 0 0 0 0 0 0 0 0 1 4 541 1 0 2 278 23 6 0 36 1 22 1 1 4 50 1 5 149 32 0 7 2 10 149 2 10 2 10 0 2 10 0 0 2 10 2 10 0 0 2 10 0 5 23 7 2 10 2 10 26 23 6 26 83 3 81 1 5 0 6 5 0 1 6 1 4 1 0 5 0 0 32 0 0 6 5 0 0 32 0 0 6 6 23 23 87 3 3 4 167 23 60 2 0 0 60 2 0 0 60 2 0 0 0 6 0 1 
92	678 3 115 1 3 6 3 679 0 244 3 166 3 6 3 679 0 542 3 161 3 6 3 679 0 680 3 681 3 6 0 412 3 105 3 232 3 6 3 0 3 0 529 3 530 3 531 3 6 0 3 0 1 
93	1 4 92 1 3 4 682 683 3 2 0 0 682 1 683 3 2 0 0 2 24 0 82 100 1 2 24 0 82 1 2 0 325 0 1 6 59 684 684 95 1 2 0 0 11 12 3 4 0 13 0 2 24 1 17 0 177 1 6 188 3 6 23 166 3 3 4 4 11 12 3 4 0 13 0 7 3 4 1 17 0 2 0 0 2 0 336 0 0 6 0 0 0 0 0 23 23 168 532 3 11 12 3 4 0 13 0 2 1 17 0 128 1 21 1 1 4 685 1 0 98 0 11 12 3 4 0 13 0 7 1 4 1 17 0 1 4 189 0 5 0 6 2 24 0 6 0 67 1 21 1 25 3 5 13 6 1 17 1 4 43 1 3 4 4 2 68 0 0 11 12 3 4 0 13 0 7 1 4 1 17 0 5 40 7 2 48 0 2 0 40 2 0 336 0 40 2 88 0 0 0 0 6 0 1 178 1 95 1 6 684 1 0 107 1 21 1 5 13 7 1 4 1 17 1 4 141 0 5 23 7 5 0 0 2 0 1 63 2 278 23 23 6 0 1 4 11 12 3 4 0 13 0 7 1 4 1 17 0 1 4 141 0 5 0 0 7 5 0 2 0 1 63 2 69 0 0 5 0 6 0 6 187 1 1 4 1 63 2 0 1 0 63 6 0 159 58 1 11 12 3 4 0 13 0 7 2 1 17 0 36 1 22 1 1 4 50 1 2 10 11 12 3 4 0 13 0 7 1 4 1 17 0 2 10 2 10 26 0 2 10 2 10 26 0 5 0 13 2 10 2 10 5 0 7 2 10 2 10 0 5 23 7 2 10 2 10 23 6 26 83 3 81 1 5 0 1 6 1 4 1 0 6 23 23 0 0 0 32 0 87 3 6 167 23 167 0 60 1 
94	1 4 92 1 3 4 685 683 3 127 1 2 0 2 0 0 82 128 1 2 24 0 2 0 39 3 5 0 6 5 0 7 2 2 0 3 4 1 17 46 1 17 0 7 5 1 17 2 543 7 2 5 6 0 6 25 3 6 1 17 55 3 3 4 1 17 3 4 1 17 4 0 3 4 13 2 544 0 0 0 0 2 544 0 0 0 0 6 0 0 0 0 3 99 3 25 3 3 353 3 5 0 0 1 17 0 0 7 3 4 1 17 0 2 0 0 2 0 336 0 0 2 544 0 0 0 0 0 2 544 0 0 0 0 0 70 3 74 3 16 13 1 17 0 7 5 1 17 2 543 2 5 13 6 0 6 67 1 25 3 14 86 1 3 4 13 11 12 3 4 0 0 0 2 543 0 3 1 4 1 17 0 3 4 27 3 4 0 4 13 16 0 0 7 3 4 0 1 4 1 17 0 3 4 27 3 4 0 4 0 1 4 5 0 0 7 2 0 1 17 0 2 0 27 5 0 0 7 5 0 0 7 2 69 0 0 2 69 0 0 2 0 0 7 2 69 0 0 2 69 0 0 2 0 0 5 0 0 7 2 69 0 0 2 69 0 0 2 0 0 6 3 4 13 5 0 2 216 7 2 69 17 0 2 216 0 2 543 1 
95	3 4 1 4 3 4 1 4 3 4 3 4 3 4 0 408 1 3 2 2 0 13 5 0 7 14 45 1 5 0 7 14 45 1 2 0 0 2 0 0 408 1 2 0 1 4 59 2 0 686 1 0 16 57 7 1 4 1 19 2 195 0 1 686 686 99 3 2 148 0 185 3 409 1 410 1 6 1 0 1 0 39 3 5 0 7 2 5 13 0 7 6 7 6 3 1 4 1 109 2 0 27 2 0 120 2 0 5 19 7 2 273 7 2 110 5 13 0 0 7 6 5 13 7 2 0 1 109 5 27 0 7 7 2 0 120 2 0 5 0 0 7 6 5 13 0 7 6 55 3 6 0 25 3 6 0 3 6 0 70 3 74 3 5 0 7 2 5 13 0 7 6 5 0 0 7 6 46 7 1 4 1 109 5 27 0 7 6 5 80 0 7 2 273 7 2 110 5 13 0 7 6 67 1 25 3 1 4 43 1 2 68 0 1 4 59 16 57 7 2 48 1 19 6 0 1 
96	545 61 1 687 1 327 3 127 1 145 3 2 0 0 0 0 0 688 3 11 12 1 4 0 0 0 0 7 2 3 4 46 0 0 7 5 237 6 3 0 2 6 3 0 1 
97	43 43 131 3 1 2 0 0 2 0 0 188 3 6 0 131 3 2 0 0 1 6 0 1 2 0 0 1 5 0 6 6 1 144 1 1 5 0 2 0 92 1 2 24 0 36 1 6 26 36 1 3 1 4 50 1 11 12 3 4 0 0 0 7 2 10 2 10 40 2 10 2 10 546 2 10 1 4 5 0 7 11 12 3 4 0 0 0 7 2 10 0 0 26 0 6 26 1 1 4 50 1 2 10 2 10 2 10 40 2 10 2 10 546 2 10 1 4 5 0 7 11 12 3 4 0 0 0 7 2 10 0 0 2 10 6 26 1 1 1 
98	3 4 689 1 4 3 4 689 3 547 1 2 0 0 2 0 0 3 690 1 3 690 1 1 4 337 1 548 3 21 1 22 1 548 3 21 1 22 1 549 1 550 3 21 1 22 1 550 3 21 1 22 1 549 1 1 21 1 22 1 1 21 1 22 1 1 21 1 22 1 1 21 1 22 1 551 1 
99	281 281 22 1 214 3 208 1 2 0 85 2 0 0 2 0 2 0 0 281 22 1 1 2 0 85 2 0 0 2 0 0 2 0 83 3 81 1 5 0 1 7 1 4 1 0 5 0 0 0 0 7 5 0 0 32 0 7 5 0 7 5 0 6 5 32 0 7 6 6 87 3 6 60 0 0 60 0 60 1 4 1 3 131 1 6 691 0 1 4 1 3 131 1 6 692 0 1 4 538 1 547 1 21 1 22 1 214 3 208 1 1 4 281 1 0 0 0 62 1 4 1 17 0 5 0 6 6 17 0 547 1 21 1 22 1 1 1 4 281 1 0 0 62 1 4 1 17 0 5 0 6 6 17 0 304 1 21 1 22 1 214 3 208 1 131 1 1 4 281 1 0 0 0 62 1 4 1 17 0 5 0 7 2 0 226 1 2 89 0 0 6 89 0 0 304 1 21 1 22 1 1 131 1 1 4 281 1 0 0 62 1 4 1 17 0 5 0 7 2 0 226 1 2 89 0 0 6 89 0 0 548 3 21 1 22 1 6 693 0 0 0 548 3 21 1 22 1 549 1 2 0 85 1 4 282 0 0 0 5 0 7 3 4 3 71 1 4 146 1 4 108 79 1 0 20 46 19 7 1 4 66 5 0 47 0 8 3 4 691 54 2 49 0 16 19 7 2 0 27 0 2 15 2 15 2 283 0 0 0 0 6 0 6 3 0 550 3 21 1 22 1 6 694 0 0 0 550 3 21 1 22 1 549 1 2 0 85 1 4 282 0 0 0 5 0 7 3 4 3 71 1 4 146 1 4 108 79 1 0 20 46 19 7 1 4 66 5 0 47 0 8 3 4 692 54 2 49 0 16 19 7 2 0 27 0 2 15 2 15 2 283 0 0 0 0 6 0 6 3 0 1 21 1 22 1 2 0 85 1 4 282 0 0 0 5 0 7 1 4 1 71 1 4 146 1 4 108 79 1 0 20 46 19 7 1 4 66 5 0 47 0 8 1 4 54 2 49 0 16 19 7 2 0 27 0 2 15 2 15 2 283 0 0 0 0 6 0 6 1 0 1 21 1 22 1 2 0 85 1 4 282 0 0 0 5 0 7 3 4 3 71 1 4 1 71 1 4 146 1 4 108 79 1 0 2 0 0 20 46 19 7 1 4 66 5 0 47 0 8 5 0 0 14 90 1 0 2 0 0 54 2 49 0 16 19 7 2 0 27 0 2 0 2 15 2 15 5 0 7 2 0 1 5 0 0 7 1 4 1 0 2 112 0 0 0 2 0 0 1 4 689 1 0 0 2 283 0 0 0 0 6 0 6 1 0 1 21 1 22 1 2 0 85 1 4 282 0 0 0 5 0 7 1 4 108 79 1 0 20 1 4 66 5 0 7 14 90 1 0 5 47 0 7 1 4 54 20 2 691 0 2 0 693 0 0 29 20 2 692 0 2 0 694 0 0 29 2 0 0 0 5 0 7 2 283 0 0 0 0 7 14 90 1 0 2 15 6 0 1 21 1 22 1 551 1 2 0 85 1 4 282 0 0 0 5 0 7 1 4 1 71 1 4 146 1 4 108 79 1 0 20 46 19 7 1 4 66 5 0 47 0 8 1 4 54 2 49 0 16 19 7 2 0 27 0 2 15 2 15 2 283 0 0 0 0 6 0 6 1 0 1 
100	1 4 552 25 3 55 3 2 0 0 552 25 3 55 3 143 1 2 0 0 2 0 0 1 
101	1 4 1 4 553 143 1 99 3 2 0 0 2 0 0 2 148 0 143 1 5 0 7 2 0 0 2 0 0 581 1 6 0 1 143 1 5 0 6 1 4 1 0 11 12 3 4 0 0 0 7 1 4 0 0 554 5 0 2 0 0 526 0 6 0 185 3 165 1 78 1 1 4 1 0 1 4 1 0 3 4 0 3 4 11 12 3 4 0 0 0 0 7 3 4 0 0 31 0 9 0 3 4 1 0 0 3 4 1 0 0 5 0 0 2 0 5 0 0 2 0 8 9 0 0 3 4 1 0 0 3 4 1 0 0 5 0 0 2 0 5 0 0 2 0 8 9 0 1 4 1 0 0 1 4 1 0 0 5 0 2 0 0 5 0 0 554 7 2 0 73 0 7 2 0 0 0 555 0 0 8 9 0 3 4 1 0 0 3 4 1 0 0 5 0 0 2 0 5 0 0 2 0 8 9 0 2 0 0 0 73 0 0 8 9 0 14 90 1 9 14 90 1 0 5 0 0 695 7 2 0 0 5 0 6 0 0 6 0 1 
102	696 21 1 143 1 99 3 3 4 0 2 0 1 0 2 0 1 0 11 12 3 4 0 0 0 7 1 4 0 0 149 2 0 0 0 0 0 0 0 0 554 0 0 5 0 0 0 7 2 0 0 152 1 0 0 0 554 0 0 695 7 2 0 0 152 1 0 0 0 0 0 695 2 148 0 1 4 1 4 3 4 0 697 3 6 0 698 3 1 2 0 336 0 0 6 195 0 698 3 1 6 195 1 0 185 3 165 1 78 1 1 4 1 0 1 4 1 0 3 4 0 3 4 11 12 3 4 0 0 0 0 7 2 0 0 0 0 555 0 0 0 0 555 0 0 5 0 6 0 0 6 0 1 25 1 3 4 0 1 4 1 0 11 12 3 4 0 0 0 2 0 0 0 0 0 2 0 0 6 0 581 1 6 0 1 4 538 1 547 1 21 1 22 1 214 3 208 1 699 1 1 1 4 0 337 1 1 0 0 337 1 1 0 0 0 62 0 1 4 1 17 0 5 0 6 6 1 17 0 304 1 21 1 22 1 214 3 208 1 699 1 131 1 1 1 4 0 337 1 1 0 0 337 1 1 0 0 0 62 0 1 4 1 17 0 5 0 7 2 0 226 1 2 89 0 0 6 89 0 0 1 21 1 245 1 214 3 208 1 699 1 5 0 0 6 0 5 0 0 6 0 1 4 282 0 0 0 0 0 5 0 7 31 0 9 0 2 0 0 0 8 9 0 2 0 0 0 8 9 0 2 0 0 0 8 9 0 5 0 2 0 0 0 0 2 0 700 0 0 8 9 0 2 0 0 0 8 9 14 90 1 0 2 283 0 0 0 0 0 0 6 0 1 21 1 245 1 1 4 85 3 4 693 0 0 6 246 1 223 3 52 1 213 1 3 4 0 0 3 4 0 0 5 0 0 6 5 0 0 6 6 247 1 52 1 6 248 1 0 0 249 3 6 0 1 21 1 245 1 1 4 85 3 4 694 0 0 6 246 1 223 3 52 1 213 1 3 4 0 0 3 4 0 0 5 0 0 6 5 0 0 6 6 247 1 52 1 6 1 0 0 249 3 6 0 1 21 1 245 1 1 4 85 1 1 4 0 0 6 246 1 223 3 52 1 213 1 3 4 0 0 3 4 0 0 5 0 0 6 5 0 0 6 6 247 1 52 1 6 0 0 0 249 3 6 0 1 21 1 245 1 208 1 1 4 526 0 1 4 85 1 4 0 0 6 246 1 223 3 52 1 213 1 6 555 0 0 0 0 247 1 52 1 6 0 0 249 3 6 0 1 21 1 245 1 1 4 85 1 4 0 0 5 0 1 1 7 6 700 0 0 5 0 3 7 6 0 0 5 0 3 7 6 0 0 5 0 1 7 6 700 0 0 7 14 90 1 0 1 
103	537 1 21 1 1 1 1 
104	1 4 1 4 100 1 72 1 2 0 0 2 0 0 178 1 95 1 1 4 241 0 1 4 98 0 6 1 188 3 6 40 166 3 6 168 3 2 667 0 67 1 1 52 3 6 158 0 0 177 1 6 128 1 1 1 4 189 0 1 4 539 0 6 701 1 0 39 3 46 17 27 7 5 19 7 6 6 25 3 6 27 70 3 52 3 5 80 0 7 6 16 17 27 7 3 4 27 5 0 7 6 5 80 0 7 6 6 55 3 6 120 67 1 52 3 1 4 158 0 5 17 0 2 68 546 2 68 546 6 0 107 1 21 1 1 4 141 0 5 0 0 7 1 4 1 63 2 0 0 6 0 7 6 177 1 6 0 1 6 0 159 58 1 2 101 242 0 36 1 130 1 1 4 50 1 2 10 2 10 26 0 2 10 2 10 0 2 10 151 23 6 26 83 3 81 1 5 0 1 7 1 4 1 0 6 32 0 32 0 6 87 3 6 60 60 1 
105	1 4 1 4 702 3 34 1 703 3 704 3 1 2 0 0 1 4 66 5 0 0 2 0 0 2 19 105 3 5 0 6 6 138 39 3 2 0 16 0 7 5 6 5 19 7 1 4 66 5 0 7 2 0 0 6 6 2 0 6 34 1 6 0 41 2 15 2 0 2 0 1 
106	3 4 3 4 3 4 3 4 405 34 1 3 3 2 0 5 0 14 45 1 5 0 14 45 1 5 0 14 45 1 2 0 0 2 0 0 405 34 1 3 2 0 0 0 405 34 1 2 0 0 0 3 6 0 3 6 0 517 1 21 1 6 413 1 0 414 0 0 107 1 21 1 1 4 207 0 3 4 1 4 705 1 0 20 46 19 7 3 4 3 4 1 4 66 5 0 7 2 0 5 13 0 0 0 7 2 195 706 1 0 0 2 15 1 4 150 1 3 4 13 11 12 3 4 0 0 0 7 1 4 1 110 6 0 36 1 22 1 1 4 50 1 1 4 414 5 47 32 0 7 2 10 47 2 10 2 10 54 2 10 2 10 26 0 2 10 151 23 6 26 706 1 4 3 4 706 34 1 55 3 2 0 0 2 0 0 705 705 99 3 2 148 0 185 3 165 1 78 1 1 4 1 0 1 4 1 0 5 0 0 6 73 0 6 0 0 1 83 3 81 1 5 0 6 5 0 1 6 5 32 0 6 1 4 1 0 5 0 0 6 5 0 0 6 6 87 3 3 4 60 2 0 0 0 167 0 2 0 0 0 6 0 1 
107	3 4 3 4 3 4 3 4 1 4 1 4 1 4 1 4 3 4 3 4 3 4 3 0 413 21 1 34 1 2 0 0 0 0 413 21 1 34 1 521 3 2 0 0 0 0 413 21 1 34 1 521 3 3 2 5 0 14 45 1 5 0 14 45 1 5 0 14 45 1 2 0 0 2 0 0 2 0 0 2 0 47 3 4 54 28 3 4 0 0 0 0 2 0 54 124 0 2 0 54 124 0 2 2 0 2 108 79 1 47 0 702 3 34 1 5 0 47 54 402 0 7 1 4 54 124 28 2 0 0 6 0 0 2 0 6 703 3 6 3 0 0 0 704 3 6 0 352 3 165 3 78 3 252 3 3 4 0 0 0 0 6 0 0 0 0 3 6 3 0 28 0 127 3 74 1 3 4 28 3 4 28 5 0 7 6 28 3 0 28 5 0 7 6 28 3 0 28 3 4 0 5 0 0 0 7 6 5 0 0 0 7 2 0 11 12 3 4 0 0 0 2 0 0 0 11 12 3 4 0 0 0 2 0 0 0 11 12 3 4 0 0 0 7 3 4 0 3 4 84 0 11 12 3 4 0 0 0 7 5 0 84 0 7 2 0 0 0 136 0 0 0 0 0 0 0 0 0 7 2 0 0 0 136 0 0 0 0 0 0 0 0 0 2 0 136 0 0 0 0 6 6 3 0 0 0 3 28 136 0 0 429 3 11 12 3 4 0 0 0 7 2 0 0 3 0 3 429 3 6 0 0 0 0 0 11 12 3 4 0 0 0 7 2 0 0 0 3 429 3 6 3 0 136 28 0 28 41 1 
108	707 1 4 3 4 1 4 3 4 707 708 1 3 2 0 0 2 0 0 1 5 0 2 6 0 3 6 120 0 3 6 0 2 0 27 0 2 0 463 3 6 23 196 1 30 1 6 17 0 36 1 1 4 50 1 2 10 2 10 26 2 10 2 10 0 2 10 5 0 7 2 10 7 2 10 2 10 6 26 1 1 1 
109	243 25 3 55 3 
110	709 1 4 3 4 709 708 1 2 0 0 3 6 0 28 39 1 5 0 28 14 1 1 4 707 1 0 0 2 0 6 0 14 86 1 126 3 6 28 1 
111	416 99 3 2 148 0 185 3 165 1 78 1 1 4 1 0 1 4 1 0 5 0 0 6 0 0 6 0 0 1 
112	1 4 1 4 1 4 1 4 338 130 1 654 1 156 1 2 0 556 0 2 0 0 2 0 0 338 130 1 654 1 156 1 81 1 2 0 556 0 2 0 0 2 0 0 2 0 0 352 3 5 13 0 7 2 0 13 1 4 0 121 0 0 0 121 0 0 0 0 2 0 0 1 4 0 3 4 5 0 339 7 2 0 339 3 4 0 0 0 0 11 12 3 4 13 0 0 0 7 2 113 710 1 0 0 0 0 0 0 0 126 3 6 0 25 1 51 3 1 4 711 0 1 4 0 5 0 7 6 0 55 3 51 3 6 711 0 0 3 51 3 6 711 0 0 1 6 709 1 1 51 3 5 0 0 7 14 1 0 5 0 13 7 2 0 6 1 42 0 5 0 7 2 0 0 7 2 0 0 2 0 0 2 0 0 2 0 2 0 5 0 7 2 0 0 7 2 0 0 5 0 7 2 0 0 7 2 0 0 2 0 710 3 4 3 4 1 4 710 130 3 52 3 2 0 0 2 0 0 
113	1 4 3 4 340 220 1 2 318 0 340 65 1 2 318 0 340 227 1 2 0 340 227 1 3 2 0 0 2 0 0 1 6 0 41 5 0 2 15 105 3 34 1 6 138 0 25 1 52 3 6 496 0 173 3 6 71 75 1 61 1 72 1 284 3 14 45 1 1 4 557 1 0 2 121 0 0 0 6 75 1 61 1 72 1 284 3 157 1 1 4 712 1 0 0 0 2 121 0 0 0 6 1 75 61 1 72 1 224 1 1 4 0 5 0 7 1 4 539 0 2 0 415 1 243 25 3 55 3 2 222 0 0 1 4 189 0 5 0 6 2 120 0 107 1 417 1 1 4 0 11 12 1 4 141 0 0 0 0 141 0 7 2 0 0 6 0 67 1 61 1 25 3 6 158 0 0 1 
114	713 1 4 3 4 3 4 3 4 713 21 1 127 1 1 2 0 2 0 0 2 0 2 0 71 2 0 40 67 1 25 3 25 3 6 0 39 3 16 0 0 7 2 0 5 314 0 7 6 6 55 3 6 0 70 3 74 3 2 0 0 6 19 1 714 1 4 3 4 3 4 714 95 1 2 0 0 36 1 6 177 1 6 188 3 6 0 166 3 2 0 23 6 0 0 168 244 3 2 0 0 2 0 0 128 1 21 1 6 713 1 0 98 0 67 1 21 1 25 3 1 4 43 1 2 68 2 88 40 5 23 7 2 48 43 1 23 2 48 43 1 0 6 0 1 178 1 95 1 6 714 1 0 159 58 1 36 1 22 1 1 4 50 1 2 10 2 10 151 23 6 26 83 3 81 1 5 0 1 6 1 4 1 0 6 23 23 87 3 6 167 23 1 
115	1 4 1 4 92 1 1 4 91 1 3 4 130 3 2 0 0 715 3 6 0 82 34 1 2 24 1 0 82 58 1 3 4 5 13 2 0 1 2 24 0 0 82 58 1 266 3 5 13 2 0 0 47 11 12 3 4 0 0 0 7 5 0 0 47 0 7 14 45 1 0 0 0 2 24 0 2 113 248 1 0 1 6 0 629 3 3 4 3 13 11 12 3 4 0 13 0 2 0 0 1 42 0 6 0 159 58 1 11 12 1 4 59 57 7 1 4 1 19 11 12 3 4 0 0 0 7 2 24 0 0 716 1 4 3 4 3 4 3 4 3 4 716 95 1 2 0 98 0 1 4 59 16 57 7 1 4 1 19 11 12 3 4 0 0 0 7 2 0 98 341 0 0 0 0 177 1 6 188 3 6 0 166 3 168 244 3 2 0 0 128 1 21 1 6 1 4 1 13 11 12 3 4 0 0 0 7 1 4 1 17 0 1 4 5 0 2 0 621 1 0 0 2 0 219 0 5 0 6 2 0 0 0 5 0 6 545 1 0 399 0 119 0 6 558 1 0 399 0 0 119 0 67 1 21 1 25 3 1 4 43 1 2 68 101 0 1 4 43 1 0 101 1 4 43 1 2 68 101 1 4 43 1 23 5 23 2 48 0 2 48 0 1 4 43 1 0 2 48 0 2 88 40 40 40 2 48 0 1 4 43 1 2 68 101 0 1 4 189 158 0 0 2 48 0 2 48 0 1 4 43 1 3 4 119 0 3 4 0 559 0 0 2 88 0 2 68 0 0 2 48 0 2 88 40 40 40 2 48 0 2 88 40 40 5 40 6 0 6 0 1 107 1 21 1 1 4 1 17 1 4 150 1 11 12 3 4 0 0 0 7 2 24 333 1 0 0 0 2 278 23 6 0 178 1 95 1 6 716 1 0 36 1 156 1 1 4 50 1 5 32 0 7 2 10 0 2 10 2 10 1 4 59 16 57 7 1 4 1 19 5 0 7 2 10 11 12 3 4 0 0 0 7 2 10 0 0 54 5 0 0 2 10 2 10 7 2 10 0 54 5 57 2 10 2 10 5 0 7 2 10 2 10 0 2 10 151 23 6 26 83 3 81 1 5 0 1 6 1 4 1 0 6 23 23 0 0 0 32 0 0 32 0 87 3 6 167 23 0 60 60 1 
116	717 717 1 173 3 2 0 0 2 0 0 105 3 34 1 3 4 20 2 0 1 17 0 29 38 14 45 1 54 6 0 560 3 58 1 3 4 3 0 11 12 3 4 0 0 0 7 2 0 0 138 0 0 6 0 173 3 6 0 107 1 100 1 6 0 41 14 86 1 25 1 52 3 14 86 1 67 1 61 1 25 3 14 86 1 75 61 1 72 1 224 1 14 86 1 75 1 61 1 72 1 51 3 14 86 1 75 1 61 1 72 1 51 3 157 1 14 86 1 1 1 4 3 4 3 4 1 2 0 0 11 12 3 4 0 0 0 7 2 0 0 0 2 0 0 0 1 6 0 3 6 0 41 11 12 3 4 0 0 0 2 0 0 15 105 3 34 1 3 4 11 12 3 4 0 0 0 2 0 0 0 138 0 6 0 25 1 51 3 16 0 0 7 3 4 0 0 3 4 0 0 5 0 0 2 0 0 5 0 0 2 0 0 16 0 0 0 0 0 7 6 0 6 0 3 51 3 6 0 0 0 173 3 6 0 75 1 61 1 72 1 284 3 1 4 416 1 0 3 4 1 4 0 0 121 0 0 0 1 4 0 1 4 0 0 5 195 0 7 1 4 1 13 2 0 0 1 110 3 4 0 0 0 0 6 418 1 0 0 0 75 1 61 1 72 1 51 3 157 1 1 4 3 4 3 4 0 1 4 0 0 121 0 0 0 0 5 0 2 0 553 1 0 0 2 0 336 0 339 1 4 0 1 4 0 0 5 195 0 7 1 4 1 13 2 0 0 1 110 6 419 1 0 0 718 0 75 61 1 72 1 224 1 11 12 3 4 0 0 0 7 3 4 0 0 2 0 0 121 0 0 415 1 243 25 3 55 3 2 222 0 0 0 107 1 417 1 1 4 1 0 11 12 3 4 0 0 0 7 2 0 0 0 0 141 0 6 0 0 67 1 61 1 25 3 178 1 417 1 1 4 141 0 1 4 180 1 2 242 0 1 4 1 13 2 144 0 3 4 3 13 11 12 3 4 0 0 0 7 3 4 0 0 0 11 12 3 4 0 0 0 7 2 0 0 0 0 1 4 226 1 11 12 3 4 0 0 0 7 2 89 0 0 248 1 0 0 3 4 71 1 4 717 1 0 0 6 556 0 1 
117	1 4 34 1 2 0 0 719 1 6 0 517 1 21 1 107 1 21 1 1 4 207 0 1 4 150 1 20 46 19 7 1 4 66 5 0 7 2 15 6 0 36 1 22 1 1 4 50 1 5 47 32 0 7 2 10 47 2 10 2 10 54 2 10 151 23 6 26 83 3 81 1 5 0 6 5 0 1 6 1 4 1 0 5 32 0 6 6 23 23 87 3 6 60 250 23 1 
118	25 3 14 86 1 39 3 6 55 3 14 86 1 70 3 74 3 6 67 1 25 3 1 4 43 1 2 68 6 0 1 
119	1 4 3 4 1 2 0 2 0 0 2 0 105 3 34 1 6 138 0 75 1 61 1 72 1 284 3 1 4 416 1 0 3 4 1 4 1 0 2 0 0 420 1 0 0 0 0 0 0 0 0 0 2 0 0 122 11 12 3 4 0 0 0 7 20 2 0 0 29 1 4 0 0 5 0 7 2 0 0 0 7 14 0 1 4 1 13 2 0 0 1 110 3 4 0 0 0 0 6 418 1 0 0 0 75 1 61 1 72 1 284 3 157 1 1 4 553 1 0 3 4 1 4 1 0 2 0 0 420 1 0 0 0 0 0 0 0 0 0 0 2 0 0 122 3 4 0 11 12 3 4 0 0 0 7 20 2 0 0 29 1 4 0 0 5 0 7 2 0 0 0 2 0 336 0 0 0 339 7 14 0 1 4 1 13 2 0 0 1 110 6 419 1 0 0 718 0 75 61 1 72 1 224 1 11 12 3 4 0 0 0 7 3 4 0 0 2 0 0 121 0 0 415 1 243 25 3 55 3 2 222 0 0 0 107 1 417 1 6 141 0 1 420 1 4 1 4 1 4 3 4 1 4 3 4 1 4 3 4 1 4 1 4 420 1 61 1 72 1 284 3 720 1 52 3 628 3 30 1 2 0 2 0 0 2 0 0 2 0 0 2 0 0 2 0 0 2 0 0 2 0 0 420 1 61 1 72 1 284 3 720 1 157 1 52 3 628 3 30 1 2 0 2 0 0 2 0 0 2 0 0 2 0 0 2 0 0 2 0 0 2 0 0 2 0 0 20 2 0 0 121 0 0 0 121 0 0 0 0 29 389 2 0 0 5 0 7 5 0 7 2 1 0 1 4 0 11 12 3 4 0 0 7 1 4 0 0 62 0 5 195 0 8 708 3 6 0 697 3 6 339 1 6 0 1 
120	721 172 1 81 3 2 0 0 2 0 0 5 19 7 6 2 0 27 2 0 6 70 3 74 3 5 80 0 7 6 2 0 27 2 0 6 2 237 269 3 2 0 237 0 6 
121	1 4 1 4 91 1 1 4 91 1 3 4 655 130 3 2 0 0 715 3 6 0 82 34 1 3 4 5 13 2 0 1 2 24 0 0 82 34 1 266 3 5 13 2 0 47 5 47 0 14 45 1 0 2 113 0 2 113 248 1 0 206 1 6 1 144 1 629 3 3 4 3 13 11 12 3 4 0 13 0 2 0 0 1 42 0 6 0 722 1 4 3 4 3 4 3 4 3 4 722 95 1 2 0 98 0 2 0 341 0 0 36 1 6 177 1 6 188 3 6 0 166 3 168 244 3 2 0 0 128 1 21 1 6 1 4 1 13 11 12 3 4 0 13 0 7 1 4 219 1 42 0 5 0 6 2 0 0 0 6 545 1 0 399 0 119 0 6 558 1 0 399 0 0 119 0 67 1 21 1 25 3 1 4 43 1 2 68 101 0 1 4 50 1 1 4 50 1 2 10 11 12 3 4 0 13 0 7 5 0 7 2 10 2 10 1 4 1 42 0 2 10 54 2 10 2 10 138 0 2 10 54 2 10 1 4 43 1 0 0 0 1 4 43 1 2 68 101 1 4 43 1 23 5 23 2 48 0 2 48 0 1 4 43 1 0 2 48 0 2 88 40 40 40 2 48 0 1 4 43 1 2 68 0 0 0 1 4 189 158 0 0 2 48 0 2 48 0 1 4 43 1 3 4 119 0 3 4 0 559 0 0 2 88 0 2 68 0 0 2 48 0 2 88 40 40 40 2 48 0 2 88 40 40 5 40 6 0 6 0 1 178 1 95 1 1 4 1 42 1 4 333 1 0 2 278 23 6 241 0 6 722 1 0 159 723 1 2 325 0 36 1 156 1 1 4 50 1 5 32 0 7 2 10 0 2 10 2 10 11 12 3 4 0 13 0 7 2 10 1 42 0 5 0 13 2 10 2 10 5 0 7 2 10 2 10 0 2 10 151 23 6 26 83 3 81 1 5 0 1 6 1 4 1 0 6 23 23 0 0 0 32 0 0 32 0 87 3 6 167 23 0 60 60 1 
122	99 3 2 148 0 185 3 409 1 410 1 1 4 1 0 1 4 1 0 5 0 0 6 0 0 6 0 0 1 
123	1 4 3 4 3 4 3 4 3 4 1 4 1 4 4 3 4 61 1 687 1 327 3 127 1 145 3 2 0 2 0 0 2 0 0 2 0 40 11 12 3 4 0 0 0 7 1 4 721 1 0 0 0 0 2 0 0 2 0 0 25 3 6 0 39 3 5 0 7 2 204 2 0 5 0 7 6 540 3 16 0 7 5 0 7 55 3 70 3 74 3 11 12 1 4 0 0 0 0 0 7 2 0 80 0 5 0 6 540 688 3 385 11 12 1 4 0 0 0 0 0 2 0 19 5 0 2 503 157 2 263 11 12 1 4 0 0 0 0 2 89 0 2 2 0 0 16 109 7 1 4 1 110 2 0 0 2 0 0 2 0 2 0 0 2 0 0 2 0 67 1 25 3 1 4 43 1 16 19 27 0 7 3 4 27 0 0 2 88 98 342 0 2 68 0 6 0 36 1 6 0 1 
124	1 4 658 1 2 0 0 1 6 0 107 1 21 1 1 4 150 1 1 4 108 0 20 1 4 54 1 4 47 46 19 7 1 4 66 5 0 54 402 0 47 0 7 7 8 2 15 6 0 36 1 22 1 1 4 50 1 5 47 32 0 7 2 10 47 2 10 2 10 54 2 10 2 10 151 23 6 26 83 3 81 1 5 0 1 6 1 4 1 0 6 23 23 0 32 0 87 3 6 167 23 60 1 
125	580 78 3 2 0 0 463 3 6 0 36 1 22 1 36 1 6 26 178 1 95 1 14 86 1 61 1 95 1 1 4 141 1 4 241 0 3 4 3 4 98 0 0 2 667 0 6 0 107 1 21 1 6 1 524 1 1 4 180 1 11 12 3 4 0 0 0 7 1 4 0 0 1 4 3 4 0 1 5 0 7 1 4 1 0 2 0 2 0 11 12 3 4 0 0 0 0 7 2 0 0 0 0 5 0 7 11 12 3 4 0 0 0 7 2 24 0 0 101 7 2 24 0 5 13 7 6 1 59 19 1 4 59 1 4 150 1 16 57 2 24 1 19 0 6 0 159 58 1 14 86 1 1 524 1 1 4 180 1 11 12 3 4 0 0 0 7 1 4 1 0 0 11 12 3 4 0 0 0 7 2 24 0 0 3 4 0 1 0 1 4 150 1 0 1 4 59 16 57 7 2 24 1 19 6 0 390 1 95 1 6 98 187 1 20 6 1 63 29 38 14 90 1 291 1 1 1 1 
126	1 4 1 4 100 1 2 0 0 537 1 21 1 5 0 7 2 0 538 1 1 4 1 17 0 5 0 7 6 0 1 4 1 71 2 340 121 0 415 1 243 25 3 55 3 1 0 2 89 0 0 6 0 36 1 6 0 83 3 81 1 5 0 1 6 6 0 32 1 0 87 3 6 60 1 
127	1 4 1 3 4 3 155 1 6 724 723 1 2 0 724 1 160 1 5 0 7 1 4 427 370 1 0 5 0 7 1 4 1 4 92 1 20 16 0 19 7 2 24 211 2 1 144 1 13 29 38 723 1 5 0 7 2 503 0 1 4 226 1 0 1 4 92 1 0 1 4 92 1 0 3 4 11 12 3 4 0 0 0 7 1 4 0 0 1 4 1 17 0 5 0 7 2 89 0 248 1 0 2 24 0 2 24 248 1 7 1 4 1 17 406 2 69 406 248 1 406 2 0 1 144 0 2 0 3 13 3 4 11 12 1 4 59 57 7 1 4 1 19 2 0 0 406 36 1 1 4 50 1 2 10 11 12 3 4 0 0 0 7 5 0 2 10 2 10 10 10 0 0 0 0 2 10 6 26 99 3 6 0 206 1 6 0 637 3 6 0 638 3 34 1 3 4 0 0 6 0 0 639 3 58 1 111 3 135 3 3 4 3 0 11 12 3 4 0 0 0 7 2 0 0 515 0 0 6 0 1 
128	1 4 1 4 1 4 3 4 3 4 411 115 1 725 1 726 1 3 3 2 0 0 2 0 0 2 0 0 2 0 0 2 0 0 5 0 0 7 14 45 1 5 0 0 7 14 45 1 5 0 0 7 14 45 1 1 115 1 726 1 6 411 1 0 0 1 115 1 725 1 6 411 1 0 0 537 1 21 1 1 4 1 71 1 4 0 108 79 1 0 0 108 79 1 0 20 5 66 7 6 0 3 4 2 0 1 4 146 20 46 19 7 1 4 66 5 0 47 32 0 7 5 0 0 54 73 0 7 2 0 5 0 7 3 4 73 54 5 0 0 0 7 8 2 49 66 16 19 7 2 69 27 7 8 2 15 2 15 6 0 36 1 1 4 50 1 2 10 0 2 10 2 10 0 5 0 7 2 10 0 2 10 5 0 7 2 10 0 2 10 0 6 26 83 3 81 1 5 0 6 5 0 1 6 1 4 1 0 5 0 32 0 0 0 0 0 7 6 5 0 0 32 0 0 6 5 0 0 32 0 0 6 6 87 3 3 4 60 2 0 0 60 2 0 0 60 2 0 0 0 6 0 1 
129	1 4 1 4 3 4 656 725 1 726 1 653 3 5 0 0 7 14 45 1 5 0 0 47 47 7 14 45 1 5 0 7 2 0 0 7 2 0 79 1 47 2 0 0 2 0 0 107 1 21 1 1 4 150 1 1 4 108 0 20 3 4 2 0 1 4 149 46 19 7 1 4 66 5 0 47 0 7 5 0 54 73 54 7 2 0 5 0 7 3 4 54 73 54 5 0 0 0 8 7 8 2 15 6 0 155 1 6 0 47 47 1 6 0 1 6 0 3 6 0 36 1 22 1 1 4 50 1 5 149 32 0 7 2 10 149 2 10 2 10 0 2 10 0 54 2 10 2 10 0 54 2 10 0 2 10 151 23 6 26 83 3 81 1 5 0 6 5 0 1 6 1 4 1 0 5 23 23 6 5 0 0 6 5 0 0 32 0 0 6 5 0 0 32 0 0 6 6 87 3 3 4 167 23 2 0 0 60 2 0 0 0 2 0 0 60 2 0 0 6 0 1 
130	1 4 1 2 2 0 0 75 61 1 72 1 224 1 2 121 0 0 0 41 2 15 105 3 34 1 6 138 0 560 3 58 1 6 0 173 3 6 71 75 1 61 1 72 1 51 3 6 121 0 0 0 75 1 61 1 72 1 51 3 157 1 6 121 0 0 0 0 25 1 52 3 6 27 0 107 1 417 1 6 141 0 67 1 61 1 25 3 6 158 0 0 1 1 
131	1 4 4 675 1 1 2 0 0 2 0 0 3 4 39 3 5 0 7 5 19 7 2 0 5 0 7 6 5 19 7 6 5 0 7 6 3 3 4 27 46 19 7 5 0 0 7 5 0 0 7 5 80 0 7 6 2 0 27 5 0 0 7 6 25 3 55 3 70 3 74 3 5 0 7 2 0 5 80 0 7 5 0 7 6 5 0 7 6 80 0 5 80 0 7 2 0 6 6 67 1 25 3 1 4 43 1 5 80 0 27 0 7 2 68 7 2 68 2 48 158 0 6 0 1 
132	1 4 1 4 1 1 2 0 0 2 0 0 3 4 39 3 6 19 70 3 74 3 6 80 0 25 3 6 27 55 3 3 4 27 3 4 120 5 0 7 2 0 5 80 0 7 2 0 6 0 5 0 7 6 0 5 27 0 80 0 7 2 0 6 0 6 27 0 0 120 0 67 1 25 3 1 4 43 1 2 68 2 48 158 0 2 48 158 0 6 0 1 
133	3 4 3 4 727 25 3 55 3 2 0 0 2 0 0 1 1 1 
134	1 4 246 1 223 3 52 1 213 1 5 0 0 6 5 0 0 6 6 247 1 52 1 6 1 0 249 3 6 0 1 4 246 1 223 3 52 1 213 1 5 0 0 6 5 0 0 6 6 247 1 52 1 6 248 1 0 249 3 6 0 223 3 52 1 213 1 247 1 52 1 249 3 
135	1 4 701 127 1 2 0 0 390 1 6 0 55 280 1 16 19 7 2 222 27 120 55 3 280 1 353 3 16 27 0 7 2 222 27 120 5 19 6 6 39 3 25 3 55 3 70 3 74 3 67 1 25 3 
136	75 61 1 72 1 224 1 41 105 3 34 1 560 3 58 1 173 3 75 1 61 1 72 1 51 3 25 1 52 3 107 1 100 1 67 1 61 1 25 3 75 1 61 1 72 1 51 3 157 1 1 1 1 
137	75 1 100 1 6 121 0 1 75 1 100 1 72 1 6 338 1 0 0 75 1 100 1 157 1 6 338 1 0 0 75 1 100 1 72 1 157 1 6 338 1 0 0 0 75 1 100 1 72 1 51 3 157 1 6 121 241 0 0 0 0 75 100 1 224 1 2 121 0 1 0 75 100 1 72 1 224 1 2 121 241 0 0 0 75 1 100 1 72 1 51 3 6 121 241 0 0 0 67 1 100 1 25 3 6 158 241 0 0 1 4 127 1 2 0 0 390 1 6 0 178 1 100 1 6 556 560 3 58 1 3 4 3 0 11 12 3 4 0 0 0 7 2 0 0 138 0 0 6 0 75 61 1 72 1 224 1 41 105 3 34 1 173 3 75 1 61 1 72 1 51 3 25 1 52 3 107 1 100 1 67 1 61 1 25 3 75 1 61 1 72 1 51 3 157 1 1 
138	1 4 674 1 127 1 2 0 0 1 6 0 3 4 3 11 12 3 4 0 0 2 0 0 3 0 3 78 3 3 6 0 678 3 115 1 3 244 3 166 3 3 156 3 6 0 542 3 161 3 6 342 3 0 680 3 681 3 542 3 161 3 412 3 34 1 95 1 6 341 138 0 71 412 3 58 1 95 1 3 4 1 4 59 16 57 7 2 0 341 1 19 0 6 0 412 3 105 3 232 3 529 3 530 3 531 3 1 
139	1 4 664 1 2 0 0 678 3 115 1 3 6 0 0 244 3 166 3 6 0 542 3 161 3 6 342 0 680 3 681 3 6 0 412 3 105 3 232 3 6 341 0 0 529 3 530 3 531 3 6 534 0 0 1 
140	3 4 558 61 1 687 1 327 3 127 1 520 3 145 3 2 0 0 0 0 0 2 0 0 688 3 2 263 3 4 11 12 1 4 0 0 0 0 7 2 5 0 0 2 0 0 3 4 3 4 46 0 7 1 4 1 110 3 4 0 3 4 1 109 11 12 3 4 0 0 0 0 0 7 5 237 7 8 3 4 0 0 5 0 0 5 0 0 2 0 0 6 0 1 
141	1 4 225 1 1 4 225 1 0 1 4 225 2 1 0 0 225 22 1 2 343 0 225 22 1 344 3 2 343 0 0 225 143 1 2 343 0 225 22 1 2 343 0 225 143 1 2 343 0 421 22 1 2 343 0 421 22 1 344 3 1 4 1 152 1 0 0 0 0 2 0 0 421 1 3 4 0 1 4 1 0 11 12 3 4 0 0 0 7 2 0 0 152 1 0 0 0 2 0 0 421 22 1 2 0 1 0 421 143 1 2 0 0 1 6 0 36 1 1 4 50 1 11 12 3 4 0 0 0 7 2 10 0 0 26 5 0 0 2 10 6 26 1 
142	1 21 1 245 1 1 4 85 1 4 0 0 6 246 1 223 3 52 1 213 1 6 0 0 73 0 0 247 1 52 1 6 0 0 249 3 6 0 1 1 1 
143	1 21 1 245 1 1 
144	3 4 3 4 3 4 3 4 3 4 3 4 3 4 1 4 152 1 0 1 4 152 1 0 1 4 1 4 152 22 1 2 0 85 152 22 1 344 3 2 0 85 2 0 0 152 22 1 214 3 2 0 0 85 0 2 0 0 152 22 1 214 3 344 3 2 0 0 85 0 2 0 0 2 0 0 152 22 1 208 1 2 0 85 2 0 0 2 0 0 152 22 1 208 1 344 3 2 0 85 2 0 0 2 0 0 2 0 0 152 22 1 551 1 2 0 0 85 0 2 0 0 2 0 0 152 22 1 551 1 344 3 2 0 0 85 0 2 0 0 2 0 0 2 0 0 155 1 6 0 3 6 0 1 6 0 3 6 0 1 6 0 36 1 1 4 50 1 31 0 9 2 10 8 9 2 10 8 9 2 10 0 0 8 9 2 10 0 8 5 0 2 10 0 5 0 2 10 6 26 1 
145	1 4 728 1 4 3 4 3 4 3 4 3 4 728 95 1 2 0 98 0 36 1 6 177 1 6 188 3 6 0 166 3 168 244 3 2 0 0 128 1 21 1 1 4 146 0 5 0 6 6 729 1 0 0 119 47 67 1 21 1 25 3 1 4 43 1 2 68 101 0 1 4 43 1 0 138 0 1 4 43 1 2 68 101 1 4 43 1 23 5 23 2 48 0 2 48 0 1 4 43 1 0 2 48 0 2 88 40 40 40 2 48 0 1 4 47 1 4 43 1 2 68 0 0 1 4 189 158 0 0 2 48 0 2 48 0 1 4 43 1 3 4 119 0 3 4 0 559 0 0 2 88 0 2 68 0 0 2 48 0 2 88 40 40 40 2 48 0 2 88 40 40 5 40 6 0 6 0 1 333 172 1 2 0 0 719 1 6 0 178 1 95 1 6 728 1 0 159 58 1 2 24 414 36 1 22 1 1 4 50 1 5 47 32 0 7 2 10 47 2 10 2 10 54 2 10 151 23 6 26 83 3 81 1 5 0 1 6 1 4 1 0 6 23 23 0 32 0 87 3 6 167 23 60 1 
146	1 4 1 4 3 4 3 4 3 4 3 4 3 4 3 4 3 4 3 0 729 61 1 1 127 1 145 3 2 0 2 0 0 2 0 0 2 0 0 2 0 40 11 12 3 4 0 0 0 2 0 0 98 342 0 0 55 280 1 2 19 2 120 0 0 55 3 252 1 134 3 3 4 3 4 0 0 5 0 0 7 5 0 7 2 0 7 6 2 0 0 0 6 25 3 6 0 39 3 2 0 5 0 0 7 5 0 7 2 0 7 6 2 0 0 0 6 55 3 3 4 0 0 70 3 74 3 11 12 0 0 0 0 7 5 0 0 0 7 2 0 0 0 6 3 4 80 0 5 0 7 2 0 2 0 2 0 0 0 27 2 0 0 218 7 2 0 0 6 0 67 1 25 3 1 4 1 101 1 4 43 1 3 4 16 0 0 7 5 0 0 0 2 0 0 0 2 0 5 0 7 16 19 7 5 27 0 7 2 0 218 2 15 2 88 98 342 0 2 68 414 0 6 0 36 1 6 0 1 
147	3 4 3 4 3 4 1 4 557 730 3 2 0 416 1 0 557 730 3 720 1 2 0 0 2 0 0 243 25 3 55 3 5 0 7 2 0 5 13 0 0 0 7 2 195 727 1 0 0 3 6 0 1 1 4 1 13 2 0 0 1 110 3 4 0 0 0 0 6 418 1 0 0 0 1 
148	3 4 1 4 3 4 697 3 6 0 731 3 2 0 0 418 3 1 731 3 2 0 0 2 0 0 2 0 0 1 1 1 
149	712 21 1 157 1 730 3 2 0 696 1 0 0 0 243 25 3 55 3 5 0 7 2 0 2 195 552 1 0 0 1 1 4 1 0 1 4 1 13 2 0 0 1 110 6 419 1 0 0 718 339 1 
150	1 4 419 3 1 143 1 731 3 2 0 0 0 2 0 0 1 
151	177 1 188 3 166 3 168 532 3 128 1 21 1 67 1 21 1 25 3 1 1 1 
152	657 34 1 2 0 517 1 21 1 6 732 1 0 414 83 3 81 1 5 0 1 6 32 0 6 1 
153	1 4 1 4 1 4 1 4 3 4 3 4 732 21 1 34 1 2 2 0 0 2 0 47 2 0 54 3 4 515 0 3 4 515 0 3 4 0 5 0 7 2 0 0 5 0 7 2 0 136 0 0 2 0 54 124 0 2 0 28 2 0 124 0 2 108 79 1 47 0 702 3 34 1 5 0 47 7 1 4 54 5 402 0 7 6 0 0 0 2 0 6 703 3 6 704 3 6 0 3 4 3 4 3 1 3 690 1 3 3 4 0 11 12 3 4 0 0 0 7 3 4 0 28 3 4 0 28 5 0 7 3 4 3 4 0 16 0 28 0 7 3 4 84 0 5 0 0 0 0 7 2 0 7 5 0 0 7 6 2 0 5 0 7 6 5 0 0 7 8 5 84 0 0 7 44 5 84 0 0 7 2 0 11 12 3 4 28 0 0 0 7 5 0 0 0 0 7 6 8 5 84 0 84 0 7 8 6 41 2 15 2 0 2 0 2 0 1 
154	1 4 734 734 99 3 2 148 0 185 3 409 1 410 1 1 4 1 0 1 4 1 0 5 27 27 7 5 122 122 7 5 104 104 7 6 0 0 7 6 104 104 7 6 122 122 7 6 27 27 1 735 1 4 1 4 3 4 3 4 735 1 192 3 2 0 0 2 0 0 39 3 2 0 0 5 0 7 5 27 27 104 104 2 0 6 0 70 3 74 3 2 0 0 5 0 7 5 27 27 104 104 2 0 6 0 25 3 6 27 111 3 6 122 134 3 6 104 36 1 6 26 0 1 733 100 1 21 1 2 0 0 2 0 2 0 2 0 734 1 0 11 12 3 4 0 0 0 7 2 735 1 0 0 345 0 0 39 3 5 0 7 2 2 0 5 0 7 5 0 7 16 0 7 3 4 2 2 0 16 0 27 27 7 2 0 5 0 6 2 2 0 5 6 5 0 7 2 0 5 0 7 2 7 2 0 136 19 5 0 7 70 3 74 3 2 11 12 1 4 0 0 0 0 0 7 5 0 7 2 2 0 2 0 136 80 0 5 0 7 2 273 5 0 7 6 6 352 1 6 1 109 25 3 6 136 27 111 3 6 136 122 134 3 6 104 36 1 6 26 0 0 27 122 104 39 3 11 12 3 4 0 0 13 0 7 1 4 1 17 0 5 0 5 0 7 1 2 0 0 2 0 0 2 0 2 0 0 2 0 0 2 0 2 0 0 16 109 7 2 1 110 3 2 0 0 3 4 16 109 7 1 4 1 110 2 0 5 0 0 7 2 0 7 6 19 14 90 1 2 11 12 1 4 0 0 0 0 7 3 6 136 27 27 0 3 3 4 104 136 122 6 0 0 0 3 3 4 11 12 3 4 0 13 0 7 3 4 1 17 0 5 0 0 6 2 0 0 6 1 
155	1 4 3 4 1 134 3 2 0 0 2 0 0 1 6 0 3 6 0 155 1 6 149 206 1 6 329 36 1 22 1 1 4 50 1 2 10 2 10 26 0 2 10 2 10 0 2 10 2 10 151 23 6 26 159 58 1 2 242 0 346 1 21 1 6 422 1 1 4 345 0 39 3 5 104 0 6 6 70 3 74 3 5 80 0 6 6 25 3 6 27 111 3 6 122 134 3 6 104 36 1 6 26 107 1 21 1 1 4 1 4 1 141 0 5 0 0 7 2 0 1 63 2 0 0 5 0 7 7 83 3 81 1 5 0 6 5 0 1 6 1 4 1 0 6 0 0 0 32 0 23 23 87 3 3 4 60 2 0 250 23 0 6 0 1 
156	1 4 3 4 3 4 1 4 404 1 520 3 3 2 0 92 1 0 11 12 3 4 0 0 0 7 1 4 0 0 2 0 149 2 0 24 0 2 0 0 2 0 0 665 1 6 1 144 1 13 715 3 6 0 3 6 0 155 1 6 0 206 1 1 4 92 1 1 4 59 16 57 7 1 4 1 19 2 325 329 6 0 159 58 1 1 4 59 16 57 7 1 4 1 19 2 242 0 36 1 22 1 1 4 50 1 2 10 1 4 59 16 57 7 1 4 1 19 2 10 26 0 5 57 7 2 10 2 10 2 10 0 2 10 2 10 0 2 10 2 10 151 23 6 26 346 1 21 1 6 736 345 0 1 6 1 17 6 733 1 0 107 1 21 1 1 4 11 12 3 4 0 13 0 7 1 4 1 17 0 1 4 1 141 0 5 0 2 0 1 63 2 69 0 0 5 0 7 7 83 3 81 1 5 0 6 5 0 1 6 1 4 1 0 5 0 0 6 5 0 0 6 5 32 0 6 6 23 23 87 3 3 4 2 0 60 2 0 250 23 2 0 0 2 0 0 6 0 1 
157	1 4 1 4 1 1 2 0 0 2 0 0 5 149 32 149 14 45 1 1 6 0 1 6 0 155 1 6 149 206 1 6 329 159 58 1 2 242 0 36 1 22 1 1 4 50 1 2 10 2 10 26 0 2 10 2 10 26 0 2 10 2 10 151 23 6 26 346 1 21 1 6 422 1 1 4 345 0 3 4 1 4 345 0 3 4 19 39 3 2 0 19 16 0 0 7 2 0 80 27 6 0 70 3 74 3 2 0 80 0 5 0 6 25 3 6 27 111 3 6 122 134 3 6 104 36 1 6 26 107 1 21 1 1 4 1 4 1 141 0 5 0 0 7 2 0 1 63 2 0 0 1 4 1 141 0 5 0 0 7 5 0 2 0 1 63 2 0 0 5 0 7 7 83 3 81 1 5 0 6 5 0 1 6 1 4 1 0 6 0 32 0 0 32 0 23 23 87 3 3 4 60 2 0 60 2 0 250 23 6 0 1 
158	1 4 1 4 736 404 1 2 0 92 1 0 11 12 3 4 0 0 0 7 1 4 0 0 2 0 149 2 0 24 0 665 1 6 1 144 1 13 155 1 6 0 206 1 1 4 92 1 1 4 59 16 57 7 1 4 1 19 2 325 329 6 0 159 58 1 1 4 59 16 57 7 1 4 1 19 2 242 0 107 1 21 1 1 4 11 12 3 4 0 13 0 7 1 4 1 17 0 1 4 1 141 0 5 0 2 0 1 63 2 69 0 0 5 0 7 7 36 1 22 1 1 4 50 1 2 10 1 4 59 16 57 7 1 4 1 19 2 10 26 0 5 57 7 2 10 2 10 2 10 151 23 6 26 83 3 81 1 5 0 6 5 0 737 737 6 1 4 1 0 5 32 0 6 5 32 0 6 6 23 23 87 3 3 4 60 2 0 0 0 2 0 250 23 6 0 738 738 99 3 2 148 0 185 3 409 1 410 1 1 4 1 0 1 4 1 0 5 27 27 7 5 122 122 7 6 104 104 7 6 122 122 7 6 27 27 1 346 1 21 1 6 1 17 6 422 1 1 4 92 1 13 1 4 738 1 13 3 4 39 3 11 12 3 4 0 13 0 7 1 4 1 17 0 2 0 6 13 6 2 273 6 6 13 1 6 1 109 70 3 74 3 5 0 7 11 12 3 4 0 13 0 7 1 4 1 17 0 2 0 7 16 13 109 27 0 7 5 109 80 0 7 2 273 7 2 216 110 6 13 25 3 6 109 27 111 3 6 109 122 134 3 6 109 104 36 1 6 0 13 27 122 104 1 
159	346 1 21 1 155 1 206 1 178 1 95 1 6 739 1 0 1 
160	39 3 70 3 74 3 25 3 111 3 134 3 
161	1 4 1 4 3 4 3 4 3 4 3 4 3 4 3 4 740 1 61 1 127 1 145 3 2 0 2 0 0 2 0 0 2 0 0 2 0 40 2 0 39 3 5 0 7 2 0 19 2 0 6 70 3 74 3 5 0 7 2 0 80 0 2 0 5 0 7 6 2 0 80 0 6 3 5 0 7 6 2 0 27 2 0 16 0 0 27 7 3 4 104 122 2 0 98 0 2 0 19 6 0 0 25 3 6 0 55 3 67 1 25 3 1 4 43 1 2 80 0 3 4 27 0 0 2 88 98 342 0 2 68 0 6 0 1 
162	1 4 34 1 2 0 0 719 1 6 0 155 1 6 47 206 1 1 4 92 1 2 24 0 6 0 159 58 1 2 24 0 36 1 22 1 1 4 50 1 5 47 32 0 2 10 54 2 10 26 2 10 151 23 6 26 83 3 81 1 5 0 1 6 1 4 1 0 6 23 23 0 32 0 87 3 6 167 23 60 346 1 21 1 6 422 1 1 4 219 0 3 4 3 4 3 4 3 4 39 3 5 0 0 7 5 19 7 2 0 0 6 2 0 27 2 0 218 2 0 2 0 237 2 0 6 70 3 74 3 5 0 0 7 6 5 80 0 7 2 0 0 6 2 0 27 2 0 218 2 0 2 0 237 2 0 6 25 3 6 0 111 3 6 0 134 3 6 0 36 1 6 26 0 0 0 0 0 1 
163	1 4 3 4 3 4 3 4 3 4 1 4 1 4 739 100 1 95 1 2 0 98 0 2 0 0 2 0 180 1 2 242 0 2 0 0 98 0 341 0 0 177 1 6 0 188 3 6 0 166 3 168 244 3 2 0 0 128 1 21 1 6 740 1 345 0 0 119 149 67 1 21 1 25 3 1 4 43 1 2 68 101 0 1 4 1 101 1 4 50 1 1 4 59 16 57 7 1 4 1 19 2 10 54 2 10 2 10 138 0 5 57 7 2 10 1 4 43 1 0 0 0 1 4 43 1 2 68 101 1 4 43 1 101 23 5 101 23 2 48 0 2 48 0 1 4 43 1 0 2 48 0 2 88 40 40 40 2 48 0 1 4 43 1 2 68 0 26 0 0 1 4 189 158 0 0 2 48 0 2 48 0 1 4 43 1 3 4 119 0 3 4 0 559 0 0 2 88 0 2 68 0 0 2 48 0 2 88 40 40 40 2 48 0 2 88 40 40 5 40 6 0 6 0 1 
164	3 4 0 3 4 561 3 5 0 0 2 576 6 0 0 562 78 3 142 3 135 3 5 0 0 7 2 0 0 0 3 137 3 4 93 2 0 2 0 0 0 2 0 577 3 4 0 0 3 4 0 0 2 0 28 2 0 3 0 0 5 0 14 53 1 5 0 2 0 0 2 0 0 2 0 480 78 3 142 3 126 3 347 3 6 0 0 94 103 3 5 0 0 0 0 0 7 7 2 0 0 2 0 2 0 481 103 3 187 1 1 4 1 63 5 0 7 2 0 3 0 2 112 0 0 0 6 0 1 
165	3 4 3 4 3 0 78 3 5 0 0 2 285 2 0 0 0 78 3 126 3 3 4 0 0 5 0 0 7 2 112 0 0 0 0 2 0 0 5 0 0 2 285 7 5 0 0 7 5 0 2 285 2 0 0 2 0 0 7 3 4 16 0 0 7 2 0 0 0 0 0 0 0 2 112 0 0 0 0 0 2 0 0 2 0 0 2 0 0 0 5 0 7 2 285 2 0 0 606 2 0 0 2 0 0 2 0 741 78 3 135 3 41 2 285 347 3 6 0 0 94 103 3 2 285 2 0 0 126 3 1 
166	470 1 471 3 30 1 366 3 30 1 472 30 1 473 30 1 474 475 1 476 1 477 3 30 1 478 1 30 1 365 1 30 1 479 1 30 1 41 
167	1 4 290 1 3 4 3 2 0 0 3 6 0 1 4 292 292 1 4 20 1 4 292 322 1 2 0 510 0 29 38 14 90 1 26 0 29 20 2 0 510 322 1 29 38 14 90 1 26 0 1 4 20 2 0 526 29 38 14 90 1 26 0 3 4 364 1 220 1 174 3 6 162 106 1 0 0 364 1 482 1 174 3 2 0 106 1 1 4 62 0 2 0 1 17 0 5 0 7 20 2 0 1 29 38 14 90 1 26 0 2 204 0 0 2 89 0 0 5 0 7 2 62 0 2 0 6 0 1 4 3 4 1 4 385 220 1 174 3 2 0 0 5 0 7 2 0 0 7 2 0 106 1 0 5 236 7 5 742 14 53 1 563 5 743 7 14 53 1 563 5 0 7 2 5 743 14 53 1 0 174 5 236 5 742 14 53 1 0 5 743 14 53 1 0 5 0 14 53 1 563 11 12 3 4 0 0 0 7 1 4 106 1 0 0 0 5 348 14 53 1 0 2 0 388 5 0 14 53 1 563 11 12 3 4 0 0 0 7 5 0 0 402 0 44 1 4 106 1 0 0 0 5 348 14 53 1 0 470 1 6 388 471 3 30 1 1 4 106 1 0 0 6 236 366 3 30 1 1 4 106 1 0 0 6 612 366 3 65 1 30 1 1 4 106 1 0 0 6 612 472 30 1 1 4 106 1 0 0 2 326 477 3 30 1 1 4 106 1 0 0 6 28 473 30 1 1 4 106 1 0 0 5 348 14 53 1 0 474 475 1 476 1 1 4 106 1 0 0 1 4 106 1 0 0 5 236 5 348 14 53 1 0 5 0 7 1 1 1 4 1 1 1 4 20 2 0 1 0 2 0 1 0 5 0 7 2 0 3 3 4 16 0 129 0 7 2 184 0 0 2 348 29 389 1 4 53 1 0 0 2 599 0 14 0 5 0 7 20 2 15 29 38 14 90 1 26 0 5 0 7 20 2 15 29 38 14 90 1 26 0 478 1 30 1 1 4 106 1 0 0 14 53 1 0 6 744 1 0 365 1 30 1 6 745 1 106 1 0 0 3 4 479 1 30 1 1 4 2 10 2 10 0 1 4 106 1 0 26 6 205 1 564 3 5 0 6 5 236 7 5 742 7 14 53 1 0 6 746 5 0 6 2 348 387 3 5 0 6 6 236 36 1 6 0 1 20 2 0 29 38 14 90 1 26 0 3 4 62 0 2 0 1 4 50 1 2 10 11 12 3 4 0 0 0 7 3 4 0 0 2 10 0 0 2 10 0 0 6 0 41 5 0 7 62 0 2 216 0 1 6 0 36 1 6 737 322 0 1 745 747 3 4 747 482 1 1 2 0 0 1 1 4 3 4 3 4 745 220 1 2 0 747 1 0 2 0 28 480 78 3 142 3 135 3 62 0 3 4 93 5 0 0 7 2 49 0 2 0 0 3 4 46 0 0 7 3 4 129 0 0 0 0 0 5 0 14 53 1 2 0 0 2 0 0 41 5 0 2 15 481 266 3 126 3 6 0 321 187 1 1 4 1 63 2 0 6 0 3 6 1 744 1 4 744 220 1 2 0 1 0 741 78 3 99 3 2 184 0 0 41 2 15 2 15 94 103 3 2 49 0 2 49 0 126 3 6 28 321 1 
168	561 3 562 78 3 142 3 135 3 3 6 137 137 137 137 3 3 4 137 3 4 0 11 12 3 4 0 0 7 2 0 137 2 0 0 0 6 0 3 6 3 186 186 3 3 4 137 3 4 0 11 12 3 4 0 0 7 2 0 137 2 0 0 0 6 0 1 3 4 64 5 0 0 0 2 0 3 0 2 644 0 0 6 210 1 0 0 3 111 3 126 3 3 4 0 0 11 12 3 4 0 0 0 0 7 3 4 137 5 0 2 0 0 3 0 5 0 7 2 0 0 3 0 137 2 0 0 3 0 137 137 41 347 3 94 103 3 126 3 187 1 1 4 20 2 0 1 63 29 38 2 0 6 0 1 
169	78 3 78 3 126 3 52 3 2 118 3 0 2 118 3 0 2 118 3 0 2 118 3 0 52 3 16 0 7 2 118 3 0 2 0 2 118 3 0 52 3 2 272 3 0 2 272 3 0 52 3 16 0 7 2 118 3 0 2 0 2 118 3 0 130 1 3 4 28 2 117 0 2 0 0 130 1 111 3 126 3 3 4 0 0 11 12 3 4 0 0 0 0 7 3 4 3 84 0 5 0 0 2 118 3 0 5 0 0 0 7 2 118 3 0 2 118 3 0 7 2 118 3 0 2 118 3 0 2 118 3 0 606 41 347 3 94 103 3 126 3 
170	3 4 564 3 564 3 3 3 4 386 3 4 3 0 0 3 4 16 0 7 5 0 0 7 14 53 1 26 20 2 0 29 38 14 53 1 26 2 0 386 6 0 746 387 3 1 4 3 4 1 3 2 0 0 2 0 0 235 1 1 3 4 20 2 0 386 0 6 5 0 2 320 
171	748 1 4 3 4 748 1 2 0 28 2 0 0 0 561 3 6 17 562 78 3 142 3 135 3 2 17 0 0 0 347 3 6 349 94 103 3 2 349 3 0 126 3 6 0 187 1 1 4 1 63 2 0 6 0 41 1 749 1 4 3 4 3 4 3 4 749 1 3 2 0 28 2 0 0 5 0 14 45 1 0 5 0 0 0 14 45 1 26 3 4 3 0 0 5 0 0 0 2 0 2 0 1 0 2 0 3 0 3 4 1 4 11 12 3 4 0 0 0 7 3 4 0 0 0 0 3 0 0 2 0 0 0 0 0 2 0 0 0 2 0 0 2 49 561 3 5 0 7 2 0 2 349 2 0 0 0 2 0 6 17 562 78 3 142 3 135 3 16 0 0 7 2 17 0 0 0 2 0 0 2 0 0 2 0 2 349 2 0 0 0 2 17 0 0 0 2 0 0 347 3 6 0 3 0 349 94 103 3 2 0 3 0 0 2 0 0 0 3 4 3 0 0 0 2 349 0 2 0 0 0 0 126 3 6 0 187 1 1 4 1 63 2 0 1 0 11 12 3 4 0 0 0 7 2 0 0 0 0 20 2 49 93 29 389 1 4 90 1 0 2 599 0 14 0 6 0 41 1 3 4 0 365 1 30 1 1 4 106 1 0 1 4 1 0 20 6 28 0 1 748 1 0 1 749 1 0 0 2 15 1 
172	1 4 290 1 350 350 183 1 2 0 350 183 1 502 3 1 4 388 3 4 3 0 11 12 3 4 0 0 0 7 1 4 114 0 0 1 4 116 0 0 3 4 28 3 4 16 0 0 7 3 4 0 0 0 3 0 0 0 2 264 0 0 2 305 0 0 2 0 0 2 15 2 15 5 0 2 15 350 183 1 2 162 0 350 183 1 2 162 0 470 1 1 4 1 13 3 4 1 4 16 198 2 0 0 1 199 6 0 471 3 30 1 1 4 1 17 0 6 0 366 3 30 1 1 4 1 17 0 6 0 472 30 1 1 4 1 17 0 3 4 4 326 46 0 0 7 20 2 29 38 2 0 326 2 0 0 477 3 30 1 1 4 1 17 0 6 0 473 30 1 2 216 0 474 475 1 476 1 1 4 1 17 0 2 216 0 2 89 0 0 478 1 30 1 1 4 750 1 2 89 0 0 6 400 1 0 365 1 30 1 1 4 1 17 0 6 751 1 0 479 1 30 1 6 205 1 564 3 62 0 5 164 0 7 2 114 15 0 6 6 746 2 620 0 387 3 6 164 0 41 1 
173	1 4 91 1 3 4 3 4 326 
174	1 4 3 4 3 4 751 156 1 2 0 0 2 0 0 480 3 3 135 3 3 4 0 3 4 0 16 0 7 3 4 3 0 0 3 4 3 0 0 3 4 0 0 3 4 0 0 0 0 3 4 3 42 0 2 112 0 0 0 0 0 2 0 0 2 0 0 2 0 0 2 0 0 41 481 103 3 2 0 0 126 3 6 0 1 1 
175	1 4 3 4 400 2 750 1 400 156 1 2 0 0 1 2 285 3 4 0 3 4 3 4 16 0 0 7 3 4 0 3 4 0 0 2 0 3 0 0 2 305 3 42 0 0 2 0 0 567 20 2 49 14 90 1 26 29 38 2 0 741 3 135 3 3 4 3 4 16 0 0 7 3 4 3 0 0 3 4 3 0 0 3 4 0 0 3 4 0 0 3 4 0 0 0 0 5 0 13 7 2 0 3 0 2 113 0 7 2 0 3 42 0 2 112 0 0 0 0 0 2 0 0 2 0 0 5 0 0 2 0 0 2 0 326 41 2 15 94 103 3 2 49 0 2 0 0 126 3 6 0 1 
176	3 4 3 4 3 4 401 51 3 2 0 0 2 0 3 0 328 752 3 2 0 0 0 2 0 623 752 3 2 0 0 0 2 0 196 3 752 3 6 0 0 0 99 3 6 0 3 5 0 7 3 4 3 4 0 11 12 3 4 0 0 0 2 0 0 6 0 494 200 1 30 1 1 4 114 0 20 2 15 401 200 1 30 1 1 4 116 0 20 2 15 
177	1 4 3 4 3 4 185 3 165 1 78 1 504 3 2 0 3 4 0 2 0 1 0 2 0 0 1 2 0 2 0 0 0 2 698 3 1 5 0 0 7 2 89 0 6 5 0 423 0 109 7 2 0 0 2 273 6 6 1 5 0 6 0 6 1 5 0 7 2 0 6 0 6 2 99 3 6 0 623 11 12 3 4 0 0 0 2 0 0 2 0 3 4 0 3 4 0 16 0 423 0 0 0 7 2 0 0 2 0 0 3 4 3 4 0 5 0 0 423 0 0 0 0 7 2 0 0 16 0 0 423 0 0 0 7 2 0 0 2 0 0 2 0 0 5 0 0 423 0 0 0 0 7 2 0 0 
178	3 156 3 3 3 3 4 0 0 3 4 250 0 3 4 0 0 5 0 0 7 6 0 5 0 0 7 7 6 3 0 0 3 78 3 3 3 5 0 6 3 4 0 0 2 0 0 6 753 0 3 156 3 3 4 250 0 3 4 0 5 0 7 6 0 3 3 5 0 7 6 6 3 0 3 78 3 5 0 6 3 4 0 2 0 6 753 0 3 156 3 3 4 250 0 3 4 0 5 0 7 6 0 3 3 5 0 7 6 6 3 0 3 78 3 5 0 6 3 4 0 2 0 6 753 0 
179	3 1 1 3 4 28 3 4 28 3 4 0 0 0 0 11 12 3 4 0 0 0 7 5 84 0 84 0 7 6 0 6 0 
180	462 1 462 3 5 0 7 6 26 0 6 
