0	7 2 6 2 6 2 7 4 6 2 9 
1	15 6 2 3 0 4 5 5 5 4 5 4 5 4 5 4 0 4 5 4 0 7 4 6 4 7 4 6 4 9 0 7 2 4 5 4 5 0 18 10 4 5 3 0 8 0 0 10 3 0 1 0 3 0 8 0 10 8 0 11 9 3 0 0 0 3 0 0 11 9 2 2 0 0 0 0 0 2 
2	15 6 2 3 0 7 2 2 5 1 8 0 9 9 2 1 1 1 1 1 7 2 6 2 2 5 2 13 14 4 5 0 1 0 10 22 1 0 12 3 1 11 12 3 1 11 12 3 1 11 12 3 1 11 12 3 1 11 12 3 1 11 12 3 1 11 12 3 1 11 12 3 1 11 12 3 1 11 12 3 1 11 12 3 1 11 12 3 1 11 12 3 1 11 12 3 1 11 12 3 1 11 12 3 1 11 12 3 1 11 12 3 1 11 12 3 1 11 12 3 1 11 12 3 1 11 12 3 1 11 12 3 1 11 12 3 1 11 12 3 1 1 0 11 9 1 2 
3	7 2 6 2 6 2 9 2 0 2 
4	4 5 4 5 4 5 15 6 2 3 0 0 15 6 2 6 4 3 0 3 0 4 0 3 0 7 2 8 0 10 3 0 2 5 2 4 5 18 10 3 0 1 0 8 0 11 3 1 0 0 2 5 1 9 2 0 1 9 2 
5	4 5 4 5 15 6 2 6 4 6 4 3 0 3 0 0 3 0 0 7 2 13 14 2 5 1 0 0 1 10 4 5 1 1 8 0 0 0 0 10 9 0 9 2 
6	15 6 2 3 0 7 4 6 4 9 1 0 2 
7	15 6 2 3 0 7 2 2 5 1 8 0 9 3 0 1 9 0 2 
8	15 6 2 3 0 7 4 6 4 9 1 0 2 
9	2 5 2 5 2 15 6 2 3 0 0 7 6 2 6 2 3 1 0 0 7 2 6 2 6 2 2 5 2 1 0 8 0 10 3 0 0 9 1 0 0 7 2 9 0 0 2 
10	2 5 15 6 2 3 0 3 0 2 7 2 2 5 1 8 0 9 10 2 5 1 0 3 0 0 9 0 2 
11	4 5 4 5 5 5 5 4 5 4 5 4 5 15 3 0 4 0 3 0 7 3 0 3 0 7 6 4 8 0 0 0 10 4 5 4 0 0 13 14 4 5 0 0 0 3 0 0 0 0 3 0 0 3 0 0 0 7 2 9 2 0 0 7 4 9 0 7 4 9 0 7 4 6 4 22 0 0 12 9 12 9 0 0 1 0 12 9 7 4 4 5 4 5 0 18 10 8 0 0 9 0 8 1 0 11 3 0 3 0 18 10 18 10 8 0 0 9 0 8 1 0 11 3 0 3 0 3 0 18 10 8 0 0 9 0 8 1 0 11 3 0 3 0 7 4 4 5 13 14 0 0 0 0 0 8 1 0 9 9 7 4 6 4 8 0 0 9 8 0 0 0 0 9 9 1 0 7 4 6 4 8 0 0 1 0 1 0 1 0 9 10 4 5 0 0 8 0 0 0 9 9 7 4 6 2 4 5 1 4 5 0 0 8 0 0 9 13 14 4 5 0 0 0 8 0 0 0 1 0 9 3 0 0 0 9 7 6 2 4 5 1 4 5 0 13 14 4 5 0 0 0 3 0 0 0 1 0 3 0 0 0 3 0 7 6 2 8 1 3 1 0 7 8 0 0 10 8 1 3 0 8 1 3 1 8 0 0 3 0 8 1 10 8 1 3 0 8 1 1 1 10 3 0 0 8 1 3 1 8 1 3 1 8 1 3 1 8 1 0 10 4 5 0 0 8 0 0 0 3 0 8 1 1 0 3 1 7 8 1 1 10 3 0 0 3 0 7 8 0 0 9 22 0 0 12 8 1 10 3 1 11 8 1 10 3 1 11 11 12 8 1 10 3 1 11 8 1 10 3 1 11 11 12 8 1 10 3 1 11 11 12 8 1 10 3 1 11 8 1 10 3 1 11 8 1 10 3 1 11 8 1 10 3 1 11 8 1 10 3 1 11 11 12 8 1 10 3 1 11 8 1 10 3 1 11 8 1 10 3 1 11 11 12 8 1 10 3 1 11 8 1 10 3 1 11 8 1 10 3 1 11 8 1 10 3 1 11 11 12 8 1 10 3 1 11 8 1 10 3 1 11 8 1 10 3 1 11 11 12 8 1 10 3 1 11 7 22 0 0 12 8 1 10 3 1 11 8 1 10 3 1 11 8 1 10 3 1 11 11 12 8 1 10 3 1 11 11 12 8 1 10 3 1 11 8 1 10 3 1 11 11 12 8 1 10 3 1 11 11 7 8 0 0 9 22 0 0 12 8 1 11 9 12 8 1 11 8 1 11 9 12 8 1 11 9 12 8 1 11 9 12 8 1 11 8 1 11 9 12 8 1 11 8 1 11 8 1 11 8 1 11 9 12 8 1 0 0 0 0 0 11 8 1 11 9 12 8 1 11 9 12 8 1 11 8 1 11 9 12 8 1 11 9 12 8 1 11 9 12 8 1 11 9 12 9 8 1 3 0 0 7 3 0 0 8 0 0 10 4 5 1 8 0 0 1 0 3 0 8 0 0 1 0 1 3 0 7 2 6 2 8 1 1 1 9 1 9 0 7 4 6 4 9 1 0 0 7 4 6 4 6 4 6 4 3 1 8 0 0 10 4 5 4 0 0 3 0 0 13 14 4 5 0 0 0 3 0 0 0 0 0 3 0 0 9 1 7 4 6 4 6 4 9 1 0 0 7 4 9 1 7 4 6 4 3 0 0 3 0 0 8 0 0 10 3 1 3 1 3 1 3 1 3 1 3 1 8 0 0 3 0 3 0 0 9 0 7 6 2 2 5 2 13 14 4 5 0 0 0 10 19 2 5 2 0 0 4 5 4 4 5 5 5 3 0 1 0 3 0 3 1 18 10 8 0 0 3 0 0 0 10 3 0 1 0 3 0 8 0 3 0 3 0 0 0 8 1 4 0 10 3 1 1 4 0 10 3 1 3 1 1 3 1 8 0 11 10 3 1 4 0 3 1 20 21 3 1 0 0 
12	7 2 6 2 6 2 9 2 0 2 
13	2 5 2 5 15 3 0 1 0 15 6 2 3 0 0 15 6 2 3 0 1 0 15 6 2 3 0 1 0 15 6 2 3 0 1 0 7 2 6 2 6 2 9 2 2 0 0 2 
14	2 5 4 5 15 6 2 6 2 3 0 0 15 6 2 6 2 6 4 3 0 3 0 0 3 0 1 0 0 15 6 2 6 2 6 4 3 0 3 0 0 3 0 0 15 6 2 6 2 3 0 0 7 2 6 2 9 1 0 7 2 6 2 6 4 2 5 2 0 13 14 4 5 0 0 0 3 1 0 0 0 1 0 0 9 0 7 2 13 14 2 5 1 0 0 1 10 2 5 0 1 0 8 1 0 9 0 9 2 
15	4 5 15 6 2 6 4 6 4 3 0 0 3 0 0 3 0 0 15 6 2 6 4 6 4 6 2 3 0 0 3 0 0 3 0 0 3 0 0 7 6 4 8 0 17 2 0 3 0 0 7 4 9 0 7 2 9 0 7 4 9 0 7 4 9 0 7 2 9 0 7 2 2 5 2 3 1 0 0 0 8 1 3 1 0 8 0 3 1 0 3 1 9 1 
16	2 5 15 6 2 3 0 0 7 3 1 2 
17	2 5 15 15 6 2 3 0 0 7 3 1 2 
18	7 2 7 
19	7 2 6 2 6 2 9 2 0 2 
20	15 6 2 3 0 7 4 6 4 9 1 0 2 
21	7 2 6 2 2 5 2 2 5 19 3 0 2 0 3 0 1 0 8 0 3 1 9 0 7 2 6 2 2 5 2 2 5 19 8 0 2 10 3 0 2 0 10 3 0 2 0 2 5 18 0 1 10 3 1 1 8 0 3 1 9 0 7 2 6 2 2 5 2 13 14 2 5 1 1 10 2 5 2 1 3 1 0 0 9 0 
22	28 7 4 7 4 7 4 7 4 7 4 7 6 4 7 4 7 2 7 4 6 4 7 
23	16 4 5 15 6 2 3 0 0 7 4 8 0 0 3 1 9 0 0 7 4 5 0 0 3 0 4 4 5 4 0 3 1 0 0 0 3 0 0 3 1 0 0 0 0 3 0 0 3 0 0 3 0 3 1 0 0 0 0 8 0 17 2 3 0 0 7 4 3 0 0 9 1 7 6 4 3 0 0 7 2 9 2 0 0 0 0 7 4 6 4 4 5 4 0 3 1 0 0 0 0 0 9 0 7 19 3 1 20 21 3 1 0 7 4 9 0 0 7 4 9 7 4 9 0 0 7 4 9 7 4 9 0 0 7 4 9 2 
24	16 15 6 2 6 4 6 2 3 3 0 3 0 0 3 0 0 3 0 0 15 3 3 0 15 6 2 3 0 3 0 4 5 2 5 4 5 2 5 7 2 8 0 10 9 25 2 5 4 5 13 14 4 5 0 0 0 10 8 0 0 0 0 10 3 0 0 0 0 13 14 4 5 0 0 0 0 0 10 3 0 0 0 0 0 8 0 0 0 0 0 10 3 0 3 0 0 2 5 2 5 0 13 14 4 5 0 0 0 10 8 0 3 0 8 0 10 3 0 0 11 3 0 1 0 3 0 0 3 0 0 0 0 8 0 10 3 0 0 10 3 0 0 3 0 0 9 0 2 5 1 7 2 6 2 2 5 2 4 5 13 14 4 5 0 1 0 10 22 1 0 12 23 12 3 1 23 12 3 1 23 12 3 1 23 12 3 1 23 12 3 1 23 12 3 1 23 12 3 1 23 12 3 1 23 12 8 0 1 0 0 10 2 5 1 0 3 1 1 1 1 10 3 1 0 23 9 1 2 2 2 
25	2 5 2 5 0 15 3 0 15 6 2 3 0 0 15 6 2 3 0 1 0 15 6 2 3 0 1 0 15 6 2 3 0 1 0 7 2 6 2 6 2 2 5 2 0 3 0 2 0 3 0 2 0 3 0 2 0 0 9 0 2 
26	15 6 2 3 0 2 5 0 0 2 5 0 0 7 2 2 2 2 2 2 2 2 2 2 5 1 8 0 9 2 5 1 2 5 1 8 1 1 10 9 2 2 2 2 2 1 1 1 1 0 2 5 2 13 14 4 5 0 1 0 10 4 5 1 0 8 0 10 3 1 0 9 2 2 2 2 2 1 1 1 0 10 9 0 2 2 
27	16 15 6 2 3 2 0 3 0 0 7 2 2 2 2 2 2 5 22 0 1 0 12 3 0 1 0 11 12 3 0 1 0 11 12 3 0 1 0 11 12 3 0 1 0 11 12 3 0 1 0 11 12 3 0 1 0 11 12 3 0 1 0 11 12 3 0 1 0 11 12 3 0 1 11 12 3 0 0 3 1 17 2 8 0 0 10 10 8 9 10 10 8 9 2 2 2 2 2 0 0 0 0 0 17 2 2 5 2 5 5 4 5 4 5 4 5 4 4 5 3 1 7 3 0 4 15 6 2 3 0 2 0 3 0 2 3 0 3 0 13 14 4 5 0 0 3 0 0 7 6 2 3 1 0 3 0 2 3 0 3 0 13 14 4 5 0 0 3 0 0 15 6 2 3 0 0 3 0 2 3 0 3 0 13 14 4 5 0 0 3 0 0 7 6 2 3 0 0 3 0 2 3 0 3 0 13 14 4 5 0 0 3 0 0 7 2 6 4 2 5 8 0 0 3 0 0 3 0 0 1 3 0 8 0 0 10 3 0 9 0 3 0 0 3 0 0 17 1 7 2 8 0 3 0 0 3 0 0 1 3 0 3 0 9 0 7 2 6 4 2 5 0 13 14 4 5 0 0 0 10 8 0 3 0 0 3 0 0 1 9 0 7 4 8 0 0 9 0 0 1 9 0 0 2 2 2 5 2 2 2 4 5 4 5 7 2 3 1 4 5 4 13 14 4 5 0 0 10 3 0 0 8 0 10 3 0 0 3 0 13 14 4 5 0 0 10 8 0 0 0 10 13 14 4 5 0 0 10 8 0 0 0 10 3 0 0 13 14 4 5 0 0 10 8 0 0 10 3 0 4 3 0 0 3 1 0 4 5 4 1 13 14 4 5 0 1 0 10 3 0 0 4 1 0 9 2 0 0 0 7 7 2 2 2 2 2 2 
28	28 4 5 4 5 4 5 4 5 4 5 4 5 4 5 4 5 4 5 4 5 4 5 4 5 4 5 4 5 4 5 4 5 4 5 2 5 
29	16 2 2 2 5 0 7 6 2 2 2 3 0 0 7 4 9 1 7 6 4 8 0 0 0 10 3 0 0 0 3 0 0 0 7 6 4 6 4 24 0 0 10 3 0 0 0 0 7 6 4 6 4 3 1 0 3 1 0 7 6 4 6 4 24 0 0 10 3 1 0 0 7 6 4 3 1 0 0 3 1 0 0 4 5 4 5 4 5 4 5 4 5 4 5 4 5 4 5 4 5 4 5 4 5 4 5 4 5 4 5 4 5 4 5 4 5 7 4 6 4 6 4 4 5 4 5 3 0 4 5 3 0 0 4 5 5 13 14 10 8 0 3 1 8 0 10 4 5 0 24 0 0 10 22 0 0 12 8 0 10 8 0 3 0 3 1 8 0 3 1 8 0 3 1 11 12 8 0 3 1 11 12 8 0 3 1 11 12 8 0 3 1 11 12 8 0 3 1 11 12 8 0 11 8 0 3 0 3 1 11 12 8 0 3 1 11 12 8 0 3 1 11 12 8 0 3 1 11 12 8 0 3 1 11 12 8 0 3 1 11 12 8 0 3 1 11 12 8 0 11 8 0 3 0 3 1 11 12 8 0 3 1 11 12 8 0 3 1 11 12 8 0 3 1 11 12 8 0 3 1 11 12 8 0 3 1 11 12 8 0 3 1 11 12 8 0 3 1 11 12 8 0 3 1 11 12 8 0 11 8 0 3 0 3 1 11 12 8 0 3 1 11 12 8 0 11 8 0 3 0 3 1 11 12 8 0 11 8 0 3 0 3 1 11 12 8 0 3 1 11 12 8 0 3 1 11 12 8 0 3 1 11 12 8 0 3 1 11 12 8 0 3 1 11 12 8 0 11 8 0 3 0 3 1 11 12 8 0 3 1 11 12 8 0 3 1 11 12 8 0 11 8 0 3 0 3 1 11 12 8 0 3 1 11 12 8 0 3 1 11 12 8 0 3 1 11 12 8 0 11 8 0 3 0 3 1 11 12 8 0 3 1 11 12 8 0 3 1 11 12 8 0 3 1 11 12 8 0 3 1 11 12 8 0 3 1 11 12 8 0 11 8 0 3 0 3 1 11 12 8 0 3 1 11 12 8 0 3 1 11 12 8 0 3 1 11 12 8 0 3 1 11 12 8 0 3 1 11 12 8 0 3 1 11 12 8 0 3 1 11 12 8 0 3 1 11 12 8 0 11 8 0 3 0 3 1 11 12 8 0 3 0 0 11 12 8 0 3 1 11 12 8 0 11 8 0 3 0 3 1 11 12 8 0 3 0 0 11 12 11 8 0 10 4 5 0 24 0 0 10 22 0 0 12 8 0 3 1 8 0 10 8 0 3 0 3 1 8 0 3 1 11 12 8 0 3 1 11 12 8 0 3 1 11 12 8 0 3 1 11 12 8 0 3 1 11 12 8 0 11 8 0 3 0 3 1 11 12 8 0 3 1 11 12 8 0 3 1 11 12 8 0 3 1 11 12 8 0 3 1 11 12 8 0 3 1 11 12 8 0 3 1 11 12 8 0 11 8 0 3 0 3 1 11 12 8 0 3 1 11 12 8 0 3 1 11 12 8 0 3 1 11 12 8 0 3 1 11 12 8 0 3 1 11 12 8 0 3 1 11 12 8 0 3 1 11 12 8 0 3 1 11 12 8 0 11 8 0 3 0 3 1 11 12 8 0 11 8 0 3 0 3 1 11 12 8 0 11 8 0 3 0 3 1 11 12 8 0 3 1 11 12 8 0 3 1 11 12 8 0 3 1 11 12 8 0 3 1 11 12 8 0 3 1 11 12 8 0 11 8 0 3 0 3 1 11 12 8 0 3 1 11 12 8 0 11 8 0 3 0 3 1 11 12 8 0 3 1 11 12 8 0 3 1 11 12 8 0 3 1 11 12 8 0 11 8 0 3 0 3 0 0 11 12 8 0 3 1 11 12 8 0 3 1 11 12 8 0 3 1 11 12 8 0 3 1 11 12 8 0 3 1 11 12 8 0 11 8 0 3 0 3 1 11 12 8 0 3 1 11 12 8 0 3 1 11 12 8 0 3 1 11 12 8 0 3 1 11 12 8 0 3 1 11 12 8 0 3 1 11 12 8 0 3 1 11 12 8 0 3 1 11 12 8 0 11 8 0 3 0 3 1 11 12 8 0 3 1 11 12 8 0 3 1 11 12 8 0 11 8 0 3 0 3 1 11 12 8 0 3 1 11 12 8 0 3 1 11 12 8 0 3 1 11 12 8 0 3 1 11 12 8 0 11 8 0 3 0 3 1 11 12 11 10 4 5 4 0 4 5 0 4 5 0 4 5 0 4 5 0 24 0 0 10 22 0 0 12 8 1 0 0 0 0 0 10 8 0 3 0 8 1 0 0 0 0 0 10 8 0 3 0 8 1 0 0 0 0 0 3 1 8 1 0 0 0 0 0 3 1 8 1 0 0 0 0 0 10 8 0 3 0 3 1 8 1 0 0 0 0 0 3 1 11 12 8 1 0 0 0 0 0 0 3 0 11 12 8 1 0 0 0 0 0 3 1 11 12 8 1 0 0 0 0 0 3 1 11 12 8 1 0 0 0 0 0 3 1 11 12 8 1 0 0 0 0 0 3 1 11 12 8 1 0 0 0 0 0 11 8 0 3 0 3 0 0 11 12 8 1 0 0 0 0 0 3 1 11 12 8 1 0 0 0 0 0 3 1 11 12 8 1 0 0 0 0 0 3 1 11 12 8 1 0 0 0 0 0 3 1 11 12 8 1 0 0 0 0 0 3 1 11 12 8 1 0 0 0 0 0 11 8 0 3 0 3 1 11 12 8 1 0 0 0 0 0 11 8 0 3 0 3 1 11 12 8 1 0 0 0 0 0 3 1 11 12 8 1 0 0 0 0 0 3 1 11 12 8 1 0 0 0 0 0 3 1 11 12 8 1 0 0 0 0 0 3 1 11 12 8 1 0 0 0 0 0 3 1 11 12 8 1 0 0 0 0 0 3 1 11 12 8 1 0 0 0 0 0 3 1 11 12 8 1 0 0 0 0 0 11 8 0 3 0 3 1 11 12 8 1 0 0 0 0 0 3 1 11 12 8 1 0 0 0 0 0 11 8 0 3 0 3 1 11 12 8 1 0 0 0 0 0 11 8 0 3 0 3 1 11 12 8 1 0 0 0 0 0 3 1 11 12 8 1 0 0 0 0 0 3 1 11 12 8 1 0 0 0 0 0 3 1 11 12 8 1 0 0 0 0 0 11 8 0 3 0 3 1 11 12 8 1 0 0 0 0 0 3 1 11 12 8 1 0 0 0 0 0 11 8 0 3 0 3 1 11 12 8 1 0 0 0 0 0 3 1 11 12 8 1 0 0 0 0 0 3 1 11 12 8 1 0 0 0 0 0 11 8 0 3 0 3 1 11 12 8 1 0 0 0 0 0 11 8 0 3 0 3 1 11 12 8 1 0 0 0 0 0 3 1 11 12 8 1 0 0 0 0 0 3 1 11 12 8 1 0 0 0 0 0 3 1 11 12 8 1 0 0 0 0 0 3 1 11 12 8 1 0 0 0 0 0 11 8 0 3 0 3 1 11 12 8 1 0 0 0 0 0 3 1 11 12 8 1 0 0 0 0 0 3 1 11 12 8 1 0 0 0 0 0 3 1 11 12 8 1 0 0 0 0 0 3 1 11 12 8 1 0 0 0 0 0 3 1 11 12 8 1 0 0 0 0 0 3 1 11 12 8 1 0 0 0 0 0 11 8 0 3 0 3 1 11 12 8 1 0 0 0 0 0 11 8 0 3 0 3 1 11 12 8 1 0 0 0 0 0 3 1 11 12 8 1 0 0 0 0 0 3 1 11 12 8 1 0 0 0 0 0 11 8 0 3 0 3 1 11 12 8 1 0 0 0 0 0 3 1 11 12 8 1 0 0 0 0 0 3 1 11 12 8 1 0 0 0 0 0 3 1 11 12 8 1 0 0 0 0 0 11 8 0 3 0 3 0 0 11 12 11 8 0 10 3 0 0 3 0 0 3 0 3 0 8 0 0 0 0 0 9 0 19 3 0 1 20 21 9 0 4 5 7 4 6 4 6 4 6 4 6 4 6 4 22 0 12 9 0 0 0 12 9 0 0 0 12 9 0 0 0 12 9 0 0 0 12 8 0 0 0 9 9 7 4 6 4 6 4 6 4 6 4 6 4 22 0 12 9 0 0 0 12 8 0 0 0 9 9 7 4 6 4 6 4 6 4 6 4 6 4 22 0 12 9 0 0 0 12 8 0 0 0 9 9 7 4 6 4 6 4 6 4 6 4 6 4 22 0 12 9 0 0 0 12 9 0 0 0 12 9 0 0 0 12 9 0 0 0 12 9 0 0 0 12 8 0 0 0 8 0 0 0 9 9 9 7 4 6 4 6 4 6 4 6 4 6 4 22 0 12 9 0 0 0 12 9 0 0 0 12 8 0 0 0 9 9 2 5 2 5 4 5 4 5 2 5 4 5 4 4 5 4 4 5 15 6 2 3 0 0 15 6 2 6 4 3 0 3 1 0 7 6 2 3 0 0 3 0 0 3 0 0 3 1 7 4 5 3 0 13 14 0 0 3 0 0 7 6 2 6 4 3 1 0 3 1 0 7 6 4 8 0 0 17 2 0 0 3 0 0 7 2 2 5 1 0 3 0 0 2 5 0 0 3 0 0 1 0 3 0 1 3 0 1 3 0 1 3 0 1 9 0 4 5 4 5 4 5 4 5 4 5 4 5 7 2 4 5 2 5 2 5 4 5 13 14 10 19 3 0 1 20 21 3 0 3 0 1 9 0 3 0 3 0 3 0 1 8 0 0 10 3 0 8 0 10 8 0 0 3 1 0 0 8 0 0 0 10 3 0 1 9 0 10 23 4 5 1 4 5 1 2 5 4 5 19 3 1 3 1 20 21 3 0 3 0 0 1 8 0 0 10 3 0 3 0 3 0 8 0 10 3 1 3 0 0 1 17 2 0 0 0 0 0 0 0 2 
30	16 4 5 4 5 5 5 5 2 5 2 5 2 5 7 2 9 0 7 2 6 4 22 0 12 9 2 
31	16 4 5 4 5 4 5 4 5 4 5 7 2 6 2 2 5 2 4 5 13 14 4 5 0 1 0 10 22 1 0 12 23 12 3 1 23 12 3 1 23 12 3 1 23 12 3 1 23 12 3 1 23 12 3 1 23 12 3 1 23 12 3 1 23 12 8 0 1 0 0 10 2 5 1 0 3 1 1 1 1 10 3 1 0 23 9 1 7 2 6 4 6 4 6 4 6 4 6 2 6 4 9 0 0 0 1 1 0 4 0 1 0 7 2 9 25 15 15 6 2 6 4 3 0 3 0 0 15 6 4 6 4 6 4 6 4 6 2 6 4 6 4 3 1 0 0 0 0 0 0 0 2 
32	15 4 5 1 1 0 7 2 9 1 7 2 4 5 4 0 4 5 1 0 0 13 14 4 5 0 0 0 3 0 0 0 9 2 0 7 2 6 2 9 1 1 7 2 6 4 8 0 17 2 0 2 5 1 0 0 8 1 0 17 2 0 0 8 1 0 10 2 5 2 0 18 1 0 3 1 3 0 1 9 0 7 4 6 2 9 1 0 0 7 2 6 2 9 2 1 0 
33	2 5 2 4 5 15 7 6 4 3 0 0 7 4 9 0 7 6 2 3 1 0 7 6 2 2 5 1 18 1 10 2 5 2 1 8 1 1 0 10 3 1 9 7 6 2 2 5 1 18 1 10 2 5 2 1 8 1 1 0 10 3 1 7 2 6 2 13 14 4 5 0 1 0 10 2 5 2 1 0 8 1 1 0 9 0 9 7 2 6 2 13 14 4 5 0 1 0 10 2 5 2 1 0 8 1 1 0 1 9 1 9 7 2 9 2 0 7 2 6 2 2 5 2 13 14 4 5 0 1 0 10 2 5 2 1 0 8 1 1 0 10 3 1 0 8 1 9 9 2 1 2 1 7 2 6 2 2 5 2 13 14 4 5 0 1 0 10 2 5 2 1 0 8 1 1 0 1 3 1 1 8 1 9 9 2 1 2 1 7 4 6 2 2 5 2 13 14 4 5 0 1 0 10 2 5 2 1 0 8 1 1 0 1 3 1 1 8 1 9 9 4 1 4 1 7 4 6 2 13 14 4 5 0 1 0 10 2 5 2 1 0 8 1 1 0 1 9 1 9 7 2 2 5 2 3 1 13 14 4 5 0 1 0 10 2 5 2 1 0 3 1 1 8 0 1 3 1 3 1 9 1 2 2 2 
34	2 5 2 5 4 5 4 5 4 5 4 5 4 5 4 5 4 5 4 5 4 5 4 5 16 15 6 2 3 0 2 5 2 2 5 2 2 5 2 2 2 16 15 6 2 3 0 2 5 2 2 5 2 2 5 2 2 5 2 2 2 16 15 6 2 3 0 2 5 2 2 5 2 2 5 2 2 5 2 2 5 2 2 2 7 6 4 3 0 0 7 4 9 0 7 2 9 0 7 2 9 0 2 2 0 7 2 9 0 2 2 0 7 4 9 0 4 4 0 15 6 2 6 2 6 2 6 2 3 0 0 0 0 0 15 6 2 6 2 6 2 6 2 6 2 8 0 17 2 8 0 17 2 8 1 1 17 2 8 0 0 0 0 17 2 8 0 0 0 0 17 2 3 0 0 8 0 0 10 3 0 3 0 8 0 0 10 3 0 3 0 8 0 0 10 3 0 3 0 17 2 0 8 0 0 10 3 0 3 0 8 0 0 10 3 0 3 0 8 0 0 10 3 0 3 0 8 0 0 10 3 0 3 0 3 0 10 17 2 0 3 0 3 1 0 15 6 2 6 2 3 0 0 0 15 6 2 6 2 6 2 8 0 17 2 8 0 17 2 3 0 0 3 0 3 0 3 0 3 0 3 0 3 1 0 15 6 2 6 4 6 2 8 0 17 2 8 0 17 2 3 0 1 3 0 0 8 0 0 10 3 0 3 0 8 0 0 10 3 0 3 0 8 0 0 17 2 17 2 0 3 0 3 0 3 0 3 1 0 7 6 2 8 0 0 10 3 0 3 0 3 0 8 0 0 10 3 0 3 0 3 0 8 0 0 10 3 0 3 0 3 0 8 0 0 10 3 0 3 0 3 0 8 0 0 10 3 0 3 0 3 0 10 17 2 0 7 4 9 0 7 4 9 0 7 4 9 0 7 4 9 0 7 4 9 0 7 4 9 0 7 4 9 0 7 4 9 0 7 4 9 0 7 6 4 3 0 0 7 2 2 5 2 8 0 10 3 1 8 0 3 1 3 1 8 0 10 8 1 3 1 3 1 8 0 10 8 1 3 1 3 1 8 0 10 8 1 3 1 3 1 8 0 10 8 1 3 1 3 1 8 0 10 8 1 3 1 3 1 8 0 10 8 1 3 1 3 1 8 0 10 3 1 3 1 3 1 0 3 1 8 0 10 3 1 0 3 1 9 1 2 
35	16 4 5 4 5 2 5 2 5 2 5 2 5 2 15 6 2 6 2 3 0 0 3 0 0 4 5 19 3 0 1 0 4 5 1 2 5 13 14 4 5 0 0 0 10 4 5 1 2 5 1 8 0 10 3 0 0 0 3 0 2 3 0 0 3 1 0 0 8 0 10 3 0 1 0 3 0 8 0 0 10 19 3 1 20 21 7 2 9 0 7 2 9 0 7 8 0 17 2 3 1 3 1 3 0 7 2 6 2 8 0 17 2 2 5 2 1 0 8 0 17 2 0 9 2 0 0 0 7 2 2 5 2 1 9 2 1 1 0 7 4 6 2 9 1 0 7 4 6 2 9 1 0 7 6 2 3 1 0 7 6 2 17 2 7 6 2 6 2 17 2 7 4 6 2 2 5 2 1 0 8 0 17 2 0 9 0 7 2 6 2 17 2 7 2 6 2 17 2 16 2 5 4 5 4 5 15 6 2 6 4 6 4 3 0 0 3 0 0 3 0 0 7 6 4 6 4 6 4 26 0 4 5 1 8 0 0 0 17 2 3 1 0 0 3 1 0 0 0 7 6 4 7 7 4 9 0 2 2 
36	16 2 5 4 5 4 5 2 5 2 5 2 5 2 5 4 5 15 6 2 6 2 8 0 17 2 8 0 17 2 3 0 0 3 0 0 3 0 2 3 0 2 7 2 9 0 7 2 9 0 7 6 2 8 0 17 2 8 0 17 2 8 1 0 17 2 0 2 5 2 3 0 0 3 1 0 7 8 0 17 2 8 1 17 2 3 0 2 5 19 3 0 1 0 3 1 1 2 5 1 18 1 10 2 5 2 1 3 0 1 3 1 0 4 5 4 3 0 1 18 1 10 2 5 2 1 3 0 1 3 1 0 0 0 3 0 1 18 1 10 2 5 2 1 3 1 0 3 1 0 2 5 0 3 0 3 1 8 0 19 3 1 20 21 7 6 2 6 2 6 4 2 5 19 4 5 1 3 0 1 0 4 5 1 4 5 0 4 5 0 18 0 10 4 5 4 1 0 0 3 1 0 0 3 1 0 0 3 0 0 8 0 17 2 0 0 0 0 4 5 1 4 5 0 0 8 0 0 17 2 0 0 8 0 3 1 
37	2 5 2 5 2 5 2 5 4 5 4 5 0 2 5 15 6 2 6 2 6 2 6 4 3 0 0 3 0 0 3 0 0 3 0 0 15 6 2 6 2 6 2 3 0 0 3 0 0 3 0 1 3 0 1 3 0 1 7 6 2 6 2 3 0 2 3 1 0 3 1 0 0 2 5 2 0 0 0 19 3 1 0 3 1 3 1 0 1 3 1 0 2 5 1 3 1 0 0 3 1 0 2 5 2 4 5 4 5 4 5 4 5 7 6 2 2 5 1 18 1 10 2 5 2 1 2 5 1 4 5 1 0 8 0 3 0 1 0 8 1 10 2 5 1 8 1 10 3 1 0 0 0 2 0 0 1 10 3 1 0 0 0 3 0 1 3 0 10 8 1 3 0 1 8 1 3 0 2 1 17 2 2 5 1 0 0 19 2 5 13 14 2 5 1 0 0 1 10 3 0 1 8 1 3 1 0 1 0 2 0 1 0 1 3 1 0 1 0 3 0 0 8 0 0 10 8 0 3 1 0 11 8 0 3 0 1 3 1 3 0 0 1 3 0 0 0 7 6 2 6 2 6 4 6 2 3 1 0 0 2 5 2 1 0 4 5 0 4 5 0 3 0 0 0 0 3 0 0 8 0 10 8 0 0 10 2 5 2 0 2 5 0 13 14 4 5 0 0 0 10 3 0 0 0 0 3 0 0 3 0 0 0 2 5 2 0 0 3 1 0 2 0 0 0 7 2 2 5 2 1 2 5 1 13 14 4 5 1 0 3 0 0 2 1 3 1 0 0 9 0 7 6 2 6 4 6 4 8 0 0 9 4 5 0 0 8 0 0 0 1 0 0 0 10 2 5 0 0 3 0 0 0 0 3 0 0 0 8 0 0 0 1 0 0 0 10 2 5 0 0 3 0 0 0 0 3 0 0 0 8 0 0 0 1 0 0 0 10 2 5 0 0 3 0 0 0 0 3 0 0 0 4 5 0 4 5 0 8 0 0 9 2 5 0 0 0 13 14 10 18 0 0 0 1 0 3 0 18 0 0 0 0 0 1 0 3 0 8 0 0 10 2 5 0 0 3 0 0 0 0 3 0 0 0 3 0 10 11 3 1 0 0 0 3 1 0 0 0 7 6 2 6 2 2 5 5 2 5 2 5 19 3 0 1 0 3 0 1 0 3 0 2 0 0 0 0 2 5 2 2 5 13 14 4 5 0 0 0 10 2 5 0 0 3 1 1 1 3 1 0 0 4 5 0 4 5 0 4 5 0 0 3 1 0 0 3 0 0 2 5 1 8 0 0 10 3 0 0 2 5 1 0 8 0 10 8 0 10 3 0 2 0 0 0 3 1 3 1 0 8 0 10 3 1 8 0 1 10 3 1 1 0 0 0 8 0 3 1 2 5 8 0 19 3 1 20 21 8 0 3 0 0 8 0 19 3 1 20 21 8 0 3 0 0 8 0 19 3 1 20 21 8 0 3 0 0 8 0 19 3 1 20 21 8 0 3 0 0 8 0 17 2 1 7 6 2 13 14 4 5 0 1 0 10 2 5 1 0 8 0 0 10 4 5 0 0 1 0 0 0 2 5 1 0 0 19 3 1 1 0 3 1 7 6 2 3 0 0 2 5 15 6 2 6 4 6 2 3 0 0 3 0 3 0 4 3 0 0 8 0 10 3 0 2 3 0 0 3 0 
38	2 5 4 5 4 5 4 5 4 5 4 5 15 6 2 6 4 6 4 6 4 6 4 6 4 6 4 3 0 0 3 0 0 3 0 0 3 0 0 3 0 0 3 0 0 3 0 0 
39	4 5 4 5 4 5 4 5 4 5 2 5 2 2 5 2 15 15 6 2 6 2 2 5 1 0 19 3 1 0 3 1 7 6 2 2 5 1 18 1 10 2 5 2 1 3 1 1 1 1 1 1 1 7 6 2 6 4 6 4 6 4 2 5 1 18 1 10 3 1 2 1 0 0 0 7 6 2 6 4 2 5 1 18 1 10 3 1 2 1 0 7 6 2 6 4 3 1 0 0 7 6 2 6 4 6 4 3 1 0 0 0 7 6 2 6 4 6 4 6 4 6 4 3 1 0 0 0 0 0 7 6 2 6 4 6 4 6 4 6 4 6 4 2 5 1 0 8 0 10 3 1 0 0 0 0 0 0 10 8 0 0 10 8 0 0 10 8 0 0 10 8 0 0 10 8 0 0 10 7 6 2 6 4 6 4 6 4 6 4 6 4 2 5 2 0 0 1 0 0 0 0 3 1 0 3 1 0 0 7 4 6 2 19 2 5 1 0 8 0 9 0 20 21 9 9 7 2 6 2 9 2 1 0 7 2 6 4 19 9 1 0 0 20 21 9 7 2 6 4 19 9 2 1 0 20 21 9 7 4 9 1 7 4 4 5 13 14 4 5 0 1 0 10 8 1 0 0 10 3 0 11 9 0 7 6 2 6 2 2 5 1 0 19 3 1 0 3 1 7 6 2 3 1 1 13 14 4 5 0 1 0 10 2 5 1 0 4 5 8 0 3 0 0 8 0 3 0 0 8 0 3 0 0 8 0 3 0 0 8 0 3 0 0 3 1 0 3 1 0 7 6 2 13 14 4 5 0 0 0 10 2 5 1 1 4 5 1 4 5 0 0 4 5 0 0 4 5 0 0 4 5 0 0 4 5 0 0 3 1 0 0 0 0 0 0 
40	2 5 2 5 2 5 4 5 15 6 2 6 2 6 2 3 0 0 3 0 1 0 3 0 1 0 3 0 4 1 7 3 1 3 1 7 4 9 0 7 2 6 4 3 1 0 4 5 1 3 1 0 2 5 2 4 5 1 13 14 4 5 0 0 0 10 4 5 1 2 5 1 0 4 5 1 4 5 0 0 4 5 0 0 8 0 0 10 4 5 4 1 3 1 0 0 8 0 3 1 2 0 1 0 0 3 1 2 0 0 0 10 2 2 5 2 2 5 0 8 0 0 3 0 0 8 0 0 3 0 0 3 0 0 2 2 5 8 0 10 8 0 10 8 0 10 3 0 0 10 3 0 0 8 0 10 3 0 0 10 3 0 0 10 3 0 0 8 0 10 3 0 0 4 5 4 1 3 1 0 0 3 0 3 0 3 0 3 1 0 3 1 0 10 3 0 3 0 3 0 3 1 0 3 1 0 9 0 7 4 6 4 2 5 2 3 1 0 2 5 2 0 4 5 4 18 1 10 19 4 5 1 0 3 1 0 0 20 21 2 5 2 1 3 1 0 17 0 3 1 9 1 
41	4 5 4 5 4 5 2 5 2 5 2 5 15 6 2 6 2 6 2 3 0 0 3 0 1 0 3 0 1 0 7 3 1 3 1 7 6 2 3 1 1 4 5 2 5 1 18 1 10 2 5 2 1 8 1 3 0 3 1 0 3 0 1 18 1 10 2 5 2 1 8 1 10 3 1 1 1 4 5 8 1 3 0 0 8 1 3 0 0 8 1 3 0 0 3 1 0 8 1 10 4 5 8 1 10 3 0 1 1 10 3 0 1 1 1 4 5 0 3 1 0 3 1 0 0 10 8 1 10 4 5 1 4 5 0 3 1 0 3 1 0 0 10 3 1 1 7 4 6 4 2 5 2 3 1 0 3 1 0 3 1 2 5 2 0 4 5 4 18 1 10 4 5 1 0 3 1 0 0 3 1 9 1 
42	16 2 5 15 6 2 3 0 0 7 6 2 3 1 0 7 6 2 3 1 0 7 4 9 1 7 4 9 1 7 4 9 1 7 4 6 4 6 4 9 1 0 0 7 4 6 4 9 1 0 7 3 1 2 16 15 6 2 3 0 7 4 9 2 0 2 2 16 2 5 15 6 2 3 0 0 7 4 9 1 7 2 9 1 7 4 9 1 7 3 1 2 2 5 15 6 2 3 1 3 0 0 7 2 6 4 9 1 0 7 2 6 4 6 2 9 1 0 0 7 4 9 1 7 4 9 1 7 2 6 4 9 1 0 7 4 6 4 9 1 0 7 4 9 1 7 3 1 7 4 6 2 9 1 0 7 4 6 2 9 1 0 7 6 2 6 4 6 4 3 1 0 0 0 7 6 4 6 2 6 4 3 1 0 0 0 7 2 9 1 7 2 6 2 9 1 0 7 4 6 2 9 1 0 7 2 9 1 7 2 9 1 7 6 4 3 1 0 7 3 1 7 3 1 7 2 6 2 2 9 1 0 7 4 9 1 7 4 9 1 2 
43	7 4 6 2 6 2 13 14 4 5 0 0 0 10 8 1 0 0 9 8 1 0 9 8 1 0 9 8 1 9 9 2 
44	2 5 2 5 2 5 2 2 5 2 2 5 2 
45	2 5 2 5 2 5 2 5 4 5 2 5 4 5 4 5 0 4 5 0 4 5 0 15 6 2 6 2 6 4 3 1 0 0 0 15 6 2 6 2 6 4 2 5 1 0 0 3 1 0 0 0 15 6 2 6 2 6 4 2 5 1 0 0 3 1 0 0 0 7 6 2 6 2 6 4 3 0 0 26 0 3 0 0 3 0 2 0 0 0 3 0 7 8 0 10 17 2 7 8 0 10 8 0 10 3 1 3 0 3 0 2 0 0 3 1 0 3 1 0 3 1 0 3 1 0 3 1 0 7 8 0 10 8 0 10 3 1 3 0 3 0 1 0 7 26 0 3 1 8 0 10 3 1 3 0 3 1 10 3 1 3 0 3 1 7 6 2 6 2 26 0 3 1 3 1 8 0 3 1 0 0 3 1 0 7 6 2 3 1 0 7 4 6 2 26 0 3 1 3 1 9 1 0 7 6 4 26 0 3 1 3 1 3 1 0 7 4 26 0 3 1 8 0 10 9 1 10 9 1 7 26 0 3 1 3 1 3 1 7 6 2 26 0 3 1 8 0 10 3 1 0 3 0 0 7 2 26 0 3 1 3 1 9 1 7 6 4 26 0 3 1 8 0 10 3 1 0 3 0 0 7 4 26 0 3 1 3 1 9 1 7 6 4 26 0 3 1 8 0 10 3 1 0 3 0 0 7 4 26 0 3 1 3 1 9 1 7 6 4 26 0 3 1 8 0 10 3 1 0 3 0 0 7 4 26 0 3 1 3 1 9 1 7 6 4 26 0 3 1 8 0 10 3 1 0 3 0 0 7 4 26 0 3 1 3 1 9 1 7 26 0 8 0 17 2 8 0 10 3 1 3 0 10 3 1 3 0 3 0 7 2 9 0 
46	16 2 5 15 15 6 2 3 0 0 7 2 9 0 2 5 2 2 5 2 2 5 2 2 5 2 2 5 2 2 5 2 2 5 2 2 5 2 2 5 2 15 6 2 3 0 0 15 6 2 6 2 6 4 3 1 0 0 0 7 6 2 6 2 6 4 6 4 3 0 0 3 0 0 3 0 0 3 0 0 2 5 4 5 4 5 2 5 2 5 4 5 4 5 7 2 6 2 9 1 1 0 7 2 6 2 9 1 1 0 7 2 6 2 9 1 0 7 2 6 2 6 4 9 2 1 2 2 1 0 0 7 2 2 5 2 3 1 0 9 1 0 1 0 2 5 2 1 13 14 4 5 0 1 0 3 0 0 1 1 0 9 2 0 0 0 0 7 2 9 0 7 4 6 2 9 1 2 0 7 4 6 2 9 1 0 0 7 4 6 2 9 1 0 7 4 6 2 9 1 2 0 7 4 6 2 2 5 1 0 4 5 1 0 3 1 9 0 7 4 6 2 2 5 1 0 4 5 19 3 0 1 0 9 1 0 8 0 10 3 1 7 4 9 1 7 4 2 5 1 0 4 5 19 3 0 1 0 9 1 0 1 8 0 10 3 1 7 2 6 4 7 2 6 4 6 2 7 4 6 2 9 1 2 0 0 7 4 6 2 9 1 2 0 0 7 4 6 2 9 1 0 7 4 7 4 7 2 6 4 7 4 6 4 7 4 7 4 6 2 9 1 0 7 4 6 2 7 6 2 6 4 6 4 7 6 4 6 2 6 4 8 0 3 1 3 1 0 0 0 3 0 7 6 4 6 2 6 4 7 6 4 6 2 6 4 3 1 0 0 1 0 7 2 7 2 6 2 7 4 6 2 7 2 6 2 2 5 1 3 1 0 9 0 7 2 7 2 6 2 2 5 1 3 1 0 9 0 7 2 7 8 0 17 2 8 0 10 2 5 1 0 17 2 0 3 0 0 8 1 0 1 10 3 0 3 0 1 3 0 17 2 7 6 4 8 0 3 1 3 1 0 3 0 7 6 4 7 4 6 2 2 5 1 0 8 0 9 4 5 19 18 1 10 3 1 1 3 0 3 1 9 0 7 8 0 3 1 3 1 3 0 7 7 8 0 10 8 0 10 3 1 2 2 1 0 0 7 2 3 1 3 1 0 9 8 0 10 3 0 3 1 3 0 7 7 3 1 3 1 8 0 3 1 7 7 8 0 10 3 0 7 2 6 2 7 4 6 2 9 1 1 0 1 1 0 7 4 6 2 2 5 1 0 4 5 1 0 3 1 9 0 7 6 2 3 1 1 0 3 1 1 0 7 6 2 2 5 4 5 13 14 4 5 0 0 0 10 8 0 0 1 10 3 0 8 0 10 3 0 0 0 8 0 10 3 1 9 2 5 2 5 19 2 5 2 0 2 5 1 1 3 0 1 3 0 1 0 3 0 2 0 0 2 5 1 13 14 4 5 0 0 0 10 4 5 1 0 0 8 0 10 3 1 0 0 0 2 5 1 0 0 2 5 2 0 0 4 5 4 4 5 0 18 0 10 4 5 4 1 0 0 3 1 0 0 3 1 0 0 3 0 0 3 1 3 1 3 1 0 0 0 20 21 3 1 19 8 0 3 1 8 0 3 1 20 21 3 1 
47	4 5 4 5 0 4 5 4 5 0 2 5 2 5 4 5 4 5 4 5 0 4 5 4 5 2 5 4 5 0 4 5 4 5 7 4 9 0 7 6 4 3 0 0 7 6 2 3 0 0 7 2 9 0 7 6 4 3 0 0 7 4 9 0 15 6 2 6 2 6 4 3 1 0 0 0 0 15 6 2 6 2 6 4 3 1 0 0 0 0 15 6 2 6 2 6 4 3 0 0 0 15 6 2 6 2 6 4 6 4 3 0 0 3 0 0 3 0 0 2 5 1 0 17 2 0 3 1 2 2 1 0 0 7 2 8 0 3 1 0 3 1 0 9 7 6 4 3 0 0 7 4 9 0 7 6 4 3 0 0 7 4 9 0 7 6 4 8 0 17 2 3 0 0 7 4 9 0 7 6 4 8 0 17 2 3 0 0 7 4 9 0 7 6 2 3 0 0 7 2 9 0 7 6 4 3 0 0 7 4 9 0 7 6 4 3 0 0 7 4 9 0 7 3 1 3 1 8 0 10 3 0 8 0 3 1 7 8 0 10 3 0 7 2 9 0 7 2 9 0 7 4 4 5 13 14 4 5 0 1 0 10 2 5 1 0 3 0 0 9 0 4 5 0 7 6 2 3 1 0 0 7 6 2 6 2 2 5 2 0 0 3 1 0 2 5 1 3 1 0 0 26 3 1 2 0 0 3 1 7 4 9 0 7 2 9 1 0 0 4 5 0 4 5 0 4 5 0 2 5 7 3 1 18 1 1 1 1 1 0 0 0 1 1 1 1 10 4 5 1 0 3 1 0 0 7 6 2 4 5 1 13 14 4 5 0 0 0 10 3 1 0 0 13 14 4 5 0 1 0 10 18 1 0 0 10 13 14 4 5 0 0 1 0 10 4 5 1 1 0 0 8 0 0 3 1 0 0 7 6 2 2 5 1 2 5 2 0 2 5 2 2 5 3 0 1 1 3 1 0 3 1 0 0 3 1 2 0 0 0 8 0 3 1 3 1 2 2 1 0 0 7 2 9 8 0 10 2 5 1 0 3 1 2 2 1 0 0 7 2 3 1 0 0 9 3 1 0 7 4 5 1 4 5 18 0 1 0 0 0 10 3 0 1 0 0 3 0 8 0 1 3 1 0 7 4 5 0 18 0 0 10 4 5 1 4 5 18 0 10 2 5 1 0 8 0 0 11 3 0 0 3 1 0 7 6 4 3 1 0 1 7 6 4 6 4 2 5 1 8 0 3 1 2 5 2 0 2 5 2 13 14 4 5 0 0 0 0 10 2 5 1 0 8 0 3 1 0 0 2 5 1 0 3 1 0 4 5 1 8 0 10 3 1 0 0 3 1 0 3 1 0 2 0 0 0 3 1 3 1 2 2 1 0 0 7 2 9 8 0 10 2 5 1 0 3 1 2 2 1 0 0 7 2 3 1 0 0 9 3 1 0 7 6 2 2 5 2 13 14 4 5 0 1 0 10 2 5 2 1 0 8 1 0 10 7 6 2 2 5 2 7 6 2 6 2 13 14 4 5 0 1 0 3 1 2 1 0 7 6 2 6 2 13 14 4 5 0 1 0 10 2 5 2 1 0 19 8 1 0 10 8 0 3 1 1 20 21 7 2 2 5 2 8 1 0 9 0 2 5 1 0 19 3 1 1 3 1 9 0 7 6 2 2 5 1 19 3 1 1 13 14 4 5 0 1 0 3 1 2 1 0 3 1 3 1 0 
48	16 15 6 2 3 1 1 2 5 1 18 1 10 2 5 2 1 8 1 3 1 0 7 2 9 2 1 7 4 6 2 6 2 9 2 0 2 0 2 16 4 5 4 5 4 5 4 5 4 0 7 6 4 8 0 0 3 1 3 0 0 0 7 4 9 0 0 7 3 1 0 0 0 7 3 0 3 0 7 4 9 0 0 7 4 5 4 0 3 1 0 0 0 3 0 0 3 0 4 5 4 5 2 5 2 5 15 6 2 6 2 2 5 2 13 14 4 5 0 0 0 3 1 1 0 0 3 0 2 0 3 0 2 7 4 8 1 9 3 1 3 0 1 1 2 5 24 1 1 1 0 10 3 0 1 13 14 4 5 0 1 0 3 1 1 8 1 3 1 10 3 1 3 1 3 1 3 0 1 9 7 4 9 1 7 4 6 4 18 1 0 1 1 10 2 5 2 1 8 1 0 3 1 0 3 1 9 1 7 4 9 0 7 4 9 0 7 18 1 3 2 1 7 6 2 17 2 7 6 2 17 2 7 4 6 4 6 4 17 2 2 
49	2 5 2 5 2 4 5 4 5 4 5 15 6 2 3 0 0 1 3 1 0 15 6 2 6 2 6 4 6 2 3 0 0 0 3 1 0 7 6 2 3 0 0 13 14 4 5 0 0 0 10 3 0 0 0 8 0 0 1 3 0 3 0 0 0 7 2 6 4 7 2 6 4 6 2 9 0 0 1 0 0 0 0 7 4 13 14 4 5 0 0 0 3 0 0 9 0 7 4 9 0 7 2 6 4 7 4 6 4 7 4 9 0 7 6 4 3 0 7 13 14 4 5 0 0 0 3 0 0 1 3 0 18 0 0 10 4 5 0 0 4 5 0 0 8 0 0 3 0 0 8 0 0 10 3 0 0 18 0 0 0 0 0 10 9 0 9 0 7 4 6 2 13 14 4 5 0 0 0 10 8 0 0 1 0 9 9 4 5 7 4 8 0 3 0 1 1 9 0 7 4 6 2 4 5 4 1 0 8 0 8 1 0 9 1 3 0 4 1 13 14 4 5 0 0 0 3 0 0 1 0 0 0 0 9 0 7 6 2 6 4 6 4 4 5 4 1 0 8 0 1 0 3 0 1 3 1 0 0 0 1 3 0 0 1 0 0 0 0 0 7 6 4 6 2 6 4 7 2 9 2 0 0 7 2 6 2 9 2 0 0 0 7 4 6 2 13 14 4 5 0 0 0 3 0 0 0 1 0 9 0 7 2 9 2 0 0 7 2 9 2 0 0 7 13 14 4 5 0 0 0 3 0 0 1 7 13 14 4 5 0 0 0 3 0 0 1 7 2 6 2 2 2 5 2 13 14 4 5 0 0 0 10 2 5 0 0 2 5 1 0 3 1 0 9 0 2 16 2 5 2 5 4 5 15 6 2 6 4 6 2 3 0 2 0 13 14 4 5 0 0 0 10 2 5 0 0 2 5 8 0 10 3 0 1 0 3 0 1 2 5 2 0 0 0 0 8 0 1 1 10 3 1 8 0 1 10 3 1 7 4 2 5 2 1 8 0 10 3 0 9 3 0 0 3 0 18 0 1 0 10 3 1 8 1 10 3 0 2 1 9 7 2 9 0 7 4 9 0 7 3 1 2 16 2 5 4 5 2 5 4 5 4 5 2 5 15 6 2 6 4 3 0 0 3 0 0 3 0 2 0 7 4 9 0 1 7 4 9 1 7 6 2 3 0 0 3 0 3 0 3 0 7 6 2 3 1 1 7 4 8 0 1 10 9 8 0 0 10 3 0 0 0 3 0 1 0 9 1 9 7 4 6 4 6 4 18 10 8 0 10 3 0 0 0 3 0 1 0 10 9 4 5 1 0 0 3 0 13 14 4 5 0 0 0 3 0 0 0 9 0 7 4 6 4 24 0 1 10 8 1 9 9 7 2 6 4 8 0 9 2 5 0 0 8 0 3 0 0 0 1 0 0 3 1 0 9 0 7 2 6 2 9 1 7 13 14 4 5 0 0 0 10 8 0 0 3 0 0 1 2 16 15 6 2 6 4 3 0 0 7 2 6 2 9 2 1 7 4 9 2 0 2 2 
50	2 5 2 2 5 2 2 5 2 4 5 4 5 4 5 15 3 7 6 2 3 1 0 7 6 2 6 4 8 1 10 3 0 1 3 0 1 3 0 1 17 2 0 1 8 1 0 17 2 0 1 2 5 1 1 0 2 5 2 1 8 1 0 3 1 0 0 8 0 3 1 0 7 4 9 0 7 4 9 0 7 4 9 0 7 4 6 4 8 1 9 2 1 9 7 6 4 13 14 4 5 0 1 0 10 3 2 1 0 3 0 7 13 14 4 5 0 1 0 10 3 2 1 0 3 0 7 2 6 4 2 5 2 13 14 4 5 0 1 0 10 2 5 2 1 0 2 5 1 1 0 18 1 10 3 1 2 1 9 0 7 2 6 4 2 5 2 2 5 1 1 18 1 10 2 2 5 2 2 1 2 5 2 1 2 5 2 1 2 5 1 0 0 8 0 3 1 0 9 2 1 2 1 7 2 6 4 6 2 2 5 2 1 0 9 0 1 0 0 7 4 6 2 2 5 2 1 0 9 0 1 0 7 4 6 2 2 5 2 1 0 9 0 1 0 7 6 2 6 4 6 4 2 5 2 1 0 8 0 3 1 0 0 0 7 6 4 6 2 6 4 2 5 2 1 0 8 0 3 1 0 0 0 7 2 9 2 7 2 6 2 9 2 0 7 4 6 2 2 5 2 1 1 9 0 1 0 7 2 6 2 9 2 0 7 2 9 2 7 2 6 2 9 2 0 7 2 9 2 7 13 14 4 5 0 1 0 3 2 1 0 7 13 14 4 5 0 1 0 3 2 1 0 7 2 6 2 2 2 5 2 13 14 4 5 0 1 0 10 2 5 2 1 0 2 5 1 0 3 1 0 9 0 16 2 5 2 5 15 3 0 2 1 8 0 3 0 2 1 0 15 6 2 3 0 1 2 5 2 1 0 8 0 3 0 1 0 7 4 8 0 9 4 5 1 8 0 1 1 0 3 0 2 1 1 0 8 0 10 3 0 2 1 0 9 7 2 8 0 9 9 1 7 4 8 0 9 9 1 7 8 0 3 1 2 16 2 5 15 15 6 2 3 1 0 7 4 9 1 7 4 9 1 7 6 2 2 5 2 1 1 3 0 0 1 0 7 6 2 3 1 1 7 4 8 0 9 9 1 7 4 6 4 6 4 8 0 9 9 1 0 0 7 4 6 4 8 0 9 9 1 0 7 8 0 3 1 2 16 15 15 6 2 3 1 0 7 6 2 2 5 2 1 1 3 0 0 1 0 7 4 9 2 0 2 2 2 
51	15 6 2 6 4 6 2 3 0 0 3 0 0 3 0 0 
52	4 5 4 5 1 7 2 6 4 9 2 1 0 7 6 2 2 5 1 0 19 4 5 1 8 0 0 10 17 2 0 10 3 0 0 2 5 2 1 1 0 3 1 0 8 1 1 10 10 3 1 7 6 2 2 5 1 19 13 14 4 5 0 1 0 10 2 5 1 0 3 1 0 3 1 0 3 1 3 1 0 7 4 9 0 7 4 6 2 2 5 1 0 4 5 4 5 19 3 0 1 8 0 10 8 0 0 17 2 0 3 1 8 0 9 0 2 5 2 3 1 0 9 1 2 
53	2 5 4 5 2 5 2 5 15 6 4 6 2 6 2 3 0 0 3 0 0 3 0 0 3 0 1 7 4 8 0 10 8 1 10 4 5 1 3 0 4 0 4 5 13 14 4 5 0 0 0 10 8 1 0 3 0 0 3 0 0 0 9 0 7 2 8 0 10 3 0 1 9 0 7 4 8 1 10 3 0 1 9 10 3 0 9 7 3 1 8 0 10 3 1 
54	15 6 4 3 1 0 7 4 6 2 6 2 2 5 2 0 2 5 2 0 4 5 1 0 8 0 9 0 0 9 0 7 18 1 3 2 1 2 
55	2 5 2 5 4 5 0 2 5 2 2 5 15 6 2 6 2 3 0 0 3 0 0 15 6 2 6 2 3 0 1 3 0 0 3 0 1 7 6 2 3 1 0 7 2 6 4 9 2 1 0 7 4 4 5 3 0 1 3 1 3 1 8 1 3 1 9 0 7 2 5 2 1 0 3 1 7 2 6 2 2 5 2 0 0 2 5 2 0 1 13 14 4 5 0 0 0 10 3 1 0 0 0 13 14 4 5 0 1 0 10 2 5 1 0 8 0 0 10 3 1 0 0 8 1 10 13 14 4 5 0 0 0 10 3 1 0 0 0 2 5 1 18 1 10 3 1 2 1 3 1 9 0 7 6 2 6 2 6 2 6 4 6 4 6 4 2 5 1 18 1 10 2 5 2 1 3 1 0 0 0 0 1 0 7 4 4 5 13 14 4 5 0 1 0 10 2 5 2 1 0 3 1 0 0 1 0 3 1 0 0 1 0 3 1 0 0 1 0 3 1 0 0 1 0 3 1 0 0 1 0 3 1 1 0 3 1 0 0 3 2 0 0 0 19 13 14 4 5 0 1 0 10 2 5 2 1 0 4 5 1 13 14 4 5 0 0 0 10 3 1 1 0 3 0 3 1 9 0 7 2 5 2 0 0 0 19 13 14 4 5 0 1 0 10 2 5 2 1 0 4 5 1 13 14 4 5 0 0 0 10 8 1 0 23 3 1 1 0 3 1 2 5 2 5 2 5 4 5 2 5 7 19 3 0 1 0 3 0 1 0 3 0 2 0 0 0 0 3 0 0 3 0 2 1 3 1 8 0 3 1 8 0 3 1 8 0 3 1 8 0 3 1 7 4 5 13 14 4 5 0 1 0 10 2 5 2 1 0 2 5 1 2 5 2 0 0 0 3 0 1 8 1 10 3 1 2 5 2 1 18 1 10 3 0 0 2 1 2 5 0 0 2 5 2 1 18 0 1 0 10 3 0 0 2 1 3 0 2 1 18 0 10 2 5 0 0 8 1 10 10 7 6 2 6 4 4 5 1 4 5 1 4 5 1 8 0 10 3 1 0 0 0 4 0 0 3 1 0 0 0 7 4 6 2 6 4 4 5 3 1 13 14 4 5 0 0 0 10 2 5 0 0 2 5 1 4 5 0 4 5 1 3 1 0 18 1 10 4 5 1 8 0 8 0 0 17 2 0 0 3 0 8 0 0 10 3 1 0 3 0 0 4 5 1 8 0 10 10 13 14 4 5 0 0 0 10 4 5 1 3 1 0 0 3 0 0 9 0 2 5 2 4 5 4 5 4 5 7 3 1 3 0 3 0 1 3 0 1 7 6 4 4 5 1 4 5 1 3 1 0 0 3 1 4 0 0 3 1 4 0 0 3 0 0 3 0 0 3 0 0 7 4 4 5 1 3 1 0 9 0 7 13 14 4 5 0 1 0 10 2 5 1 0 8 0 0 10 2 5 1 0 0 19 13 14 4 5 0 1 0 10 2 5 2 1 0 4 5 1 4 5 4 0 3 1 0 0 13 14 4 5 0 0 0 10 8 1 0 10 3 1 0 0 3 1 
56	2 5 2 5 2 5 2 5 2 5 2 5 2 2 5 4 5 4 5 4 5 2 5 2 5 2 5 16 15 6 2 6 4 3 0 0 3 0 0 2 5 4 5 4 5 4 5 7 2 5 1 1 0 19 3 1 0 1 3 1 2 5 8 0 3 0 0 0 10 3 0 0 0 3 1 1 0 0 3 0 2 5 2 2 5 19 2 5 1 1 2 3 0 1 0 20 21 17 2 0 0 20 21 19 3 0 1 1 2 20 21 17 2 0 0 15 3 7 2 6 2 9 1 0 0 7 2 6 2 6 2 6 4 9 1 0 0 0 0 7 2 6 2 6 2 6 2 6 4 6 4 2 5 19 3 0 2 1 20 21 17 2 0 0 3 1 0 0 0 0 3 1 0 9 0 7 6 2 3 0 0 2 5 1 8 1 1 0 10 3 0 2 1 0 3 0 0 3 0 2 0 0 3 0 2 0 0 0 3 0 2 0 0 0 8 1 0 3 0 2 1 0 3 0 1 0 3 0 1 0 3 1 0 3 0 2 0 0 0 7 3 1 3 25 7 3 1 1 0 3 1 1 0 0 8 0 1 1 0 10 3 1 1 0 2 5 1 18 1 10 2 5 2 1 8 0 10 3 1 3 0 3 0 3 0 7 3 1 3 1 8 0 3 1 8 0 3 1 3 1 8 0 3 1 8 0 3 1 7 4 6 2 9 1 0 7 4 9 0 7 4 6 2 9 1 0 7 4 6 2 2 5 1 2 5 0 4 5 1 13 14 4 5 0 0 0 10 8 0 0 1 0 1 0 0 1 0 9 9 7 6 4 8 0 3 0 2 1 3 0 3 0 3 1 0 7 3 0 3 0 3 0 7 2 2 5 2 13 14 4 5 0 0 0 10 2 5 0 0 0 8 1 1 0 3 1 0 13 14 4 5 0 1 0 10 2 5 1 0 8 0 0 10 2 5 8 0 3 0 0 0 3 0 0 0 8 1 1 0 3 1 0 9 0 7 2 9 1 7 2 6 2 9 1 0 7 2 6 4 8 1 0 17 2 9 1 0 7 4 6 4 9 0 1 0 7 2 9 2 7 2 9 2 7 4 6 2 2 5 1 0 8 0 9 0 9 7 4 4 5 1 8 0 3 0 1 9 0 7 4 9 1 7 2 6 2 2 2 5 2 13 14 4 5 0 1 0 10 2 5 1 0 8 0 0 10 3 1 0 8 0 0 0 10 3 1 0 8 0 0 0 10 3 1 0 8 0 0 0 0 10 3 1 0 8 0 0 0 0 0 10 3 1 0 8 0 0 0 0 10 3 1 0 8 0 0 0 0 10 3 1 0 8 0 0 0 0 10 3 1 0 8 0 0 0 0 10 3 1 0 9 0 7 4 6 2 9 1 0 7 4 6 4 4 5 4 0 3 1 0 1 9 0 4 5 7 4 8 0 3 0 1 1 9 0 7 4 6 2 2 5 2 1 0 4 5 4 1 3 1 0 0 9 0 7 4 6 2 4 5 1 0 8 0 3 0 1 9 0 7 6 4 6 2 6 4 2 5 2 1 0 9 3 0 7 6 2 6 4 6 4 2 5 2 1 0 8 0 10 3 1 1 0 0 1 9 10 3 1 0 0 0 1 9 2 5 2 1 19 3 1 3 1 0 0 1 3 1 7 6 2 13 14 4 5 0 1 0 10 2 5 1 0 8 0 0 10 2 5 0 0 2 5 1 8 1 0 10 3 0 0 0 3 0 0 3 1 0 2 1 0 0 7 26 0 2 5 1 18 1 10 2 5 2 1 3 1 7 2 2 5 2 1 8 0 10 3 0 2 1 3 1 0 9 0 7 2 6 4 6 2 2 5 1 0 8 0 0 0 9 2 5 1 8 0 9 9 1 0 0 7 2 6 4 8 0 9 2 5 1 8 0 9 9 1 0 2 
57	2 5 2 5 4 5 4 5 2 5 4 5 4 5 4 5 4 5 4 5 2 5 4 5 4 5 4 5 4 5 4 5 15 6 2 3 0 0 3 0 2 1 3 0 0 3 0 1 7 6 2 2 5 1 0 3 1 0 7 6 2 2 5 3 0 2 0 3 0 1 1 3 1 0 7 6 2 3 0 8 0 10 3 0 10 3 0 0 3 0 3 0 3 0 3 0 0 0 3 0 0 3 0 0 3 0 0 0 3 1 0 3 0 7 3 1 8 0 3 1 7 4 9 0 7 4 9 0 7 7 4 18 10 8 0 0 9 4 5 1 3 0 8 0 1 0 11 3 1 9 7 4 6 4 6 4 4 5 0 4 5 18 0 0 0 0 10 4 5 1 3 0 8 0 1 0 10 3 0 0 0 3 0 0 0 3 0 9 0 7 6 4 7 4 6 4 8 0 10 3 1 0 3 0 4 5 0 4 5 1 4 5 4 5 0 0 18 0 0 10 3 0 0 3 0 0 3 0 0 8 0 0 0 3 0 0 8 0 0 11 3 0 1 3 0 1 3 0 1 3 0 8 0 1 10 3 1 0 3 1 0 3 0 0 3 0 0 24 0 0 10 8 1 9 9 2 
58	2 5 2 5 4 5 4 5 2 5 2 2 5 2 2 5 2 4 5 4 5 4 5 4 5 4 5 4 5 15 6 2 6 2 6 4 3 0 0 3 0 0 3 0 0 4 5 1 8 0 10 3 0 3 0 0 3 0 10 3 0 0 8 0 0 17 2 0 8 0 10 8 0 10 3 0 1 3 0 1 3 0 0 10 3 0 1 3 0 1 7 2 2 5 19 3 0 2 25 20 21 3 0 2 1 3 0 2 0 3 0 2 1 3 0 2 1 3 0 9 0 7 6 4 6 4 6 2 6 2 3 1 0 3 0 0 3 1 0 3 1 3 1 0 7 4 8 0 0 10 3 1 9 3 1 0 3 1 0 0 8 0 10 8 0 10 8 0 0 10 3 0 1 10 8 0 0 3 0 1 8 0 9 7 6 2 8 0 3 0 2 3 1 0 18 1 0 1 10 7 2 9 1 7 2 9 1 7 2 9 2 0 7 6 2 3 1 0 7 4 9 0 7 4 9 0 7 4 9 0 7 3 1 2 2 
59	2 5 4 5 4 5 15 6 2 3 0 3 0 2 1 7 6 2 3 25 0 8 0 3 1 0 3 0 7 3 25 3 1 7 4 3 0 9 0 1 7 3 1 7 4 3 1 9 9 7 4 6 4 6 4 17 2 7 6 4 3 1 0 3 0 2 2 
60	4 5 2 5 4 5 4 15 6 2 6 2 6 4 6 4 6 2 3 0 0 0 3 0 0 3 0 0 7 2 6 4 2 5 0 8 0 9 8 0 0 0 10 3 0 0 0 9 0 7 4 6 4 4 5 0 8 0 9 8 0 0 0 10 3 0 0 0 9 0 2 2 
61	2 5 2 5 4 5 15 6 2 6 2 6 4 3 0 0 3 0 0 3 0 0 7 2 9 0 7 2 2 5 2 3 1 3 1 1 0 8 0 10 13 14 4 5 0 0 0 10 8 0 3 1 3 1 1 1 0 0 0 0 3 1 9 1 7 4 9 0 0 7 2 9 0 7 4 9 0 7 4 6 2 8 0 9 4 5 1 0 0 9 0 0 7 4 6 2 6 4 6 4 4 5 4 0 13 14 4 5 0 0 0 10 3 0 0 1 0 0 0 9 0 2 
62	2 5 2 5 15 6 2 6 2 3 0 0 15 6 2 6 2 6 4 7 2 9 0 7 2 9 0 7 2 6 2 9 2 0 0 7 4 6 2 8 0 9 2 5 2 0 9 0 0 1 0 7 4 9 1 1 7 4 6 2 9 1 2 0 7 4 6 2 9 1 0 9 1 0 7 6 2 6 2 3 0 0 3 0 0 7 2 9 0 0 7 6 2 2 2 3 1 3 0 1 2 2 2 2 
63	4 5 4 2 5 4 5 0 4 5 7 4 6 2 9 1 0 0 0 0 9 1 0 7 4 6 4 6 4 6 4 6 4 4 5 1 0 0 13 14 4 5 0 0 0 10 4 5 0 0 4 5 0 0 8 0 0 10 9 0 0 9 0 0 7 6 4 8 0 0 10 4 5 4 0 3 1 0 0 0 3 0 0 3 0 0 7 6 2 6 2 4 5 1 4 5 1 4 5 0 0 3 1 0 3 1 0 0 0 3 0 1 1 7 6 2 8 0 10 3 1 9 3 1 1 1 3 1 1 1 1 0 3 0 1 3 0 0 7 6 2 3 1 0 3 1 0 0 0 3 0 0 3 0 0 7 3 0 3 0 3 0 7 2 9 8 0 3 0 2 0 2 0 0 9 0 7 2 2 5 19 3 0 2 25 20 21 3 0 4 0 3 1 0 0 0 9 0 2 
64	7 6 2 7 6 2 7 4 7 4 7 4 7 4 6 4 6 4 7 4 6 4 7 
65	7 4 7 2 7 4 7 7 4 6 2 24 1 1 10 8 1 9 9 
66	7 2 7 4 7 2 7 4 7 4 6 2 7 4 6 2 6 4 6 4 
67	4 5 4 5 4 5 4 5 15 15 6 4 6 4 6 4 3 0 0 3 0 0 3 0 0 15 6 2 3 0 0 3 0 0 3 0 0 3 0 0 7 6 4 6 4 6 4 6 4 3 0 0 3 0 0 3 0 0 3 0 0 7 6 2 3 0 0 3 0 0 3 0 0 3 0 0 
68	2 5 2 5 2 5 2 5 2 2 5 4 5 2 5 2 5 4 5 2 5 15 6 2 6 2 6 2 3 0 0 3 0 0 3 0 0 3 0 2 1 0 0 3 0 0 3 0 2 1 0 0 7 3 1 7 4 9 0 7 8 0 3 1 8 0 3 1 7 4 9 0 7 2 2 5 2 1 8 0 10 3 0 1 3 1 0 9 0 7 19 3 0 2 0 3 0 2 0 3 0 4 0 13 14 4 5 1 0 10 3 0 0 1 3 0 0 1 3 0 0 0 3 1 3 0 7 4 6 2 4 5 0 18 0 0 10 4 5 0 0 4 5 1 0 0 8 0 3 0 0 8 0 3 0 0 9 0 9 0 7 6 4 3 1 1 0 0 0 1 0 0 0 0 0 7 2 6 2 8 0 9 3 1 2 5 1 8 1 1 1 1 1 10 4 5 4 0 0 8 1 0 0 10 3 1 1 0 9 1 0 7 2 6 2 2 5 1 3 1 0 8 1 1 1 9 1 9 7 2 6 4 8 0 9 2 5 1 8 0 1 0 0 0 0 0 9 1 0 7 2 6 4 2 5 1 18 0 0 8 1 9 9 1 7 4 6 2 8 0 9 3 1 4 5 1 0 3 1 0 2 5 1 18 1 1 1 10 8 1 1 9 0 9 7 2 9 2 1 7 2 6 2 3 1 0 9 2 1 1 
69	4 5 2 5 2 5 2 5 2 2 5 2 4 5 4 5 4 5 4 5 4 5 2 5 15 6 2 6 2 6 2 6 4 3 1 0 0 0 0 3 0 2 0 0 0 0 3 0 15 6 2 6 2 6 2 6 4 6 4 3 1 0 0 0 0 0 7 6 2 6 2 6 2 6 4 6 4 3 0 0 3 0 0 3 0 0 3 0 1 0 0 7 6 2 6 2 8 0 1 0 17 2 0 0 8 0 0 17 2 0 0 8 0 0 17 2 0 0 8 0 0 0 3 1 0 0 8 0 0 10 3 1 0 8 0 10 3 1 1 0 3 1 0 3 0 7 6 2 4 5 1 0 0 4 5 1 0 3 0 0 7 3 1 0 3 1 8 0 3 1 
70	7 4 2 
71	7 4 6 4 7 2 6 4 2 
72	2 5 2 4 5 4 5 15 15 6 4 6 4 3 0 0 3 0 0 7 4 9 0 7 6 4 3 0 0 7 4 9 0 7 6 4 3 0 0 7 4 6 2 8 0 9 8 0 2 9 2 5 2 0 8 0 0 9 8 0 0 9 9 7 4 4 5 3 0 0 3 0 0 0 9 0 
73	2 5 2 5 2 5 2 5 4 5 4 5 4 5 15 6 2 6 2 6 2 8 1 0 0 10 3 0 1 0 0 3 1 0 3 0 1 0 0 3 0 1 0 3 0 1 0 0 3 0 1 0 3 0 4 1 3 0 0 7 4 6 2 4 5 1 8 0 0 10 17 2 0 0 9 0 7 2 5 8 0 19 3 1 20 21 8 0 3 0 0 8 0 19 3 1 20 21 8 0 3 0 0 8 0 19 3 1 20 21 8 0 3 0 0 8 0 17 2 1 7 4 9 0 7 2 6 4 6 2 4 5 1 0 2 5 8 0 10 3 1 0 0 4 5 1 3 1 0 4 5 1 4 5 4 5 13 14 4 5 0 0 0 10 8 0 0 3 0 1 3 0 1 8 0 0 3 0 0 8 0 10 3 0 13 14 4 5 0 0 0 3 0 1 3 0 1 0 0 10 10 9 0 7 2 6 4 2 5 8 0 10 3 1 0 0 4 5 1 3 1 0 4 5 1 8 0 10 4 5 2 5 2 0 13 14 4 5 0 0 0 10 8 0 0 3 0 1 3 0 1 3 0 0 1 0 3 0 4 5 4 0 13 14 4 5 0 0 0 10 3 0 1 3 0 0 0 3 0 1 0 0 10 9 0 7 2 6 2 6 4 2 5 2 0 13 14 4 5 0 0 0 10 3 0 0 1 0 0 0 0 9 0 7 2 6 2 6 4 3 1 0 4 5 1 8 0 9 2 0 4 5 4 5 8 0 0 10 4 5 1 3 0 0 0 3 0 0 0 10 3 1 3 0 3 0 2 5 2 0 4 5 4 0 4 5 2 5 8 0 3 0 4 0 8 0 3 0 2 0 4 5 4 5 4 5 4 5 13 14 4 5 0 0 0 10 3 0 1 3 0 1 3 0 0 0 3 0 4 0 3 1 0 0 0 3 1 0 0 0 3 0 0 2 0 0 3 0 0 4 5 1 3 0 0 0 4 5 4 0 3 0 0 0 4 5 13 14 4 5 0 0 0 10 3 0 0 0 1 3 0 0 0 8 0 10 2 5 2 0 3 0 0 0 4 5 13 14 4 5 0 0 0 10 4 5 0 1 4 5 0 1 3 0 0 2 0 0 3 0 0 2 5 8 0 0 10 3 0 2 0 0 0 0 0 10 3 0 2 0 0 0 9 0 7 2 8 0 0 0 9 2 5 19 3 0 2 25 20 21 3 0 2 1 3 0 2 1 3 0 2 1 9 0 2 
74	4 5 4 5 4 5 4 5 2 5 2 5 2 5 2 5 5 5 2 5 2 5 2 5 2 5 4 5 15 6 2 6 2 6 2 3 0 1 0 0 3 1 0 3 0 1 0 0 3 1 0 3 0 1 0 0 3 1 0 3 0 0 3 0 2 1 3 0 2 7 3 1 3 0 1 7 8 1 10 3 1 3 1 3 1 3 0 7 4 9 0 7 6 2 2 5 1 0 3 1 0 0 0 7 6 4 6 4 6 4 8 1 17 2 3 1 3 0 2 0 0 0 7 8 1 10 3 1 3 1 0 3 1 3 0 7 4 9 0 7 6 2 6 4 3 1 0 0 7 6 2 6 4 6 4 6 2 8 1 17 2 8 1 17 2 3 1 0 0 0 0 7 6 2 6 4 6 4 6 2 2 5 2 3 0 0 3 0 0 3 0 0 3 0 0 3 1 0 7 6 2 3 1 8 0 10 13 14 4 5 0 0 0 10 4 5 4 5 19 2 5 2 0 0 8 1 1 3 0 8 1 1 3 0 2 5 1 1 3 1 0 0 0 13 14 4 5 0 1 0 3 1 1 0 1 0 1 0 1 0 3 1 20 21 2 5 0 0 2 5 1 1 3 1 0 0 0 13 14 4 5 0 1 0 3 1 1 0 1 0 3 1 3 1 7 19 3 1 2 5 8 0 19 3 1 20 21 8 0 3 0 0 8 0 19 3 1 20 21 8 0 3 0 0 8 0 19 3 1 20 21 8 0 3 0 0 8 0 17 2 1 7 3 0 1 4 5 1 3 1 0 4 5 0 4 5 0 4 5 8 0 3 0 0 8 0 3 0 0 3 1 0 2 5 13 14 4 5 0 0 0 10 2 5 2 1 0 4 5 1 0 0 4 5 1 0 3 1 0 3 0 0 8 0 10 8 0 17 2 4 5 13 14 4 5 0 0 0 10 3 1 0 0 0 3 0 0 0 8 0 10 8 0 17 2 4 5 13 14 4 5 0 0 0 10 3 1 0 0 1 0 3 0 0 0 1 7 8 1 17 2 3 1 0 4 5 1 3 1 0 13 14 4 5 0 0 0 10 2 5 2 1 0 3 1 0 4 5 13 14 4 5 0 0 0 10 2 5 2 1 0 3 1 0 0 3 0 0 16 4 5 4 5 4 5 4 5 15 6 4 6 4 6 4 3 0 0 3 0 0 3 0 0 16 2 5 4 5 4 5 2 5 
75	28 7 4 7 4 7 4 7 4 7 4 7 6 4 7 4 7 2 7 4 6 4 7 
76	16 4 5 15 6 2 3 0 0 7 4 8 0 0 3 1 9 0 0 7 4 5 0 0 3 0 4 4 5 4 0 3 1 0 0 0 3 0 0 3 1 0 0 0 0 3 0 0 3 0 0 3 0 3 1 0 0 0 0 8 0 17 2 3 0 0 7 4 3 0 0 9 1 7 6 4 3 0 0 7 2 9 2 0 0 0 0 7 4 6 4 4 5 4 0 3 1 0 0 0 0 0 9 0 7 19 3 1 20 21 3 1 0 7 4 9 0 0 7 4 9 7 4 9 0 0 7 4 9 7 4 9 0 0 7 4 9 2 
77	2 5 15 6 2 6 2 3 0 3 0 0 7 2 6 2 6 2 6 4 8 0 10 2 5 2 13 14 4 5 0 0 0 10 2 5 25 0 0 0 8 0 10 8 0 2 10 3 2 0 8 0 2 10 3 2 0 3 1 2 0 0 9 9 1 0 9 25 0 0 7 2 6 2 6 2 9 1 0 0 7 2 6 2 6 2 6 4 8 0 10 2 5 2 13 14 4 5 0 0 0 10 3 1 2 25 0 0 0 0 0 9 1 0 9 25 0 0 0 7 2 6 2 6 2 8 0 10 2 5 2 13 14 4 5 0 0 0 10 3 1 2 25 0 0 0 0 9 1 0 9 25 0 0 7 2 6 2 6 2 8 0 10 2 5 2 13 14 4 5 0 0 0 10 3 1 2 25 0 0 0 0 9 1 0 9 25 0 0 7 2 6 2 6 2 6 2 6 4 8 0 10 2 5 2 13 14 4 5 0 0 0 10 3 1 2 25 0 0 0 0 0 0 9 1 0 9 25 0 0 0 0 7 2 6 2 6 2 6 2 8 0 0 17 2 2 5 2 13 14 4 5 0 0 0 10 2 5 2 0 0 0 2 5 1 0 0 3 1 0 0 9 0 7 2 6 2 6 2 6 2 2 6 2 8 0 0 17 2 2 5 2 13 14 4 5 0 0 0 10 2 5 2 0 0 0 2 5 1 0 3 1 0 0 0 9 0 7 2 6 2 6 2 6 2 2 6 2 8 0 0 0 0 17 2 2 5 2 13 14 4 5 0 0 0 10 2 5 2 0 0 0 2 5 1 0 0 3 1 0 0 0 9 0 2 
78	16 15 6 2 6 4 6 2 3 3 0 3 0 0 3 0 0 3 0 0 15 3 3 0 15 6 2 3 0 3 0 4 5 2 5 4 5 2 5 7 2 8 0 10 9 25 2 5 4 5 13 14 4 5 0 0 0 10 8 0 0 0 0 10 3 0 0 0 0 13 14 4 5 0 0 0 0 0 10 3 0 0 0 0 0 8 0 0 0 0 0 10 3 0 3 0 0 2 5 2 5 0 13 14 4 5 0 0 0 10 8 0 3 0 8 0 10 3 0 0 11 3 0 1 0 3 0 0 3 0 0 0 3 0 0 8 0 10 3 0 0 10 3 0 0 3 0 0 9 0 2 5 1 7 2 6 2 2 5 2 4 5 13 14 4 5 0 1 0 10 22 1 0 12 23 12 3 1 23 12 3 1 23 12 3 1 23 12 3 1 23 12 3 1 23 12 3 1 23 12 3 1 23 12 3 1 23 12 8 0 1 0 0 10 2 5 1 0 3 1 1 1 1 10 3 1 0 23 9 1 2 
79	16 4 5 4 5 4 5 4 5 4 5 4 5 2 5 0 2 5 0 2 5 0 4 5 2 5 2 5 4 5 4 5 0 4 5 0 2 5 1 16 15 6 2 3 0 2 5 2 2 5 2 2 15 6 2 6 2 3 2 2 3 0 0 3 0 0 7 2 6 2 3 1 2 2 0 19 9 1 0 20 21 17 2 1 20 21 17 2 7 2 9 0 7 2 9 0 7 4 9 0 7 6 4 3 0 0 7 4 9 0 7 6 4 3 0 0 7 6 4 3 0 0 7 4 9 0 7 6 2 3 0 0 7 2 9 0 7 6 4 3 0 0 7 4 9 0 7 6 2 3 0 0 7 2 9 0 7 6 2 6 4 6 4 6 2 4 5 5 8 1 0 0 10 2 5 2 1 1 8 1 3 1 0 8 1 0 0 0 0 10 2 5 2 1 1 8 1 3 1 0 8 0 9 8 0 0 10 3 0 0 0 3 0 0 0 8 0 0 0 10 3 0 10 3 0 0 0 3 0 0 0 0 8 0 0 3 1 2 0 0 8 0 0 3 1 2 0 0 8 0 0 3 1 2 0 0 17 2 7 2 6 2 6 2 2 5 1 0 2 0 2 5 2 2 2 2 2 2 5 4 5 4 5 18 10 19 3 0 1 20 21 3 0 8 0 11 3 1 0 8 1 3 0 1 3 0 19 3 1 20 21 8 1 9 8 1 10 3 0 2 2 2 2 2 1 9 2 2 0 1 10 8 0 10 8 0 10 2 5 2 13 14 4 5 0 1 0 10 3 0 2 2 2 2 2 1 0 2 5 2 2 0 1 3 1 0 0 9 0 10 2 5 2 3 1 0 2 5 2 13 14 4 5 0 1 0 10 3 0 2 2 2 2 2 1 0 8 1 1 10 3 1 2 1 2 3 1 3 1 2 0 1 3 1 2 1 2 9 0 10 2 5 2 3 1 0 13 14 4 5 0 1 0 10 3 1 2 0 2 2 2 2 2 1 0 9 0 7 2 6 2 6 2 6 4 2 5 1 0 0 8 0 2 10 3 2 0 8 0 2 10 3 2 0 9 0 7 2 6 2 6 2 6 2 6 4 8 0 10 3 0 1 3 0 1 19 2 5 1 0 0 3 1 2 5 1 0 2 5 1 0 8 0 10 2 5 1 0 3 1 0 3 1 0 3 1 0 3 1 0 3 1 0 3 0 1 3 0 1 0 3 0 1 0 20 21 9 2 2 0 0 2 0 0 0 7 2 6 2 9 1 0 7 2 6 2 6 4 2 5 2 0 13 14 4 5 0 1 0 10 3 1 2 1 0 9 0 7 2 6 2 6 2 8 0 10 3 0 1 2 5 2 0 0 9 2 0 7 2 6 2 6 2 8 0 10 3 0 1 2 5 2 0 0 9 2 0 7 2 6 2 6 2 6 4 8 0 10 3 0 1 2 5 2 0 0 9 2 0 0 0 7 2 6 2 4 5 1 4 5 4 0 4 5 13 14 4 5 0 0 0 10 8 0 0 0 0 0 10 3 0 0 0 0 9 2 0 0 7 2 6 2 2 5 2 13 14 4 5 0 1 0 10 4 5 1 0 8 0 0 0 0 0 0 0 0 0 0 0 0 0 0 0 0 10 3 1 3 1 0 9 1 7 6 2 8 0 10 3 1 3 1 2 5 2 2 2 2 2 2 2 5 1 0 3 1 1 7 4 4 5 0 22 0 1 0 12 22 0 1 0 12 3 1 0 3 0 0 11 12 3 1 0 3 0 0 11 12 3 0 0 3 1 17 2 11 12 3 0 0 10 8 9 0 17 2 7 4 4 5 0 22 0 1 0 12 22 0 1 0 12 3 1 0 3 0 0 11 12 3 1 0 3 0 0 11 12 3 1 0 3 0 0 11 12 3 0 0 3 1 17 2 11 12 3 0 0 10 8 9 0 17 2 7 2 6 2 2 5 2 2 5 5 4 5 5 3 0 1 3 0 1 0 3 1 0 0 0 0 8 0 0 3 0 0 18 10 22 0 1 0 12 11 12 3 0 0 11 3 0 1 3 0 1 3 0 1 0 3 1 0 0 0 0 8 1 0 10 8 9 0 10 10 8 9 1 0 17 2 7 2 6 2 2 5 2 5 5 8 1 10 3 0 1 0 3 1 0 3 0 1 0 10 22 0 1 0 12 3 0 1 0 11 12 3 1 0 3 0 1 0 3 1 0 22 0 1 0 12 3 1 0 3 0 1 0 11 12 3 0 0 11 12 3 0 0 3 1 17 2 8 0 10 4 5 4 19 3 0 1 1 0 3 1 0 20 21 10 8 9 0 17 2 7 2 6 2 2 5 5 5 5 5 4 5 4 5 4 5 4 5 2 5 22 0 1 0 12 22 0 1 0 12 3 0 1 0 11 12 3 0 1 0 3 0 11 12 3 0 1 0 3 0 11 12 3 0 1 0 11 12 3 0 0 3 1 17 2 22 0 1 0 12 3 0 1 0 3 0 11 12 3 0 0 22 0 1 0 12 3 1 0 3 0 1 0 22 0 1 0 12 3 0 1 0 3 0 11 12 3 0 0 11 12 3 0 0 2 5 1 0 8 0 10 3 0 1 0 0 8 0 10 3 0 1 0 1 1 1 8 0 10 4 5 0 19 3 0 1 1 1 20 21 8 0 0 10 10 8 17 2 3 0 1 0 0 0 10 3 0 1 0 0 11 12 3 1 0 22 0 1 0 12 3 0 1 0 11 12 3 0 1 0 11 12 3 0 0 3 1 17 2 22 0 1 0 12 3 1 0 11 12 3 0 0 22 0 1 0 12 3 0 1 0 11 12 3 0 1 0 11 12 3 0 0 3 1 17 2 3 1 0 22 0 1 0 12 3 1 0 3 0 1 0 11 12 3 0 0 8 0 0 10 3 0 1 1 10 3 0 1 0 8 0 0 10 3 0 1 1 10 3 0 1 0 3 0 1 0 0 0 11 12 3 1 0 22 0 1 0 12 3 0 1 0 11 12 3 0 1 0 11 12 3 0 0 3 1 17 2 22 0 1 0 12 3 1 0 11 12 3 0 0 22 0 1 0 12 3 0 1 0 11 12 3 0 1 0 11 12 3 0 0 3 1 17 2 3 1 0 22 0 1 0 12 3 1 0 3 0 1 0 11 12 3 0 0 8 0 0 10 3 0 1 1 10 3 0 1 0 8 0 0 10 3 0 1 1 10 3 0 1 0 3 0 1 0 0 0 11 12 3 0 1 0 22 0 1 0 12 3 0 1 0 11 12 3 0 0 22 0 1 0 12 3 1 0 3 0 1 0 11 12 3 0 0 4 5 0 8 0 10 19 3 0 1 1 1 20 21 3 0 1 0 1 1 0 11 12 3 0 0 3 1 17 2 8 0 10 4 5 4 19 3 0 1 1 0 20 21 8 0 10 3 1 0 10 8 9 0 17 2 7 4 6 4 3 0 0 3 0 0 0 19 9 1 20 21 9 3 1 0 7 4 8 1 0 9 8 1 0 9 9 2 5 2 5 5 4 5 2 5 5 4 5 4 5 4 5 4 5 4 5 4 4 5 3 1 7 3 0 4 2 5 2 4 5 4 5 15 6 2 3 0 2 0 3 0 2 3 0 3 0 13 14 4 5 0 0 3 0 0 13 14 4 5 0 0 0 3 0 0 2 7 6 2 3 1 0 3 0 2 3 0 3 0 13 14 4 5 0 0 3 0 0 13 14 4 5 0 0 0 3 0 0 2 15 6 2 3 0 0 3 0 2 3 0 3 0 13 14 4 5 0 0 3 0 0 13 14 4 5 0 0 0 3 0 0 2 7 6 2 3 0 0 3 0 2 3 0 3 0 13 14 4 5 0 0 3 0 0 13 14 4 5 0 0 0 3 0 0 2 7 2 6 4 2 5 8 0 0 3 0 0 3 0 0 1 3 0 8 0 0 10 3 0 8 0 10 3 0 13 14 4 5 0 0 0 10 2 5 0 0 18 0 10 8 0 0 3 0 3 0 0 9 0 3 0 0 3 0 0 17 1 16 2 2 2 2 5 2 7 4 6 4 8 0 0 10 3 0 8 0 10 3 0 0 0 1 10 3 0 0 0 10 3 0 0 8 0 10 4 5 2 5 0 18 0 0 0 10 3 0 3 0 0 8 0 3 1 0 0 8 0 0 9 8 0 0 0 17 0 9 7 2 8 0 3 0 0 3 0 0 1 3 0 3 0 9 0 7 2 6 4 2 5 0 0 0 13 14 4 5 0 0 0 10 8 0 3 0 0 3 0 0 1 9 0 7 4 8 0 0 9 0 0 1 9 0 0 2 2 2 5 2 2 2 4 5 4 5 4 5 4 4 5 7 6 4 6 4 8 0 9 8 0 0 10 3 0 0 0 8 0 10 3 0 4 0 13 14 4 5 0 0 0 10 3 0 0 0 0 4 5 13 14 2 2 2 5 1 1 10 4 5 4 1 8 0 0 10 3 0 13 14 4 5 0 0 0 10 8 0 0 0 0 10 3 0 11 8 0 11 8 0 3 1 0 8 0 3 0 0 0 0 7 2 3 1 4 5 4 13 14 4 5 0 0 10 3 0 0 8 0 10 3 0 0 3 0 13 14 4 5 0 0 10 8 0 0 0 10 13 14 4 5 0 0 10 8 0 0 0 10 3 0 0 13 14 4 5 0 0 10 8 0 0 10 3 0 4 3 0 0 3 1 0 3 0 3 1 3 1 4 5 4 1 13 14 4 5 0 1 0 10 3 0 0 4 1 0 9 2 0 0 0 7 7 7 3 0 13 14 4 5 0 0 10 2 5 0 0 24 0 10 8 0 0 10 3 0 0 3 0 0 0 22 0 12 3 1 11 3 0 0 3 0 7 6 4 6 4 2 5 0 0 18 0 0 10 8 0 10 3 0 0 2 11 3 0 0 3 0 0 0 0 3 0 0 3 0 0 16 4 5 2 5 4 5 2 5 2 
80	28 4 5 4 5 4 5 4 5 4 5 4 5 4 5 4 5 4 5 4 5 4 5 4 5 4 5 4 5 4 5 4 5 4 5 4 5 4 5 4 5 4 5 4 5 4 5 4 5 4 5 4 5 4 5 4 5 4 5 4 5 4 5 4 5 4 5 4 5 4 5 2 5 
81	16 2 2 2 5 0 7 6 2 2 2 3 0 0 7 4 6 4 6 4 22 0 12 9 7 4 6 4 6 4 9 1 1 0 0 0 7 4 6 4 6 4 3 0 0 3 0 0 9 0 7 4 6 4 6 4 6 4 3 0 0 3 0 0 19 3 0 1 20 21 9 0 9 1 0 0 7 4 22 0 12 9 1 12 9 1 12 9 1 12 9 1 12 9 1 12 9 1 12 9 1 12 9 1 12 9 1 7 6 4 8 0 0 0 10 3 0 0 0 3 0 0 0 7 6 4 6 4 24 0 0 10 3 0 0 0 0 7 6 4 6 4 3 1 0 3 1 0 7 6 4 6 4 24 0 0 10 3 1 0 0 7 6 4 3 1 0 0 3 1 0 0 4 5 4 5 7 4 6 4 6 4 4 5 4 5 3 0 4 5 3 0 0 4 5 5 13 14 10 8 0 3 1 8 0 10 4 5 0 24 0 0 10 22 0 0 12 8 0 10 8 0 3 0 3 1 8 0 10 8 0 3 0 8 0 3 1 8 0 10 8 0 3 0 8 0 3 0 0 11 12 8 0 0 3 0 11 12 8 0 3 0 0 11 12 8 0 0 3 0 11 12 8 0 3 1 11 12 8 0 3 1 11 12 8 0 0 3 0 11 12 8 0 11 8 0 3 0 3 1 11 12 8 0 3 1 11 12 8 0 11 8 0 3 0 3 1 11 12 8 0 11 8 0 3 0 3 1 11 12 8 0 11 8 0 3 0 3 1 11 12 8 0 11 8 0 3 0 3 1 11 12 8 0 3 1 11 12 8 0 0 3 0 11 12 8 0 3 1 11 12 8 0 11 8 0 3 0 3 1 11 12 8 0 11 8 0 3 0 3 1 11 12 11 8 0 10 4 5 0 24 0 0 10 22 0 0 12 8 0 10 8 0 3 0 3 1 8 0 10 8 0 3 0 3 0 0 8 0 3 1 8 0 3 0 0 8 0 3 0 0 8 0 3 0 0 8 0 3 0 0 11 12 8 0 0 3 0 11 12 8 0 3 0 0 11 12 8 0 3 0 0 11 12 8 0 0 3 0 11 12 8 0 3 0 0 11 12 8 0 0 3 0 11 12 8 0 3 0 0 11 12 8 0 0 3 0 11 12 8 0 3 0 0 11 12 8 0 3 0 0 11 12 3 1 11 12 8 0 11 8 0 3 0 3 0 0 11 12 8 0 11 8 0 3 0 3 1 11 12 8 0 11 8 0 3 0 3 1 11 12 8 0 3 1 11 12 8 0 11 8 0 3 0 3 1 11 12 8 0 3 1 11 12 8 0 3 1 11 12 8 0 3 1 11 12 8 0 11 8 0 3 0 3 1 11 12 8 0 3 1 11 12 8 0 11 8 0 3 0 3 1 11 12 8 0 3 1 11 12 11 10 4 5 4 0 4 5 0 4 5 0 4 5 0 4 5 0 24 0 0 10 22 0 0 12 8 1 0 0 0 0 0 11 8 0 3 0 3 1 11 12 8 1 0 0 0 0 0 3 1 11 12 8 1 0 0 0 0 0 11 8 0 3 0 3 1 11 12 8 1 0 0 0 0 0 3 1 11 12 8 1 0 0 0 0 0 11 8 0 3 0 3 1 11 12 11 8 0 10 3 0 0 3 0 0 3 0 3 0 8 0 0 0 0 0 9 0 19 3 0 1 20 21 9 0 7 4 6 4 6 4 22 0 12 8 0 10 3 0 9 9 12 9 7 4 6 4 6 4 9 1 1 0 0 0 7 4 6 4 6 4 6 4 3 0 0 3 0 0 19 3 0 1 20 21 9 0 9 1 0 0 7 4 22 0 12 9 1 12 9 1 12 9 1 7 4 6 4 19 3 0 1 20 21 3 1 0 9 22 0 12 8 0 9 1 11 12 11 9 1 0 7 4 6 4 6 4 4 5 4 5 3 0 4 5 3 0 0 4 5 5 13 14 10 8 0 3 1 8 0 10 4 5 0 24 0 0 10 22 0 0 12 8 0 10 8 0 3 0 3 1 8 0 10 8 0 3 0 8 0 3 1 11 12 8 0 3 1 11 12 8 0 3 1 11 12 8 0 0 3 0 11 12 8 0 11 8 0 3 0 3 1 11 12 11 8 0 10 4 5 0 24 0 0 10 22 0 0 12 8 0 11 8 0 3 0 3 1 11 12 3 1 11 12 11 10 4 5 4 0 4 5 0 4 5 0 4 5 0 4 5 0 24 0 0 10 22 0 0 12 8 1 0 0 0 0 0 11 8 0 3 0 3 1 11 12 8 1 0 0 0 0 0 3 1 11 12 11 8 0 10 3 0 0 3 0 0 3 0 3 0 8 0 0 0 0 0 9 0 19 3 0 1 20 21 9 0 7 4 9 1 7 4 6 4 6 4 4 5 4 5 3 0 4 5 3 0 0 4 5 5 13 14 10 8 0 3 1 8 0 10 4 5 0 24 0 0 10 22 0 0 12 8 0 11 8 0 3 0 3 1 11 12 8 0 3 1 11 12 8 0 11 8 0 3 0 3 1 11 12 11 8 0 10 4 5 0 24 0 0 10 22 0 0 12 11 10 4 5 4 0 4 5 0 4 5 0 4 5 0 4 5 0 24 0 0 10 22 0 0 12 11 8 0 10 3 0 0 3 0 0 3 0 3 0 8 0 0 0 0 0 9 0 19 3 0 1 20 21 9 0 7 4 6 4 6 4 22 0 12 8 0 10 3 0 9 9 12 9 7 4 6 4 6 4 9 1 1 0 0 0 7 4 6 4 6 4 6 4 3 0 0 3 0 0 19 3 0 1 20 21 9 0 9 1 0 0 7 4 22 0 12 9 1 12 9 1 12 9 1 7 4 6 4 19 3 0 1 20 21 3 1 0 9 22 0 12 8 0 9 1 11 12 11 9 1 0 7 4 6 4 6 4 4 5 4 5 3 0 4 5 3 0 0 4 5 5 13 14 10 8 0 3 1 8 0 10 4 5 0 24 0 0 10 22 0 0 12 8 0 10 8 0 3 0 3 1 8 0 10 8 0 3 0 8 0 3 1 11 12 8 0 3 1 11 12 8 0 3 1 11 12 8 0 0 3 0 11 12 8 0 11 8 0 3 0 3 1 11 12 11 8 0 10 4 5 0 24 0 0 10 22 0 0 12 8 0 11 8 0 3 0 3 1 11 12 3 1 11 12 11 10 4 5 4 0 4 5 0 4 5 0 4 5 0 4 5 0 24 0 0 10 22 0 0 12 8 1 0 0 0 0 0 11 8 0 3 0 3 1 11 12 8 1 0 0 0 0 0 3 1 11 12 11 8 0 10 3 0 0 3 0 0 3 0 3 0 8 0 0 0 0 0 9 0 19 3 0 1 20 21 9 0 4 5 7 4 6 4 6 4 6 4 6 4 6 4 22 0 12 9 0 0 0 12 8 0 0 0 9 9 2 5 2 5 4 5 4 5 4 5 2 5 4 5 4 4 5 4 4 5 15 6 2 3 0 0 15 6 2 6 4 3 0 3 1 0 7 6 2 3 0 0 3 0 0 3 0 0 3 1 7 4 5 3 0 13 14 0 0 3 0 0 7 6 2 6 4 3 1 0 3 1 0 7 6 4 8 0 0 17 2 0 0 3 0 0 7 2 2 5 1 0 3 0 0 2 5 0 0 3 0 0 1 0 3 0 1 3 0 1 3 0 1 3 0 1 9 0 4 5 4 5 4 5 4 5 4 5 4 5 7 2 4 5 2 5 2 5 4 5 13 14 10 19 3 0 1 20 21 3 0 3 0 1 9 0 22 0 12 3 0 3 0 3 0 1 11 12 3 0 3 0 3 0 1 11 12 3 0 3 0 3 0 1 11 12 3 0 3 0 3 0 1 11 8 0 10 8 0 0 3 1 0 0 8 0 0 0 10 3 0 1 8 0 0 3 0 0 0 9 0 10 8 0 0 3 0 0 0 23 4 5 1 4 5 1 2 5 4 5 19 3 1 3 1 20 21 3 0 3 0 0 1 8 0 0 10 3 0 3 0 3 0 8 0 10 3 1 3 0 0 1 17 2 0 0 0 0 0 0 0 2 
82	16 4 5 4 5 5 5 5 2 5 2 5 2 5 7 2 9 0 7 2 6 4 22 0 12 9 2 
83	16 4 5 4 5 4 5 4 5 4 5 7 2 6 2 2 5 2 4 5 13 14 4 5 0 1 0 10 22 1 0 12 23 12 3 1 23 12 3 1 23 12 3 1 23 12 3 1 23 12 3 1 23 12 3 1 23 12 3 1 23 12 3 1 23 12 8 0 1 0 0 10 2 5 1 0 3 1 1 1 1 10 3 1 0 23 9 1 7 2 6 4 6 4 6 4 6 4 6 2 6 4 9 0 0 0 1 1 0 4 0 1 0 7 2 9 25 15 15 6 2 6 4 3 0 3 0 0 15 6 4 6 4 6 4 6 4 6 2 6 4 6 4 3 1 0 0 0 0 0 0 0 2 
84	16 15 6 2 3 0 7 2 8 0 9 8 0 9 9 2 5 2 2 5 2 2 5 2 2 2 2 2 2 5 0 15 6 2 6 2 3 0 0 3 0 0 7 2 9 0 7 6 2 3 0 0 7 2 9 0 7 6 2 3 0 0 7 4 9 1 0 7 4 9 1 0 7 4 6 2 8 0 2 9 2 5 2 0 9 0 1 0 0 1 0 7 4 9 1 1 0 1 0 7 2 9 1 1 2 2 2 
85	4 5 16 2 7 4 9 0 7 6 4 8 0 17 2 3 0 0 2 5 2 4 5 15 15 6 4 3 0 0 7 4 9 0 7 2 6 2 2 5 25 0 3 0 2 0 7 4 6 4 6 4 9 9 0 7 6 4 3 0 0 4 5 7 4 9 0 7 6 2 6 2 2 3 1 2 0 0 7 6 2 8 1 0 17 2 3 1 0 7 2 9 2 1 2 16 2 5 2 5 2 15 6 2 3 0 1 0 13 14 4 5 0 1 0 10 2 5 2 1 0 3 1 1 1 0 7 2 9 7 4 9 1 7 4 4 5 13 14 4 5 0 1 0 10 2 5 2 1 0 2 5 2 1 0 8 1 10 9 0 7 6 4 13 14 4 5 0 1 0 10 2 5 2 1 0 2 5 2 1 0 8 1 3 1 0 7 2 6 2 4 5 4 5 13 14 4 5 0 1 0 10 2 5 2 1 0 8 1 3 0 8 1 2 3 0 2 5 2 0 13 14 4 5 0 1 0 10 2 5 2 1 0 2 5 1 0 8 0 9 3 1 0 9 0 2 5 2 0 13 14 4 5 0 1 0 10 2 5 2 1 0 2 5 2 1 0 2 5 1 0 8 0 3 1 0 1 1 8 1 9 9 0 7 2 6 2 6 4 2 5 2 3 1 4 5 4 5 4 5 13 14 4 5 0 1 0 10 2 5 2 1 0 2 5 2 1 0 2 5 1 0 0 8 1 3 0 8 1 10 8 1 10 3 1 0 3 0 1 3 0 10 9 2 8 1 10 9 2 3 1 0 4 5 1 0 0 2 5 2 3 1 3 1 0 3 1 2 0 0 0 3 1 0 0 9 0 2 16 15 6 2 3 0 7 2 6 2 2 5 2 0 0 13 14 4 5 0 1 0 10 2 5 2 1 0 2 5 2 1 0 2 5 1 0 8 0 3 1 0 1 1 8 1 9 9 0 2 4 5 7 6 4 3 0 0 7 4 9 0 7 2 6 2 8 0 10 9 2 0 9 1 2 2 0 2 2 0 7 2 6 2 2 5 2 1 3 1 1 1 9 0 13 14 4 5 0 1 0 10 2 5 2 1 0 2 5 1 1 0 8 0 10 3 0 2 1 3 1 2 0 1 0 8 0 10 10 7 6 2 13 14 2 5 1 1 10 2 5 2 1 3 1 1 0 7 2 2 5 2 25 3 0 2 0 1 9 0 7 2 6 2 2 5 2 4 5 1 1 8 0 10 3 1 13 14 4 5 0 1 0 10 2 5 2 1 0 8 1 3 1 8 1 10 3 1 2 5 1 3 1 3 1 1 1 0 3 1 3 1 1 1 0 8 0 1 3 1 8 0 10 3 1 8 1 10 3 1 3 1 1 8 1 10 3 1 1 1 9 1 7 4 6 2 8 0 2 9 2 5 2 0 9 1 1 0 1 0 1 1 7 4 9 1 1 1 1 2 
86	2 5 2 5 2 4 5 4 5 4 5 4 5 4 5 15 6 2 3 0 16 2 5 4 5 4 5 4 5 2 5 2 5 15 6 2 6 4 6 4 6 2 6 2 3 0 0 3 0 1 3 0 0 3 0 0 3 0 0 3 0 0 7 6 2 6 4 6 4 4 5 8 0 0 10 8 0 10 17 2 3 0 0 3 0 0 3 0 8 0 3 0 8 0 10 8 0 10 3 0 2 0 0 0 1 0 0 7 3 0 4 0 13 14 4 5 0 0 0 3 0 0 1 1 0 0 4 5 2 5 7 6 2 3 1 3 1 0 0 7 4 6 2 6 4 8 0 3 1 4 5 2 5 24 0 0 10 3 0 8 0 0 0 0 0 10 8 0 0 10 3 0 0 3 0 0 3 0 0 3 0 0 23 3 1 0 0 0 0 8 0 10 3 0 0 3 0 0 9 3 0 3 0 0 13 14 2 5 0 0 0 0 10 8 0 10 3 0 1 0 0 8 0 3 0 3 0 0 9 7 4 9 0 7 4 4 5 24 0 0 10 3 0 0 8 0 0 0 0 0 10 9 3 0 3 0 0 13 14 2 5 0 0 0 0 10 2 5 0 18 0 1 0 10 3 1 1 1 3 0 1 8 0 10 3 0 9 7 4 8 0 3 1 9 0 0 0 16 16 4 5 4 5 0 2 5 2 0 2 5 15 6 2 3 0 0 7 4 9 0 7 2 6 4 9 2 0 16 2 5 4 5 15 6 4 6 2 3 0 0 3 0 0 7 6 4 6 4 2 5 0 4 5 0 0 2 5 0 0 8 0 10 3 0 0 0 2 3 0 0 2 7 4 6 4 17 2 7 2 6 4 17 2 7 2 2 5 2 3 1 13 14 2 5 0 0 0 0 10 3 1 1 3 1 3 1 9 1 2 
87	2 5 2 2 5 2 2 5 2 16 7 3 0 7 4 9 0 0 2 5 2 5 4 5 15 6 2 6 4 3 0 8 0 10 17 2 3 0 2 3 0 0 15 6 2 3 0 7 6 2 6 4 6 4 8 0 10 3 0 8 0 10 8 0 10 17 2 3 1 0 8 0 10 3 1 0 10 3 1 0 7 3 1 3 0 1 16 2 5 4 5 15 6 2 3 1 3 0 0 7 4 8 1 0 10 3 0 1 3 0 9 1 7 4 9 1 7 4 9 1 7 4 6 4 9 1 0 7 2 6 4 9 1 0 2 7 2 6 2 6 4 9 2 0 0 4 5 7 4 8 1 0 10 3 0 1 3 0 9 25 2 5 2 7 2 6 2 4 5 1 2 5 2 0 4 5 7 4 8 1 0 10 3 0 1 3 0 0 9 25 2 5 1 18 1 10 3 1 2 1 9 0 7 2 6 2 9 2 0 1 2 1 2 0 7 6 2 8 0 10 3 1 18 1 10 3 1 1 1 7 4 6 2 6 4 4 5 1 18 0 0 10 3 1 0 1 8 1 10 9 3 0 1 9 7 4 9 1 7 4 8 0 10 3 1 9 1 7 4 3 1 4 5 1 9 0 1 7 4 6 4 8 0 10 3 1 9 1 0 7 2 6 4 17 2 2 
88	2 5 2 5 15 6 2 3 0 0 7 2 6 2 8 0 10 3 0 2 2 5 2 1 0 8 0 10 9 0 2 5 1 0 3 1 0 0 9 0 7 2 9 0 7 4 6 2 8 0 2 9 9 0 1 2 0 7 4 9 1 2 
89	2 5 2 4 5 4 5 4 5 15 6 2 3 0 7 6 2 3 1 0 7 2 9 2 1 7 2 9 2 1 7 4 9 1 1 7 4 8 0 10 3 1 8 0 10 9 1 7 4 7 4 6 4 8 0 10 3 1 2 5 1 18 0 1 10 3 0 2 1 8 0 9 1 7 4 2 5 1 18 1 3 0 2 1 3 0 0 9 0 7 6 4 3 0 1 1 1 1 3 0 1 8 0 10 2 5 1 18 0 1 10 3 0 2 1 8 0 10 3 0 7 4 6 2 6 2 9 2 0 2 0 7 2 6 4 17 2 2 
90	2 5 15 6 2 3 0 0 7 2 6 2 9 7 6 2 16 2 5 4 5 4 5 15 6 2 3 0 1 0 7 2 9 7 4 9 0 7 4 3 0 1 9 0 0 7 6 4 3 0 0 3 0 0 7 2 6 2 9 2 0 0 7 2 6 2 6 4 2 5 2 1 0 4 5 1 0 2 5 2 8 0 10 3 1 0 3 1 0 3 1 2 1 3 1 2 0 10 3 1 0 0 3 1 9 0 2 16 2 5 4 5 4 5 15 6 2 6 2 6 2 3 0 3 0 1 3 0 1 0 7 4 3 0 1 0 9 0 7 4 9 0 7 4 9 0 7 4 6 4 9 0 7 2 6 4 17 2 2 7 2 6 2 9 2 2 0 7 2 6 2 9 1 1 1 7 4 6 2 8 0 9 8 0 2 9 2 5 2 0 9 1 1 1 0 7 4 9 1 1 1 2 
91	2 5 2 5 2 5 4 5 4 5 15 6 2 6 2 6 2 6 4 6 4 8 0 10 3 0 8 0 1 10 3 0 8 0 10 3 0 3 0 0 3 0 0 3 0 0 3 0 0 7 2 9 0 7 2 9 0 7 2 9 0 7 4 9 0 7 4 9 0 7 2 6 2 2 5 2 0 0 0 0 0 0 0 0 2 5 2 0 3 1 1 9 0 7 2 6 2 2 5 2 8 1 1 0 10 3 1 1 3 1 3 1 0 3 1 0 0 3 1 3 1 0 0 3 1 0 8 1 10 3 1 3 1 1 1 9 1 7 4 6 2 8 0 9 8 0 2 9 2 5 2 0 8 0 0 1 0 0 9 8 0 0 1 0 0 9 9 1 1 7 4 4 5 1 1 1 3 0 0 1 3 0 0 1 3 0 0 0 9 0 2 
92	7 4 6 2 6 4 9 4 1 0 7 4 6 4 9 4 1 0 7 4 6 4 9 4 1 0 7 4 6 4 9 0 7 4 6 4 6 4 9 4 1 0 4 0 7 4 6 4 6 4 9 0 4 0 2 
93	2 5 2 4 5 15 6 4 3 0 0 15 6 2 6 4 3 0 0 3 1 0 7 6 2 3 1 0 7 6 2 3 0 1 0 7 2 9 1 16 15 6 2 3 0 0 13 14 4 5 0 1 0 3 1 2 1 0 7 2 9 7 4 9 1 7 4 4 5 5 13 14 4 5 0 1 0 10 4 5 2 1 0 3 0 0 3 0 1 0 0 9 0 0 0 0 0 1 1 7 6 4 13 14 4 5 0 1 0 3 2 1 0 7 2 6 2 2 5 2 0 1 0 13 14 4 5 0 1 0 10 2 5 2 1 0 2 5 1 0 8 0 9 3 1 0 9 0 7 2 6 2 6 4 8 1 9 2 1 2 5 2 4 5 5 3 1 0 0 13 14 4 5 0 1 0 10 2 5 2 1 0 8 1 10 3 1 0 3 0 1 3 0 1 0 1 3 1 0 0 0 0 9 0 2 7 2 6 2 9 2 0 7 2 6 2 8 1 10 2 5 2 1 2 5 1 0 8 1 10 8 0 0 3 0 2 1 3 1 1 1 9 0 2 5 13 14 4 5 0 1 0 10 2 5 2 1 0 2 5 1 0 8 0 0 10 8 0 3 0 2 1 3 1 0 0 8 0 9 0 9 7 2 2 5 2 25 3 0 2 0 1 9 0 7 6 2 13 14 4 5 0 1 0 10 3 2 1 0 7 2 6 2 2 5 2 3 1 13 14 4 5 0 1 0 10 2 5 2 1 0 3 1 3 1 1 0 3 1 3 1 1 0 8 0 1 3 1 3 1 8 0 10 3 1 3 1 0 8 1 10 3 1 3 1 1 9 1 7 4 6 2 8 0 2 9 2 5 2 0 9 1 1 0 0 0 1 0 7 4 9 1 1 1 0 1 2 
94	2 5 2 4 5 15 6 4 6 2 3 0 3 0 0 7 6 2 3 1 0 3 0 7 4 8 0 9 8 0 10 3 1 3 0 4 5 2 1 24 2 1 0 10 8 2 1 3 1 10 3 1 8 1 9 0 9 7 4 9 2 1 7 4 4 5 2 1 4 5 2 1 5 0 4 5 1 3 1 0 0 0 0 3 1 0 0 0 0 9 0 0 0 0 7 6 4 6 4 6 4 6 4 6 4 8 0 0 2 1 0 0 10 4 5 2 1 0 3 0 0 3 0 1 0 0 3 1 0 0 0 0 0 3 1 0 0 0 0 0 7 4 6 4 18 1 2 1 0 10 8 2 1 3 1 3 1 8 1 9 0 9 7 2 6 4 17 2 7 4 5 1 13 14 4 5 0 0 0 3 1 0 7 6 4 2 5 2 1 0 4 5 1 4 5 0 5 1 18 0 0 10 4 5 0 2 5 2 1 0 4 5 1 4 5 0 5 0 2 5 8 0 0 10 3 0 2 1 0 3 0 1 8 0 0 10 8 0 0 10 3 1 0 0 3 1 0 0 3 0 0 10 3 1 0 0 3 1 0 0 3 0 0 8 0 0 10 3 1 0 0 3 1 0 0 3 0 0 9 7 4 5 1 8 0 3 1 10 3 1 1 0 3 1 0 3 1 2 
95	4 5 2 5 4 5 2 5 4 5 4 5 4 5 0 15 6 2 6 4 3 3 0 1 8 0 10 17 2 8 0 10 17 2 3 0 0 3 0 0 15 6 2 3 0 7 2 5 1 3 0 2 0 18 1 10 2 5 2 1 3 1 0 2 16 15 6 4 3 1 0 7 4 6 2 6 2 9 2 0 2 0 7 4 8 0 10 3 1 8 1 0 10 9 10 9 1 7 4 2 5 2 1 3 0 1 3 0 1 3 0 8 1 10 3 1 10 3 1 8 1 0 0 10 9 8 1 10 3 0 2 1 8 1 0 10 10 3 0 1 3 0 8 0 0 10 9 8 1 0 10 9 7 4 9 0 7 4 9 0 7 4 9 0 7 4 6 4 8 0 10 3 1 8 1 0 10 9 8 0 0 10 9 24 10 2 5 2 1 8 1 0 10 9 1 8 1 0 10 3 1 10 3 1 8 1 0 10 9 7 2 6 4 2 5 2 3 1 0 2 5 1 18 1 10 3 1 2 1 9 0 2 
96	15 6 2 6 2 6 4 6 2 6 4 3 0 0 0 0 0 7 4 13 14 2 5 0 0 0 0 10 3 1 4 5 24 0 0 10 8 1 9 4 0 3 1 9 4 0 2 
97	15 15 6 4 6 2 3 0 0 3 0 0 7 4 9 0 7 6 4 3 0 0 7 2 9 0 7 6 2 3 0 0 7 2 8 0 9 9 2 1 2 7 6 2 8 0 3 0 2 3 1 0 7 2 9 1 7 2 6 4 2 5 2 13 14 4 5 0 0 0 10 3 1 3 1 1 3 1 3 1 1 3 1 2 5 1 8 0 10 13 14 4 5 0 0 0 10 3 1 0 0 1 0 9 1 7 2 2 5 2 3 1 3 1 3 1 1 3 1 3 1 1 3 1 2 5 1 8 0 10 13 14 4 5 0 0 0 10 3 1 0 0 1 3 1 9 1 2 2 2 
98	4 5 16 2 5 4 5 15 6 4 6 2 3 0 0 3 0 0 28 7 4 6 2 28 7 4 6 2 2 5 2 7 4 6 2 6 2 7 4 6 2 6 2 6 2 7 4 6 2 6 2 7 4 6 2 6 2 6 2 7 2 6 2 6 2 7 2 6 2 6 2 7 2 6 2 6 2 7 2 6 2 6 2 6 2 
99	16 15 6 2 6 4 6 2 3 0 1 3 0 0 3 0 3 0 0 15 6 2 6 2 3 0 1 3 0 0 3 0 0 3 0 7 4 6 2 8 0 2 10 2 5 2 0 8 0 0 0 0 10 8 0 0 1 0 10 8 0 10 8 0 9 8 1 0 10 9 9 7 4 9 1 0 0 1 0 1 2 5 2 7 4 6 2 9 1 0 2 5 2 7 4 6 2 9 1 0 2 5 2 7 2 6 2 6 2 6 4 6 2 2 5 2 0 0 0 26 2 5 2 1 0 8 0 9 9 1 0 7 2 6 2 6 2 6 2 2 5 2 0 0 26 2 5 2 1 0 8 0 9 9 1 0 7 2 6 2 6 2 6 4 6 2 6 2 2 5 2 0 0 0 26 2 5 2 1 0 8 0 10 3 0 2 3 1 0 0 9 1 0 0 7 2 6 2 6 2 6 2 6 2 2 5 2 0 0 26 2 5 2 1 0 8 0 10 3 0 2 3 1 0 0 9 1 0 0 7 4 6 2 6 2 9 1 0 0 0 7 4 6 2 6 2 6 2 3 0 1 2 5 1 0 0 0 8 0 10 4 5 4 1 2 5 1 2 5 1 2 0 19 24 1 10 2 5 1 8 0 1 0 11 4 5 1 1 3 1 0 18 1 10 3 0 1 0 3 1 3 1 3 1 0 0 0 0 9 0 9 4 0 7 4 6 2 6 2 9 1 0 0 0 7 4 6 2 6 2 6 2 3 0 1 2 5 1 0 0 0 8 0 10 4 5 4 1 2 5 1 2 5 1 2 0 19 24 1 10 2 5 1 8 0 1 0 11 4 5 1 1 3 1 0 18 1 10 3 0 1 0 3 1 3 1 3 1 0 0 0 0 9 0 9 4 0 7 2 6 2 6 2 3 0 1 2 5 1 0 0 0 8 0 10 2 5 2 1 2 5 1 2 5 1 2 0 19 24 1 10 2 5 1 8 0 1 0 11 2 5 1 3 1 0 18 1 10 3 0 1 0 3 1 3 1 3 1 0 0 0 0 9 0 9 2 0 7 2 6 2 6 2 3 0 1 2 5 1 0 0 0 8 0 10 4 5 4 1 2 5 2 1 2 5 1 2 5 1 2 0 3 0 0 19 24 1 10 2 5 1 8 0 1 0 11 8 0 0 17 2 0 3 0 0 1 3 1 0 18 1 10 3 0 1 0 3 0 3 1 3 1 8 0 10 3 0 2 8 0 0 10 2 5 2 0 3 1 0 0 0 3 0 0 2 5 2 0 0 3 1 0 0 0 0 9 0 9 2 0 7 2 6 2 6 2 3 0 1 2 5 1 0 0 0 8 0 10 2 5 1 2 0 19 2 5 1 8 0 10 17 2 0 8 1 0 10 2 5 1 1 19 3 1 0 3 0 1 0 0 20 21 19 3 1 0 3 0 1 0 0 20 21 3 0 1 0 0 8 0 10 3 1 0 0 0 0 10 17 2 0 3 1 9 0 7 2 6 2 6 2 6 2 3 0 1 2 5 1 0 0 0 8 0 10 2 5 2 1 2 5 1 2 5 1 2 0 19 24 1 10 2 5 1 8 0 1 0 11 2 5 1 1 3 1 0 18 1 10 3 0 1 0 3 1 3 1 3 1 0 0 0 0 9 0 9 2 0 2 
100	2 5 15 6 4 6 4 3 0 0 15 6 4 6 4 6 2 3 0 0 3 0 0 2 
101	2 5 2 5 15 6 2 6 4 3 0 0 3 0 1 0 3 1 0 7 6 2 8 0 10 3 0 0 3 0 1 0 7 2 9 0 7 2 6 2 8 0 9 2 5 2 0 13 14 4 5 0 0 0 10 2 5 0 0 1 8 0 3 0 0 1 0 9 0 7 4 6 2 6 2 2 5 2 0 2 5 2 0 4 5 0 4 5 13 14 4 5 0 0 0 0 10 4 5 0 0 1 22 0 12 0 4 5 2 0 0 4 5 2 0 0 8 0 0 3 0 8 0 0 3 0 11 12 0 0 4 5 2 0 0 4 5 2 0 0 8 0 0 3 0 8 0 0 3 0 11 12 0 2 5 2 0 0 2 5 2 0 0 8 0 3 0 0 8 0 0 1 10 3 0 1 0 10 3 0 0 0 1 0 0 11 12 0 4 5 2 0 0 4 5 2 0 0 8 0 0 3 0 8 0 0 3 0 11 12 0 3 0 0 0 1 0 0 11 12 0 17 2 12 17 2 0 8 0 0 1 10 3 0 0 8 0 9 0 0 9 0 2 
102	15 6 2 6 2 6 4 4 5 0 3 0 2 0 3 0 2 0 13 14 4 5 0 0 0 10 2 5 0 0 1 3 0 0 1 0 0 0 0 1 0 0 1 0 0 1 8 0 0 1 0 10 3 0 0 2 0 0 0 1 0 0 1 10 3 0 0 2 0 0 0 1 0 0 1 3 1 0 2 5 2 5 4 5 0 7 4 9 0 7 4 6 2 3 0 1 0 0 9 25 0 7 4 6 2 9 1 2 0 7 4 6 2 6 2 2 5 2 0 2 5 2 0 4 5 0 4 5 13 14 4 5 0 0 0 0 10 3 0 0 0 0 1 0 0 0 0 1 0 0 8 0 9 0 0 9 0 7 2 6 2 4 5 0 2 5 2 0 13 14 4 5 0 0 0 3 0 0 0 0 1 0 3 0 0 9 0 7 2 9 0 2 5 2 7 2 6 2 6 2 6 4 6 2 6 2 2 2 5 0 2 2 0 0 2 2 0 0 0 26 0 2 5 2 1 0 8 0 9 9 2 1 0 7 2 6 2 6 2 6 4 6 2 6 2 6 2 2 2 5 0 2 2 0 0 2 2 0 0 0 26 0 2 5 2 1 0 8 0 10 3 0 2 3 1 0 0 9 1 0 0 7 2 6 2 6 2 6 4 6 2 6 2 8 0 0 9 0 8 0 0 9 0 2 5 1 0 0 0 0 0 8 0 10 22 0 12 0 3 0 1 0 0 11 12 0 3 0 1 0 0 11 12 0 3 0 1 0 0 11 12 0 8 0 3 0 1 0 0 0 3 0 1 0 0 11 12 0 3 0 1 0 0 11 12 17 2 0 3 1 0 0 0 0 0 0 9 0 7 2 6 2 6 2 2 5 1 4 5 1 0 0 9 2 7 4 6 2 6 2 4 5 0 0 4 5 0 0 8 0 0 9 8 0 0 9 9 7 2 6 2 9 2 0 0 7 4 9 0 7 2 6 2 6 2 2 5 1 4 5 1 0 0 9 2 7 4 6 2 6 2 4 5 0 0 4 5 0 0 8 0 0 9 8 0 0 9 9 7 2 6 2 9 2 0 0 7 4 9 0 7 2 6 2 6 2 2 5 1 2 2 5 1 0 0 9 2 7 4 6 2 6 2 4 5 0 0 4 5 0 0 8 0 0 9 8 0 0 9 9 7 2 6 2 9 0 0 0 7 4 9 0 7 2 6 2 6 2 6 2 2 5 1 0 2 5 1 2 5 1 0 0 9 2 7 4 6 2 6 2 9 1 0 0 0 0 7 2 6 2 9 0 0 7 4 9 0 7 2 6 2 6 2 2 5 1 2 5 1 0 0 8 0 2 2 10 9 1 0 0 8 0 4 10 9 1 0 0 8 0 4 10 9 1 0 0 8 0 2 10 9 1 0 0 10 17 2 0 2 
103	7 2 6 2 2 2 2 
104	2 5 2 5 15 6 2 6 2 3 0 0 3 0 0 7 2 6 2 2 5 1 0 2 5 1 0 9 2 7 4 9 1 7 4 9 1 7 6 4 3 1 0 7 2 6 2 6 4 9 1 0 0 7 2 9 7 2 6 2 2 5 1 0 2 5 1 0 9 2 0 7 4 24 1 1 10 8 1 10 9 9 7 4 9 1 7 4 6 4 8 1 0 10 9 18 1 1 10 4 5 1 1 8 0 10 9 8 1 0 10 9 9 7 4 9 1 7 2 6 4 2 5 1 0 8 1 0 3 1 1 3 1 1 9 0 7 2 6 2 2 5 1 0 8 0 0 10 2 5 2 1 3 0 0 9 0 10 9 7 2 9 0 7 2 9 0 7 6 2 3 1 1 0 7 2 6 2 2 5 2 3 1 3 1 1 0 3 1 3 1 0 3 1 1 1 9 1 7 4 6 2 8 0 2 10 2 5 2 0 9 1 0 1 0 9 7 4 9 1 1 2 
105	2 5 2 5 15 7 4 6 2 7 4 7 4 7 6 2 3 0 0 2 5 1 8 0 1 0 3 0 0 3 1 7 4 8 0 9 9 1 7 4 3 0 18 0 10 8 1 9 8 1 10 2 5 1 8 1 0 10 3 0 0 9 9 3 0 9 7 2 9 0 7 3 1 3 0 3 0 2 
106	4 5 4 5 4 5 4 5 15 6 2 6 4 6 4 3 0 8 0 17 2 8 0 17 2 8 0 17 2 3 0 0 3 0 0 15 6 2 6 4 3 0 0 0 15 6 2 3 0 0 0 7 4 9 0 7 4 9 0 7 2 6 2 9 2 0 1 0 0 7 2 6 2 2 5 1 0 4 5 1 2 5 2 0 19 24 1 10 4 5 4 5 2 5 1 8 0 10 3 0 1 8 1 0 0 0 10 3 1 2 0 0 3 1 2 5 2 4 5 1 13 14 4 5 0 0 0 10 2 5 2 1 9 0 7 2 6 2 2 5 2 2 5 1 8 1 1 0 10 3 1 1 3 1 3 1 1 3 1 3 1 1 0 3 1 1 1 9 1 16 2 5 4 5 15 6 2 6 4 3 0 0 3 0 0 16 15 6 4 3 1 0 7 4 6 2 6 2 2 5 2 0 2 5 2 0 8 0 0 9 1 0 9 0 0 2 7 4 6 2 8 0 9 8 0 2 9 8 25 0 9 2 5 2 0 8 0 0 9 8 0 0 9 9 7 4 4 5 25 3 0 0 0 1 0 3 0 0 0 9 0 2 
107	4 5 4 5 4 5 4 5 2 5 2 5 2 5 2 5 4 5 4 5 4 5 4 0 15 6 2 6 2 3 0 0 0 0 15 6 2 6 2 6 4 3 0 0 0 0 15 6 2 6 2 6 4 6 4 3 8 0 17 2 8 0 17 2 8 0 17 2 3 0 0 3 0 0 3 0 0 3 0 1 4 5 1 1 4 5 0 0 0 0 3 0 1 1 0 3 0 1 1 0 3 1 3 0 1 3 1 1 2 1 0 7 4 6 2 8 0 1 1 1 0 10 2 5 1 1 1 3 0 1 0 9 0 0 3 0 9 7 4 9 4 0 0 0 7 4 9 0 7 4 6 4 6 4 6 4 4 5 0 0 0 0 9 0 0 0 0 7 4 9 4 0 1 0 7 4 6 2 4 5 1 4 5 1 8 0 10 9 1 4 0 1 8 0 10 9 1 4 0 1 4 5 1 0 8 0 1 0 0 10 9 8 0 0 0 10 3 1 0 13 14 4 5 0 0 0 3 0 0 0 13 14 4 5 0 0 0 3 0 0 0 13 14 4 5 0 0 0 10 4 5 0 4 5 1 0 13 14 4 5 0 0 0 10 8 0 1 0 10 3 0 0 0 1 0 0 0 0 0 0 0 0 0 10 3 0 0 0 1 0 0 0 0 0 0 0 0 0 3 0 1 0 0 0 0 9 9 4 0 0 0 4 1 1 0 0 7 6 4 13 14 4 5 0 0 0 10 3 0 0 4 0 7 4 6 4 9 0 0 0 0 1 0 7 13 14 4 5 0 0 0 10 3 0 0 1 0 7 4 6 4 9 4 0 1 1 0 1 7 2 
108	16 2 5 4 5 2 5 4 5 15 6 2 6 4 3 0 0 3 0 0 7 2 8 0 3 1 9 0 7 4 9 1 0 7 4 9 1 0 7 3 0 1 0 3 0 7 4 9 1 1 7 2 6 2 9 1 1 0 7 2 2 5 2 3 1 3 1 1 3 1 3 1 0 3 1 8 0 10 3 1 10 3 1 3 1 9 1 2 2 2 
109	7 6 4 6 4 
110	16 2 5 4 5 15 6 2 3 0 0 7 4 9 0 1 7 2 8 0 1 17 2 2 5 2 0 0 3 0 9 0 7 17 2 7 4 9 1 2 
111	15 6 4 3 1 0 7 4 6 2 6 2 2 5 2 0 2 5 2 0 8 0 0 9 0 0 9 0 0 2 
112	2 5 2 5 2 5 2 5 15 6 2 6 2 6 2 3 0 1 0 3 0 0 3 0 0 15 6 2 6 2 6 2 6 2 3 0 1 0 3 0 0 3 0 0 3 0 0 7 6 4 8 1 0 10 3 0 1 2 5 0 1 0 0 0 1 0 0 0 0 3 0 0 2 5 0 4 5 8 0 1 10 3 0 1 4 5 0 0 0 0 13 14 4 5 1 0 0 0 10 3 1 2 0 0 0 0 0 0 0 7 4 9 0 7 2 6 4 2 5 1 0 2 5 0 8 0 10 9 0 7 4 6 4 9 1 0 0 7 4 6 4 9 1 0 0 7 2 9 2 7 2 6 4 8 0 0 10 17 2 0 8 0 1 10 3 1 0 9 2 1 0 8 0 10 3 0 0 10 3 0 0 3 0 0 3 0 0 3 0 3 0 8 0 10 3 0 0 10 3 0 0 8 0 10 3 0 0 10 3 0 0 3 0 16 4 5 4 5 2 5 15 6 4 6 4 3 0 0 3 0 0 
113	2 5 4 5 15 6 2 3 1 0 15 6 2 3 1 0 15 6 2 3 0 15 6 2 6 4 3 0 0 3 0 0 7 2 9 0 7 8 0 3 1 7 4 6 2 9 1 0 7 2 6 4 9 1 0 7 4 9 1 7 2 6 2 6 2 6 4 17 2 2 5 2 0 3 1 0 0 0 9 1 7 2 6 2 6 2 6 4 6 2 2 5 2 0 0 0 3 1 0 0 0 9 2 1 7 6 2 6 2 6 2 2 5 0 8 0 10 2 5 1 0 3 0 2 7 6 4 6 4 3 1 0 0 2 5 1 0 8 0 9 3 1 0 7 2 6 2 2 5 0 13 14 2 5 1 0 0 0 0 1 0 10 3 0 0 9 0 7 2 6 2 6 4 9 1 0 0 2 
114	15 16 2 5 4 5 4 5 4 5 15 6 2 6 2 6 2 3 0 3 0 0 3 0 3 0 1 3 0 1 7 2 6 4 7 4 9 0 7 4 18 0 0 10 3 0 8 1 0 10 9 9 7 4 9 0 7 4 6 4 3 0 0 9 1 2 16 2 5 4 5 4 5 15 6 2 3 0 0 7 2 9 7 2 9 7 4 9 0 7 4 3 0 1 9 0 0 7 6 4 3 0 0 3 0 0 7 2 6 2 9 2 0 1 0 7 2 6 2 6 4 2 5 2 3 1 3 1 1 8 1 10 3 1 2 1 3 1 2 0 9 0 2 7 2 6 2 9 2 0 7 6 2 7 2 6 2 2 5 2 3 1 3 1 1 1 9 1 7 4 6 2 8 0 2 9 2 5 2 0 9 1 1 7 4 9 1 1 2 
115	2 5 2 5 2 2 5 2 4 5 7 6 4 3 0 0 7 4 9 0 7 6 2 3 1 2 0 7 6 2 4 5 8 1 3 0 2 1 3 1 0 0 7 6 2 6 4 8 1 3 0 0 1 13 14 4 5 0 0 0 10 8 0 0 1 0 10 17 2 0 0 0 3 1 0 3 1 2 0 7 2 9 1 0 7 4 4 5 4 1 13 14 4 5 0 1 0 3 0 0 2 1 0 9 0 7 6 2 13 14 2 5 1 1 10 2 5 2 1 13 14 4 5 0 0 0 10 3 1 0 0 16 2 5 4 5 4 5 4 5 4 5 15 6 2 3 0 1 0 2 5 1 18 1 10 2 5 2 1 13 14 4 5 0 0 0 10 3 0 1 1 0 0 0 0 7 2 9 7 4 9 0 7 4 7 6 4 3 0 0 7 2 6 2 9 2 5 2 1 13 14 4 5 0 0 0 10 2 5 2 1 0 2 5 8 0 3 0 2 0 0 3 0 1 0 8 0 9 3 0 0 0 8 0 9 2 0 1 0 1 0 9 2 0 1 0 0 1 0 7 2 6 2 6 4 2 5 2 3 1 1 0 2 5 2 0 1 2 5 2 3 1 1 2 5 2 1 8 1 3 1 0 3 1 0 2 5 2 0 3 1 0 3 1 1 1 1 3 1 0 2 5 2 3 1 1 0 2 5 1 1 0 0 3 1 0 3 1 0 2 5 2 4 5 1 0 4 5 0 1 0 0 3 1 0 3 1 0 0 3 1 0 3 1 1 1 1 3 1 0 3 1 1 1 8 1 9 0 9 0 2 7 2 6 2 2 5 2 1 2 5 2 13 14 4 5 0 0 0 10 3 1 2 0 0 0 3 1 1 9 0 7 2 6 2 9 2 0 7 2 6 2 2 5 2 8 1 0 10 3 1 0 3 1 3 1 2 5 1 18 1 10 2 5 2 1 8 0 10 3 1 13 14 4 5 0 0 0 10 3 1 0 0 1 8 0 0 3 1 3 1 10 3 1 0 1 8 1 3 1 3 1 8 0 10 3 1 3 1 0 3 1 1 1 9 1 7 4 6 2 8 0 2 9 2 5 2 0 9 1 1 0 0 0 1 0 0 1 0 7 4 9 1 1 0 1 1 2 
116	16 15 6 2 6 4 3 0 0 3 0 0 7 4 6 2 4 5 19 3 0 2 1 0 20 21 17 2 1 9 0 7 4 6 2 4 5 4 0 13 14 4 5 0 0 0 10 3 0 0 1 0 0 9 0 7 4 9 0 7 2 6 2 9 0 7 17 2 7 2 6 4 17 2 7 2 6 2 6 4 17 2 7 6 2 6 2 6 2 17 2 7 2 6 2 6 2 6 4 17 2 7 2 6 2 6 2 6 4 6 2 17 2 2 2 5 4 5 4 5 15 6 2 3 0 0 13 14 4 5 0 0 0 10 3 0 0 0 3 0 0 0 7 2 9 0 7 4 9 0 7 13 14 4 5 0 0 0 3 0 0 1 7 4 6 2 4 5 13 14 4 5 0 0 0 3 0 0 0 1 0 9 0 7 2 6 4 18 0 0 10 4 5 0 0 4 5 0 0 8 0 0 3 0 0 8 0 0 3 0 0 18 0 0 0 0 0 10 9 0 9 0 7 4 6 4 9 0 0 1 0 7 4 9 0 7 2 6 2 6 2 6 4 2 5 2 0 4 5 2 5 0 0 1 0 0 0 2 5 0 2 5 0 0 8 1 0 10 2 5 2 1 3 0 0 2 1 4 5 0 0 0 0 9 2 0 0 0 7 2 6 2 6 2 6 4 6 2 2 5 4 5 4 5 0 2 5 0 0 1 0 0 0 0 8 0 3 0 2 0 0 3 0 1 0 1 2 5 0 2 5 0 0 8 1 0 10 2 5 2 1 3 0 0 2 1 9 2 0 0 1 0 7 6 2 6 2 6 2 13 14 4 5 0 0 0 10 4 5 0 0 3 0 0 1 0 0 2 7 6 4 6 4 3 1 0 0 0 7 2 6 2 2 5 2 0 13 14 4 5 0 0 0 10 3 0 0 0 0 1 0 9 0 1 0 7 2 6 2 6 4 7 2 6 2 2 5 1 0 2 5 2 3 1 0 2 5 2 1 3 1 0 4 5 4 1 13 14 4 5 0 0 0 10 4 5 0 0 1 0 13 14 4 5 0 0 0 10 3 0 0 0 0 2 5 2 13 14 4 5 0 0 0 10 3 1 0 0 2 0 0 4 5 1 2 5 2 0 0 9 1 0 2 
117	2 5 15 6 2 3 0 0 7 2 9 0 7 2 6 2 7 2 6 2 2 5 1 0 2 5 2 19 24 1 10 2 5 1 8 0 10 3 1 9 0 7 2 6 2 2 5 2 8 1 1 0 10 3 1 1 3 1 3 1 1 3 1 1 1 9 1 7 4 6 2 8 0 9 8 0 2 9 2 5 2 0 8 1 0 9 9 1 1 7 4 9 1 1 1 2 
118	7 4 17 2 7 4 9 7 4 17 2 7 4 6 4 9 7 2 6 4 2 5 2 3 1 9 0 2 
119	2 5 4 5 15 6 2 3 0 3 0 0 3 0 1 7 4 6 2 9 25 0 7 2 6 2 6 2 6 4 2 5 2 0 4 5 2 5 2 0 3 0 0 2 0 0 0 0 0 0 0 0 0 3 0 0 1 13 14 4 5 0 0 0 10 19 3 0 0 1 20 21 2 5 0 0 1 8 0 10 3 0 0 0 1 10 17 0 2 5 2 1 3 0 0 2 1 4 5 0 0 0 0 9 2 0 0 0 7 2 6 2 6 2 6 4 6 2 2 5 2 0 4 5 2 5 2 0 3 0 0 2 0 0 0 0 0 0 0 0 0 0 3 0 0 1 4 5 0 13 14 4 5 0 0 0 10 19 3 0 0 1 20 21 2 5 0 0 1 8 0 10 3 0 0 0 1 3 0 1 0 0 0 1 10 17 0 2 5 2 1 3 0 0 2 1 9 2 0 0 1 0 7 6 2 6 2 6 2 13 14 4 5 0 0 0 10 4 5 0 0 3 0 0 1 0 0 2 7 6 4 6 4 3 1 0 0 0 7 2 6 2 9 25 0 2 16 2 5 2 5 2 5 4 5 2 5 4 5 2 5 4 5 2 5 2 5 15 6 2 6 2 6 2 6 4 6 2 6 4 6 4 6 2 3 0 3 0 0 3 0 0 3 0 0 3 0 0 3 0 0 3 0 0 3 0 0 15 6 2 6 2 6 2 6 4 6 2 6 2 6 4 6 4 6 2 3 0 3 0 0 3 0 0 3 0 0 3 0 0 3 0 0 3 0 0 3 0 0 3 0 0 7 19 3 0 0 1 0 0 0 1 0 0 0 0 20 21 3 0 0 8 0 10 8 0 10 3 2 0 2 5 0 13 14 4 5 0 0 10 2 5 0 0 26 0 8 1 0 11 7 4 9 0 7 4 9 1 7 2 9 0 2 
120	15 6 2 6 4 3 0 0 3 0 0 8 1 10 9 3 0 1 3 0 9 7 4 6 4 8 1 0 10 9 3 0 1 3 0 9 7 3 1 7 4 3 0 1 0 9 
121	2 5 2 5 2 2 5 2 4 5 15 7 6 4 3 0 0 7 4 9 0 7 6 2 4 5 8 1 3 0 2 1 3 1 0 0 7 6 2 6 4 8 1 3 0 1 8 1 0 17 2 0 3 1 0 3 1 2 0 7 2 9 2 1 2 7 4 4 5 4 1 13 14 4 5 0 1 0 3 0 0 2 1 0 9 0 16 2 5 4 5 4 5 4 5 4 5 15 6 2 3 0 1 0 3 0 1 0 0 7 2 9 7 2 9 7 4 9 0 7 4 7 6 4 3 0 0 7 2 6 2 9 2 5 2 1 13 14 4 5 0 1 0 10 2 5 1 2 1 0 8 0 9 3 0 0 0 9 2 0 1 0 1 0 9 2 0 1 0 0 1 0 7 2 6 2 6 4 2 5 2 3 1 1 0 2 5 2 2 5 2 3 1 13 14 4 5 0 1 0 10 8 0 10 3 1 3 1 2 5 2 1 0 3 1 1 3 1 3 1 1 0 3 1 1 3 1 2 5 2 0 0 0 2 5 2 3 1 1 2 5 2 1 8 1 3 1 0 3 1 0 2 5 2 0 3 1 0 3 1 1 1 1 3 1 0 2 5 2 3 1 0 0 0 2 5 1 1 0 0 3 1 0 3 1 0 2 5 2 4 5 1 0 4 5 0 1 0 0 3 1 0 3 1 0 0 3 1 0 3 1 1 1 1 3 1 0 3 1 1 1 8 1 9 0 9 0 2 7 2 6 2 2 5 2 1 2 5 2 0 3 1 1 9 1 0 9 2 0 7 6 2 3 1 0 7 2 6 2 2 5 2 8 1 0 10 3 1 0 3 1 3 1 13 14 4 5 0 1 0 10 3 1 2 1 0 8 0 1 3 1 3 1 8 0 10 3 1 3 1 0 3 1 1 1 9 1 7 4 6 2 8 0 2 9 2 5 2 0 9 1 1 0 0 0 1 0 0 1 0 7 4 9 1 1 0 1 1 2 
122	15 6 4 3 1 0 7 4 6 2 6 2 2 5 2 0 2 5 2 0 8 0 0 9 0 0 9 0 0 2 
123	2 5 4 5 4 5 4 5 4 5 2 5 2 5 5 4 5 15 6 2 6 2 6 4 6 2 6 4 3 0 3 0 0 3 0 0 3 0 1 13 14 4 5 0 0 0 10 2 5 2 0 0 0 0 3 0 0 3 0 0 7 4 9 0 7 4 8 0 10 3 1 3 0 8 0 10 9 1 7 4 18 0 10 8 0 10 7 4 7 4 6 4 13 14 2 5 0 0 0 0 0 10 3 0 1 0 8 0 9 1 7 4 7 13 14 2 5 0 0 0 0 0 3 0 1 8 0 3 1 7 3 1 13 14 2 5 0 0 0 0 3 1 0 3 1 7 3 0 0 18 1 10 2 5 2 1 3 0 0 3 0 0 3 0 7 3 0 0 3 0 0 3 0 7 2 6 4 2 5 2 18 1 1 0 10 4 5 1 0 0 3 1 1 1 0 3 1 0 9 0 7 2 9 0 2 
124	2 5 15 6 2 3 0 0 7 2 9 0 7 2 6 2 2 5 2 2 5 1 0 19 2 5 1 2 5 1 24 1 10 2 5 1 8 0 1 1 0 1 0 10 10 11 3 1 9 0 7 2 6 2 2 5 2 8 1 1 0 10 3 1 1 3 1 3 1 1 3 1 3 1 1 1 9 1 7 4 6 2 8 0 2 9 2 5 2 0 9 1 1 0 1 0 7 4 9 1 1 1 2 
125	7 6 4 3 0 0 7 4 9 0 7 2 6 2 7 2 9 1 7 2 6 2 17 2 7 2 6 2 2 5 1 2 5 1 0 4 5 1 4 5 1 1 0 0 3 1 0 9 0 7 2 6 2 9 7 2 6 2 2 5 2 13 14 4 5 0 0 0 10 2 5 0 0 2 5 4 5 0 2 8 0 10 2 5 2 0 3 0 1 3 0 1 13 14 4 5 0 0 0 0 10 3 0 0 0 1 0 8 0 10 13 14 4 5 0 0 0 10 3 1 0 0 1 10 3 1 0 8 1 10 9 2 1 1 2 5 1 2 5 2 18 1 3 1 2 1 0 9 0 7 6 2 17 2 7 2 6 2 2 5 2 13 14 4 5 0 0 0 10 2 5 2 0 0 13 14 4 5 0 0 0 10 3 1 0 0 4 5 0 2 0 2 5 2 0 2 5 1 18 1 10 3 1 2 1 9 0 7 2 6 2 9 1 7 2 19 9 2 25 20 21 17 2 1 2 2 2 2 
126	2 5 2 5 15 6 2 3 0 0 7 2 6 2 8 0 10 3 0 2 2 5 2 1 0 8 0 10 9 0 2 5 2 1 3 1 0 2 7 6 4 6 4 2 0 3 1 0 0 9 0 7 2 9 0 7 4 6 2 8 0 2 9 9 0 1 2 0 7 4 9 1 2 
127	2 5 2 4 5 4 7 2 9 15 6 2 3 1 0 15 6 2 6 2 8 0 10 2 5 1 2 0 8 0 10 2 5 2 5 2 19 18 0 1 10 3 1 1 3 1 2 1 2 1 20 21 7 6 2 8 0 10 3 1 0 2 5 2 0 2 5 2 0 2 5 2 0 4 5 13 14 4 5 0 0 0 10 2 5 0 0 2 5 2 1 0 8 0 10 3 1 0 2 0 3 1 0 3 1 2 10 2 5 2 1 1 3 1 1 2 1 3 0 2 1 0 3 0 4 1 4 5 13 14 2 5 1 1 10 2 5 2 1 3 0 0 1 7 2 2 5 2 3 1 13 14 4 5 0 0 0 10 8 0 3 1 3 1 1 1 0 0 0 0 3 1 9 1 7 4 9 0 7 2 9 0 7 4 9 0 7 4 6 2 4 5 1 0 0 9 0 0 7 4 6 2 6 4 6 4 4 5 4 0 13 14 4 5 0 0 0 10 3 0 0 1 0 0 9 0 2 
128	2 5 2 5 2 5 4 5 4 5 15 6 2 6 2 6 2 6 4 6 4 3 0 0 3 0 0 3 0 0 3 0 0 3 0 0 8 0 0 10 17 2 8 0 0 10 17 2 8 0 0 10 17 2 7 2 6 2 6 2 9 2 0 0 7 2 6 2 6 2 9 2 0 0 7 2 6 2 2 5 2 1 2 5 0 1 2 0 0 1 2 0 19 8 1 10 9 0 4 5 3 0 2 5 1 19 24 1 10 2 5 1 8 0 1 1 0 10 8 0 0 1 1 0 10 3 0 8 0 10 4 5 1 1 8 0 0 0 10 11 3 1 1 18 1 10 3 1 1 10 11 3 1 3 1 9 0 7 2 2 5 2 3 1 0 3 1 3 1 0 8 0 10 3 1 0 3 1 8 0 10 3 1 0 3 1 0 9 1 7 4 6 2 8 0 9 8 0 2 9 2 5 2 0 8 0 1 0 0 0 0 0 10 9 8 0 0 1 0 0 9 8 0 0 1 0 0 9 9 7 4 4 5 1 3 0 0 1 3 0 0 1 3 0 0 0 9 0 2 
129	2 5 2 5 4 5 15 6 2 6 2 6 4 8 0 0 10 17 2 8 0 0 1 1 10 17 2 8 0 10 3 0 0 10 3 0 2 1 3 0 0 3 0 0 7 2 6 2 2 5 2 2 5 1 0 19 4 5 3 0 2 5 1 24 1 10 2 5 1 8 0 1 0 10 8 0 1 1 1 10 3 0 8 0 10 4 5 1 1 1 8 0 0 0 11 10 11 3 1 9 0 7 2 9 0 1 1 7 2 9 0 7 2 9 0 7 4 9 0 7 2 6 2 2 5 2 8 1 1 0 10 3 1 1 3 1 3 1 0 3 1 0 1 3 1 3 1 0 1 3 1 0 3 1 1 1 9 1 7 4 6 2 8 0 9 8 0 2 9 2 5 2 0 8 1 1 9 8 0 0 9 8 0 0 1 0 0 9 8 0 0 1 0 0 9 9 7 4 4 5 1 1 3 0 0 1 3 0 0 0 3 0 0 1 3 0 0 9 0 2 
130	2 5 15 6 2 3 3 0 0 7 6 2 6 2 6 2 3 1 0 0 0 7 3 1 7 4 6 2 9 1 0 7 4 6 2 9 1 0 7 4 9 1 7 2 6 2 6 2 6 4 9 1 0 0 0 7 2 6 2 6 2 6 4 6 2 9 1 0 0 0 0 7 2 6 4 9 1 0 7 2 6 2 9 1 0 7 2 6 2 6 4 9 1 0 0 2 2 
131	2 5 5 15 6 2 6 2 3 0 0 3 0 0 4 5 7 4 8 0 10 8 1 10 3 0 8 0 10 9 8 1 10 9 8 0 10 9 1 7 4 4 5 1 24 1 10 8 0 0 10 8 0 0 10 8 1 0 10 9 3 0 1 8 0 0 10 9 7 4 7 4 7 4 6 4 8 0 10 3 0 8 1 0 10 8 0 10 9 8 0 10 9 1 0 8 1 0 10 3 0 9 9 1 7 2 6 4 2 5 2 8 1 0 1 0 10 3 1 10 3 1 3 1 1 0 9 0 2 
132	2 5 2 5 15 6 2 6 2 3 0 0 3 0 0 4 5 7 4 9 1 7 4 6 4 9 1 0 7 4 9 1 7 4 4 5 1 4 5 1 8 0 10 3 0 8 1 0 10 3 0 9 0 8 0 10 9 0 8 1 0 1 0 10 3 0 9 0 9 1 0 0 1 0 7 2 6 4 2 5 2 3 1 3 1 1 0 3 1 1 0 9 0 2 
133	4 5 4 5 15 6 4 6 4 3 0 0 3 0 0 2 2 2 
134	2 5 2 7 4 6 2 6 2 8 0 0 9 8 0 0 9 9 7 2 6 2 9 2 0 7 4 9 0 2 5 2 7 4 6 2 6 2 8 0 0 9 8 0 0 9 9 7 2 6 2 9 2 0 7 4 9 0 7 4 6 2 6 2 7 2 6 2 7 4 
135	2 5 15 6 2 3 0 0 7 2 9 0 7 6 2 18 1 10 3 1 1 1 7 4 6 2 6 4 18 1 0 10 3 1 1 1 8 1 9 9 7 4 7 4 7 4 7 4 6 4 7 2 6 4 
136	7 6 2 6 2 6 2 7 7 4 6 2 7 4 6 2 7 4 7 2 6 2 6 2 6 4 7 2 6 4 7 2 6 2 7 2 6 2 6 4 7 2 6 2 6 2 6 4 6 2 2 2 2 
137	7 2 6 2 9 1 0 2 7 2 6 2 6 2 9 2 0 0 7 2 6 2 6 2 9 2 0 0 7 2 6 2 6 2 6 2 9 2 0 0 0 7 2 6 2 6 2 6 4 6 2 9 1 1 0 0 0 0 7 6 2 6 2 3 1 0 2 0 7 6 2 6 2 6 2 3 1 1 0 0 0 7 2 6 2 6 2 6 4 9 1 1 0 0 0 7 2 6 2 6 4 9 1 1 0 0 2 5 1 7 6 2 3 0 0 7 2 9 0 7 2 6 2 9 1 7 4 6 2 4 5 4 0 13 14 4 5 0 0 0 10 3 0 0 1 0 0 9 0 7 6 2 6 2 6 2 7 7 4 6 2 7 4 7 2 6 2 6 2 6 4 7 2 6 4 7 2 6 2 7 2 6 2 6 4 7 2 6 2 6 2 6 4 6 2 2 
138	2 5 2 7 6 2 3 0 0 7 2 9 0 4 5 4 13 14 4 5 0 0 3 0 0 1 4 0 7 4 6 4 7 4 9 0 7 4 6 2 6 4 7 4 6 4 7 4 6 4 9 1 0 7 4 6 4 9 1 4 0 7 4 6 4 7 4 6 4 7 4 6 2 6 2 9 1 1 0 1 7 4 6 2 6 2 4 5 2 5 1 18 1 10 3 0 1 2 1 0 9 0 7 4 6 4 6 4 7 4 6 4 6 4 2 
139	2 5 15 6 2 3 0 0 7 4 6 2 6 4 9 1 0 0 7 4 6 4 9 1 0 7 4 6 4 9 1 0 7 4 6 4 9 1 0 7 4 6 4 6 4 9 1 0 0 7 4 6 4 6 4 9 1 0 0 2 
140	4 5 15 6 2 6 2 6 4 6 2 6 4 6 4 3 0 0 0 0 0 3 0 0 7 4 3 1 4 5 13 14 2 5 0 0 0 0 10 3 1 8 0 0 3 0 0 4 5 4 5 24 0 10 2 5 2 1 4 5 0 4 5 2 1 13 14 4 5 0 0 0 0 0 10 8 1 10 11 4 5 0 0 8 0 0 8 0 0 3 0 0 9 0 2 
141	2 5 2 2 5 2 0 2 5 15 3 2 0 0 15 6 2 3 1 0 15 6 2 6 4 3 1 0 0 15 6 2 3 1 0 15 6 2 3 1 0 15 6 2 3 1 0 7 6 2 3 1 0 7 6 2 6 4 2 5 2 2 0 0 0 0 3 0 0 7 6 2 4 5 0 2 5 2 0 13 14 4 5 0 0 0 10 3 0 0 2 0 0 0 3 0 0 7 6 2 3 0 2 0 7 6 2 3 0 0 7 2 9 0 7 2 2 5 2 13 14 4 5 0 0 0 10 3 1 0 0 1 8 0 0 3 1 9 1 2 
142	7 2 6 2 6 2 2 5 1 2 5 1 0 0 9 2 7 4 6 2 6 2 9 0 0 1 0 0 7 2 6 2 9 0 0 7 4 9 0 7 2 6 2 2 
143	7 2 6 2 6 2 2 
144	4 5 4 5 4 5 4 5 4 5 4 5 4 5 2 5 2 0 2 5 2 0 2 5 2 5 15 6 2 3 0 1 15 6 2 6 4 3 0 1 3 0 0 15 6 2 6 4 3 0 0 1 0 3 0 0 15 6 2 6 4 6 4 3 0 0 1 0 3 0 0 3 0 0 15 6 2 6 2 3 0 1 3 0 0 3 0 0 15 6 2 6 2 6 4 3 0 1 3 0 0 3 0 0 3 0 0 15 6 2 6 2 3 0 0 1 0 3 0 0 3 0 0 15 6 2 6 2 6 4 3 0 0 1 0 3 0 0 3 0 0 3 0 0 7 2 9 0 7 4 9 0 7 2 9 0 7 4 9 0 7 2 9 0 7 2 2 5 2 22 0 12 3 1 11 12 3 1 11 12 3 1 0 0 11 12 3 1 0 11 8 0 3 1 0 8 0 3 1 9 1 2 
145	2 5 16 2 5 4 5 4 5 4 5 4 5 15 6 2 3 0 1 0 7 2 9 7 2 9 7 4 9 0 7 4 7 6 4 3 0 0 7 2 6 2 2 5 1 0 8 0 9 9 2 0 0 1 1 7 2 6 2 6 4 2 5 2 3 1 1 0 2 5 2 0 1 0 2 5 2 3 1 1 2 5 2 1 8 1 3 1 0 3 1 0 2 5 2 0 3 1 0 3 1 1 1 1 3 1 0 2 5 1 2 5 2 3 1 0 0 2 5 1 1 0 0 3 1 0 3 1 0 2 5 2 4 5 1 0 4 5 0 1 0 0 3 1 0 3 1 0 0 3 1 0 3 1 1 1 1 3 1 0 3 1 1 1 8 1 9 0 9 0 2 15 6 2 3 0 0 7 2 9 0 7 2 6 2 9 2 0 7 6 2 3 1 1 7 2 6 2 2 5 2 8 1 1 0 10 3 1 1 3 1 3 1 1 3 1 1 1 9 1 7 4 6 2 8 0 2 9 2 5 2 0 9 1 1 0 1 0 7 4 9 1 1 1 2 
146	2 5 2 5 4 5 4 5 4 5 4 5 4 5 4 5 4 5 4 0 15 6 2 6 2 6 2 6 4 3 0 3 0 0 3 0 0 3 0 0 3 0 1 13 14 4 5 0 0 0 3 0 0 1 1 0 0 7 6 2 3 1 3 1 0 0 7 4 6 2 6 4 4 5 1 4 5 0 0 8 0 0 10 8 0 10 3 0 10 9 3 0 0 0 9 7 4 9 0 7 4 3 0 8 0 0 10 8 0 10 3 0 10 9 3 0 0 0 9 7 4 4 5 0 0 7 4 6 4 13 14 0 0 0 0 10 8 0 0 0 10 3 0 0 0 9 4 5 1 0 8 0 10 3 0 3 0 3 0 0 0 1 3 0 0 1 10 3 0 0 9 0 7 2 6 4 2 5 2 1 2 5 2 4 5 18 0 0 10 8 0 0 0 3 0 0 0 3 0 8 0 10 18 1 10 8 1 0 10 3 0 1 3 1 3 1 1 1 0 3 1 1 0 9 0 7 2 9 0 2 
147	4 5 4 5 4 5 2 5 15 6 4 3 0 2 0 15 6 4 6 2 3 0 0 3 0 0 7 6 4 6 4 8 0 10 3 0 8 1 0 0 0 10 3 1 2 0 0 7 4 9 0 7 2 2 5 2 1 3 0 0 2 1 4 5 0 0 0 0 9 2 0 0 0 2 
148	4 5 2 5 4 5 7 4 9 0 7 6 4 3 0 0 15 6 4 6 2 6 4 3 0 0 3 0 0 3 0 0 2 2 2 
149	15 6 2 6 2 6 4 3 0 2 0 0 0 7 6 4 6 4 8 0 10 3 0 3 1 2 0 0 7 2 2 5 2 0 2 5 2 1 3 0 0 1 2 1 9 2 0 0 1 1 2 
150	2 5 15 6 4 6 2 6 2 6 4 3 0 0 0 3 0 0 2 
151	7 2 7 4 7 4 7 6 4 7 2 6 2 7 2 6 2 6 4 2 2 2 
152	15 6 2 3 0 7 2 6 2 9 2 0 1 7 4 6 2 8 0 2 9 25 0 9 2 
153	2 5 2 5 2 5 2 5 4 5 4 5 15 6 2 6 2 3 3 0 0 3 0 1 3 0 1 4 5 1 0 4 5 1 0 4 5 0 8 0 10 3 0 0 8 0 10 3 0 1 0 0 3 0 1 1 0 3 0 1 3 0 1 0 3 1 1 2 1 0 7 4 6 2 8 0 1 10 2 5 1 8 1 0 10 9 1 0 0 0 3 0 9 7 4 9 7 4 9 0 4 5 4 5 7 4 6 2 6 4 6 2 6 4 4 5 0 13 14 4 5 0 0 0 10 4 5 0 1 4 5 0 1 8 0 10 4 5 4 5 0 18 0 1 0 10 4 5 1 0 8 0 0 0 0 10 3 0 10 8 0 0 10 9 3 0 8 0 10 9 8 0 0 10 11 8 1 0 0 10 23 8 1 0 0 10 3 0 13 14 4 5 1 0 0 0 10 8 1 0 0 0 0 10 9 11 8 1 0 1 0 10 11 9 7 3 25 3 0 3 0 3 0 2 
154	2 5 16 15 6 4 3 1 0 7 4 6 2 6 2 2 5 2 0 2 5 2 0 8 1 1 10 8 1 1 10 8 1 1 10 9 0 0 10 9 1 1 10 9 1 1 10 9 1 1 2 16 2 5 2 5 4 5 4 5 15 6 2 6 4 3 0 0 3 0 0 7 4 3 0 0 8 0 10 8 1 1 1 1 3 0 9 0 7 4 6 4 3 0 0 8 0 10 8 1 1 1 1 3 0 9 0 7 4 9 1 7 4 9 1 7 4 9 1 7 2 9 1 0 2 15 6 2 6 2 3 0 0 3 0 1 3 0 1 3 0 2 0 13 14 4 5 0 0 0 10 3 2 0 0 1 0 0 7 4 8 0 10 3 1 3 0 8 0 10 8 0 10 18 0 10 4 5 3 1 3 0 18 0 1 1 10 3 0 8 0 9 3 1 3 0 8 1 9 8 0 1 10 3 0 1 8 0 10 3 1 10 3 0 1 1 8 0 10 7 4 6 4 3 1 13 14 2 5 0 0 0 0 0 10 8 0 10 3 1 3 0 3 0 1 1 0 8 0 10 3 1 8 0 10 9 9 7 2 9 2 1 7 4 9 1 1 7 4 9 1 1 7 4 9 1 7 2 9 1 0 0 1 1 1 7 6 4 13 14 4 5 0 0 1 0 10 2 5 2 1 0 8 0 8 0 10 7 6 2 3 0 0 3 0 0 3 0 7 3 0 0 3 0 0 3 0 7 3 0 0 18 1 10 3 1 2 1 7 4 3 0 0 4 5 18 1 10 2 5 2 1 3 1 0 8 0 0 10 3 0 10 9 1 17 2 7 3 1 7 13 14 2 5 0 0 0 0 10 7 4 9 1 1 1 1 0 1 7 4 4 5 1 1 1 9 0 0 0 7 4 4 5 13 14 4 5 0 1 0 10 4 5 2 1 0 8 0 0 9 3 0 0 9 2 
155	2 5 4 5 15 6 2 6 4 3 0 0 3 0 0 7 2 9 0 7 4 9 0 7 2 9 1 7 2 9 1 7 2 6 2 2 5 2 3 1 3 1 1 0 3 1 3 1 0 3 1 3 1 1 1 9 1 7 6 2 3 1 0 7 2 6 2 9 2 2 5 1 0 7 4 8 1 0 9 9 7 4 6 4 8 1 0 9 9 7 4 9 1 7 4 9 1 7 4 9 1 7 2 9 1 7 2 6 2 2 5 2 5 2 1 0 8 0 0 10 3 0 2 1 3 0 0 8 0 10 10 7 4 6 2 8 0 9 8 0 2 9 2 5 2 0 9 0 0 0 1 0 1 1 7 4 4 5 1 3 0 1 1 0 9 0 2 
156	2 5 4 5 4 5 2 5 15 6 2 6 4 6 4 3 0 2 0 13 14 4 5 0 0 0 10 2 5 0 0 3 0 1 3 0 1 0 3 0 0 3 0 0 7 2 9 2 1 2 1 7 4 9 0 7 4 9 0 7 2 9 0 7 2 2 5 2 2 5 1 18 1 10 2 5 2 1 3 1 1 9 0 7 6 2 2 5 1 18 1 10 2 5 2 1 3 1 0 7 2 6 2 2 5 2 3 1 2 5 1 18 1 10 2 5 2 1 3 1 1 0 8 1 10 3 1 3 1 3 1 0 3 1 3 1 0 3 1 3 1 1 1 9 1 7 2 6 2 9 1 0 2 1 9 2 1 9 2 0 7 2 6 2 2 5 13 14 4 5 0 1 0 10 2 5 2 1 0 2 5 2 1 0 8 0 3 0 2 1 3 1 0 0 8 0 10 10 7 4 6 2 8 0 9 8 0 2 9 2 5 2 0 8 0 0 9 8 0 0 9 8 1 0 9 9 1 1 7 4 4 5 3 0 1 3 0 1 1 3 0 0 3 0 0 9 0 2 
157	2 5 2 5 15 6 2 6 2 3 0 0 3 0 0 8 1 1 1 17 2 7 2 9 0 7 2 9 0 7 2 9 1 7 2 9 1 7 6 2 3 1 0 7 2 6 2 2 5 2 3 1 3 1 1 0 3 1 3 1 1 0 3 1 3 1 1 1 9 1 7 2 6 2 9 2 2 5 1 0 4 5 2 5 1 0 4 5 1 7 4 3 0 1 18 0 0 10 3 0 1 1 9 0 7 4 6 4 3 0 1 0 8 0 9 7 4 9 1 7 4 9 1 7 4 9 1 7 2 9 1 7 2 6 2 2 5 2 5 2 1 0 8 0 0 10 3 0 2 1 3 0 0 2 5 2 1 0 8 0 0 10 8 0 3 0 2 1 3 0 0 8 0 10 10 7 4 6 2 8 0 9 8 0 2 9 2 5 2 0 9 0 1 0 0 1 0 1 1 7 4 4 5 1 3 0 1 3 0 1 1 9 0 2 
158	2 5 2 5 15 6 2 3 0 2 0 13 14 4 5 0 0 0 10 2 5 0 0 3 0 1 3 0 1 0 7 2 9 2 1 2 1 7 2 9 0 7 2 2 5 2 2 5 1 18 1 10 2 5 2 1 3 1 1 9 0 7 6 2 2 5 1 18 1 10 2 5 2 1 3 1 0 7 2 6 2 2 5 13 14 4 5 0 1 0 10 2 5 2 1 0 2 5 2 1 0 8 0 3 0 2 1 3 1 0 0 8 0 10 10 7 2 6 2 2 5 2 3 1 2 5 1 18 1 10 2 5 2 1 3 1 1 0 8 1 10 3 1 3 1 3 1 1 1 9 1 7 4 6 2 8 0 9 8 0 1 1 9 2 5 2 0 8 1 0 9 8 1 0 9 9 1 1 7 4 4 5 1 3 0 0 0 3 0 1 1 9 0 16 15 6 4 3 1 0 7 4 6 2 6 2 2 5 2 0 2 5 2 0 8 1 1 10 8 1 1 10 9 1 1 10 9 1 1 10 9 1 1 2 7 2 6 2 9 2 1 9 2 2 5 2 1 2 5 2 1 4 5 7 4 13 14 4 5 0 1 0 10 2 5 2 1 0 3 0 9 1 9 3 1 9 9 1 7 2 9 2 1 7 4 6 4 8 0 10 13 14 4 5 0 1 0 10 2 5 2 1 0 3 0 10 18 1 1 1 0 10 8 1 1 0 10 3 1 10 3 1 1 9 1 7 4 9 1 1 7 4 9 1 1 7 4 9 1 1 7 2 9 0 1 1 1 1 2 
159	7 2 6 2 7 2 7 2 7 2 6 2 9 2 0 2 
160	7 4 7 4 6 4 7 4 7 4 7 4 
161	2 5 2 5 4 5 4 5 4 5 4 5 4 5 4 5 15 6 2 6 2 6 2 6 4 3 0 3 0 0 3 0 0 3 0 0 3 0 1 3 0 7 4 8 0 10 3 0 1 3 0 9 1 7 4 6 4 8 0 10 3 0 1 0 3 0 8 0 10 9 3 0 1 0 9 1 7 4 8 0 10 9 3 0 1 3 0 18 0 0 1 10 4 5 1 1 3 0 1 1 0 3 0 1 9 0 0 7 4 9 0 7 4 7 2 6 4 2 5 2 3 1 0 4 5 1 0 0 3 1 1 1 0 3 1 0 9 0 2 
162	2 5 15 6 2 3 0 0 7 2 9 0 7 2 9 1 7 2 2 5 2 3 1 0 9 0 7 6 2 3 1 0 7 2 6 2 2 5 2 8 1 1 0 3 1 1 3 1 1 3 1 1 1 9 1 7 4 6 2 8 0 2 9 2 5 2 0 9 1 1 0 1 0 7 4 9 1 1 1 7 2 6 2 9 2 2 5 1 0 4 5 4 5 4 5 4 5 7 4 8 0 0 10 8 1 10 3 0 0 9 3 0 1 3 0 1 3 0 3 0 1 3 0 9 7 4 6 4 8 0 0 10 9 8 1 0 10 3 0 0 9 3 0 1 3 0 1 3 0 3 0 1 3 0 9 7 4 9 0 7 4 9 0 7 4 9 0 7 2 9 1 0 0 0 0 0 2 
163	2 5 4 5 4 5 4 5 4 5 2 5 2 5 15 6 2 6 2 3 0 1 0 3 0 0 3 0 2 3 1 0 3 0 0 1 0 1 0 0 7 2 9 0 7 4 9 0 7 4 7 6 4 3 0 0 7 2 6 2 9 2 1 0 0 1 1 7 2 6 2 6 4 2 5 2 3 1 1 0 2 5 2 1 2 5 2 2 5 1 18 1 10 2 5 2 1 3 1 1 3 1 3 1 1 0 8 1 10 3 1 2 5 2 0 0 0 2 5 2 3 1 1 2 5 2 1 1 8 1 1 3 1 0 3 1 0 2 5 2 0 3 1 0 3 1 1 1 1 3 1 0 2 5 2 3 1 0 1 0 0 2 5 1 1 0 0 3 1 0 3 1 0 2 5 2 4 5 1 0 4 5 0 1 0 0 3 1 0 3 1 0 0 3 1 0 3 1 1 1 1 3 1 0 3 1 1 1 8 1 9 0 9 0 2 
164	4 5 0 4 5 7 4 8 0 0 3 1 9 0 0 7 6 4 6 4 6 4 8 0 0 10 3 0 0 0 4 1 4 5 1 3 1 0 3 1 0 0 0 3 0 7 4 5 0 0 4 5 0 0 3 0 1 3 0 4 0 0 8 0 17 2 8 0 3 1 0 0 3 0 0 3 0 7 6 4 6 4 6 4 7 4 9 0 0 7 6 4 8 0 0 0 0 0 10 10 3 0 0 3 0 3 1 0 7 6 4 7 2 2 5 2 25 8 0 10 3 0 4 0 3 1 0 0 0 9 0 2 
165	4 5 4 5 4 0 7 6 4 8 0 0 3 1 3 0 0 0 7 6 4 6 4 4 5 0 0 8 0 0 10 3 1 0 0 0 0 3 0 0 8 0 0 3 1 10 8 0 0 10 8 0 3 1 3 1 0 0 3 0 0 10 4 5 18 0 0 10 3 0 0 0 0 0 0 0 3 1 0 0 0 0 0 3 0 0 3 0 0 3 0 0 0 8 0 10 3 1 3 0 0 7 3 1 0 0 3 0 0 3 0 7 6 4 6 4 7 3 1 7 4 9 0 0 7 6 4 3 1 3 0 0 7 4 2 
166	7 2 7 4 6 2 7 4 6 2 7 6 2 7 6 2 7 6 2 6 2 7 4 6 2 7 2 6 2 7 2 6 2 7 2 6 2 7 
167	2 5 2 4 5 7 6 4 3 0 0 7 4 9 0 2 5 1 1 2 5 19 2 5 1 1 2 3 0 1 0 20 21 17 2 1 0 20 21 19 3 0 1 1 2 20 21 17 2 1 0 2 5 19 3 0 1 20 21 17 2 1 0 4 5 7 2 6 2 6 4 9 1 2 0 0 7 2 6 2 6 4 3 0 2 1 2 5 26 0 3 0 2 1 0 8 0 10 19 3 0 2 1 20 21 17 2 1 0 3 1 0 0 3 1 0 0 8 0 10 3 1 26 0 3 0 9 0 2 5 4 5 2 5 7 6 2 6 4 3 0 0 8 0 10 3 0 0 10 3 0 2 0 8 1 10 8 1 17 2 1 8 1 10 17 2 1 8 0 10 3 1 8 1 17 2 0 7 8 1 8 1 17 2 0 8 1 17 2 0 8 0 17 2 1 13 14 4 5 0 0 0 10 2 5 2 0 0 0 8 1 17 2 0 3 0 1 8 0 17 2 1 13 14 4 5 0 0 0 10 8 0 0 1 0 23 2 5 2 0 0 0 8 1 17 2 0 7 2 9 1 7 4 6 2 2 5 2 0 0 9 1 7 4 6 2 2 5 2 0 0 9 1 7 4 6 2 6 2 2 5 2 0 0 9 1 7 6 2 2 5 2 0 0 3 1 1 7 4 6 2 2 5 2 0 0 9 1 7 6 2 2 5 2 0 0 8 1 17 2 0 7 6 2 6 2 2 5 2 0 0 2 5 2 0 0 8 1 8 1 17 2 0 8 1 0 10 2 2 2 5 2 2 2 5 19 3 0 2 0 3 0 2 0 8 0 10 3 0 4 4 5 18 0 1 0 10 3 1 0 0 3 1 20 21 2 5 2 0 0 3 1 0 17 0 8 0 10 19 3 1 20 21 17 2 1 0 8 0 10 19 3 1 20 21 17 2 1 0 7 2 6 2 2 5 2 0 0 17 2 0 9 2 0 7 2 6 2 9 2 2 0 0 4 5 7 2 6 2 2 5 1 3 1 3 1 0 2 5 2 0 1 9 2 7 4 8 0 9 8 1 10 8 1 10 17 2 0 9 1 7 8 0 9 3 1 7 4 8 0 9 9 1 7 2 9 0 7 2 19 3 0 1 20 21 17 2 1 0 4 5 26 0 3 0 1 1 2 5 2 3 1 13 14 4 5 0 0 0 10 4 5 0 0 3 1 0 0 3 1 0 0 9 0 7 8 0 10 26 0 3 1 0 7 2 9 0 7 2 9 1 1 0 2 16 16 4 5 15 6 2 6 2 3 0 0 2 2 5 4 5 4 5 15 6 2 3 0 2 0 3 0 1 7 6 4 6 4 6 4 26 0 4 5 1 8 0 0 10 3 1 0 3 0 0 4 5 24 0 0 10 4 5 1 0 0 0 0 0 8 0 17 2 3 0 0 3 0 0 7 8 0 3 1 7 6 4 7 4 9 0 7 7 2 2 5 2 25 3 0 9 0 7 4 9 1 1 2 16 2 5 15 6 2 3 0 2 0 7 6 4 6 4 3 1 0 0 7 3 25 3 1 7 6 4 3 25 0 3 1 0 7 4 9 1 7 2 
168	7 4 7 6 4 6 4 6 4 7 4 9 1 1 1 1 7 4 4 5 1 4 5 0 13 14 4 5 0 0 10 3 0 1 3 0 0 0 9 0 7 4 9 4 1 1 7 4 4 5 1 4 5 0 13 14 4 5 0 0 10 3 0 1 3 0 0 0 9 0 7 2 4 5 1 8 0 0 0 3 0 4 0 3 1 0 0 9 2 0 0 7 6 4 6 4 6 4 4 5 0 0 13 14 4 5 0 0 0 0 10 4 5 1 8 0 3 0 0 4 0 8 0 10 3 0 0 4 0 1 3 0 0 4 0 1 1 7 7 4 7 6 4 7 4 7 2 2 5 19 3 0 2 25 20 21 3 0 9 0 2 
169	7 6 4 7 6 4 6 4 7 6 4 3 1 4 0 3 1 4 0 3 1 4 0 3 1 4 0 7 6 4 18 0 10 3 1 4 0 3 0 3 1 4 0 7 6 4 3 1 4 0 3 1 4 0 7 6 4 18 0 10 3 1 4 0 3 0 3 1 4 0 7 6 2 4 5 1 3 1 0 3 1 0 0 7 6 2 6 4 6 4 4 5 0 0 13 14 4 5 0 0 0 0 10 4 5 4 1 0 8 0 0 3 1 4 0 8 0 0 0 10 3 1 4 0 3 1 4 0 10 3 1 4 0 3 1 4 0 3 1 4 0 7 7 7 4 7 6 4 7 4 
170	4 5 7 4 7 4 6 4 4 5 1 4 5 4 0 0 4 5 18 0 10 8 0 0 10 17 2 1 19 3 1 0 20 21 17 2 1 3 0 1 9 0 7 7 4 16 2 5 4 5 15 6 2 6 4 3 0 0 3 0 0 7 2 7 2 4 5 19 3 0 1 0 9 1 8 0 3 1 
171	16 2 5 4 5 15 6 2 3 0 1 3 0 1 1 0 0 7 4 9 1 7 6 4 6 4 6 4 3 1 0 0 0 7 4 9 1 7 6 4 3 1 4 0 7 4 9 0 7 2 2 5 2 25 3 0 1 9 0 7 2 16 2 5 4 5 4 5 4 5 15 6 2 6 4 3 0 1 3 0 0 8 0 17 2 0 8 0 0 0 17 2 1 4 5 4 0 0 8 0 0 0 3 0 3 0 2 0 3 0 4 0 4 5 2 5 1 13 14 4 5 0 0 0 10 4 5 0 0 0 0 4 0 0 3 0 0 1 0 0 0 3 0 0 0 3 0 0 3 1 7 4 8 0 10 3 0 3 1 3 0 0 0 3 0 9 1 7 6 4 6 4 6 4 18 0 0 10 3 1 0 0 0 3 0 0 3 0 0 3 0 3 1 3 0 0 0 3 1 0 0 0 3 0 0 7 4 9 0 4 0 1 7 6 4 3 0 4 0 0 3 0 0 0 4 5 4 0 0 0 3 1 0 3 0 0 0 0 7 4 9 0 7 2 2 5 2 25 3 0 2 0 13 14 4 5 0 0 0 10 3 0 0 0 0 1 19 3 1 1 20 21 2 5 2 0 3 1 0 17 0 9 0 7 2 4 5 0 7 2 6 2 2 5 2 1 0 2 5 2 0 19 9 1 0 2 2 0 2 2 0 0 3 1 2 
172	2 5 2 15 15 6 2 3 0 15 6 2 6 4 2 5 1 4 5 4 0 13 14 4 5 0 0 0 10 2 5 1 0 0 2 5 1 0 0 4 5 1 4 5 18 0 0 10 4 5 0 0 0 4 0 0 0 3 1 0 0 3 1 0 0 3 0 0 3 1 3 1 8 0 3 1 15 6 2 3 1 0 15 6 2 3 1 0 7 2 2 5 2 1 4 5 2 5 1 18 1 3 0 0 2 1 9 0 7 4 6 2 2 5 2 1 0 9 0 7 4 6 2 2 5 2 1 0 9 0 7 6 2 2 5 2 1 0 4 5 5 1 24 0 0 10 19 3 1 20 21 3 0 1 3 0 0 7 4 6 2 2 5 2 1 0 9 0 7 6 2 3 1 0 7 6 2 6 2 2 5 2 1 0 3 1 0 3 1 0 0 7 2 6 2 2 5 2 3 1 0 0 9 2 0 7 2 6 2 2 5 2 1 0 9 2 0 7 2 6 2 9 2 7 4 26 0 8 1 0 10 3 1 1 0 9 9 7 3 1 0 7 4 9 1 0 7 2 
173	2 5 2 4 5 4 5 1 
174	2 5 4 5 4 5 15 6 2 3 0 0 3 0 0 7 6 4 6 4 6 4 4 5 0 4 5 0 18 0 10 4 5 4 0 0 4 5 4 0 0 4 5 0 0 4 5 0 0 0 0 4 5 4 1 0 3 1 0 0 0 0 0 3 0 0 3 0 0 3 0 0 3 0 0 7 7 6 4 3 0 0 7 4 9 0 2 2 
175	2 5 4 5 15 3 2 15 6 2 3 0 0 7 6 2 3 1 4 5 0 4 5 4 5 18 0 0 10 4 5 0 4 5 0 0 3 0 4 0 0 3 1 4 1 0 0 3 0 0 7 19 3 1 17 2 1 20 21 3 0 7 6 4 6 4 4 5 4 5 18 0 0 10 4 5 4 0 0 4 5 4 0 0 4 5 0 0 4 5 0 0 4 5 0 0 0 0 8 0 1 10 3 0 4 0 3 1 0 10 3 0 4 1 0 3 1 0 0 0 0 0 3 0 0 3 0 0 8 0 0 3 0 0 3 0 1 7 3 25 7 6 4 3 25 0 3 0 0 7 4 9 0 2 
176	4 5 4 5 4 5 15 6 4 3 0 0 3 0 4 0 7 6 4 3 0 0 0 3 0 7 6 4 3 0 0 0 3 0 7 4 6 4 9 0 0 0 7 4 9 0 7 4 8 0 10 4 5 4 5 0 13 14 4 5 0 0 0 3 0 0 9 0 7 6 2 6 2 2 5 1 0 19 3 1 15 6 2 6 2 2 5 1 0 19 3 1 
177	2 5 4 5 4 5 7 4 6 2 6 2 7 6 4 3 0 4 5 0 3 0 2 0 3 0 0 7 6 2 3 0 3 0 0 0 3 1 7 4 6 2 8 0 0 10 3 1 0 9 8 0 1 0 1 10 3 0 0 3 1 9 9 7 2 8 0 9 0 9 7 2 8 0 10 3 0 9 0 9 7 3 1 7 4 9 0 7 13 14 4 5 0 0 0 3 0 0 3 0 7 4 5 0 4 5 0 18 0 1 0 0 0 10 3 0 0 3 0 0 7 4 5 4 5 0 8 0 0 1 0 0 0 0 10 3 0 0 18 0 0 1 0 0 0 10 3 0 0 3 0 0 3 0 0 8 0 0 1 0 0 0 0 10 3 0 0 
178	7 4 6 4 6 4 6 4 4 5 0 0 4 5 1 0 4 5 0 0 8 0 0 10 9 0 8 0 0 10 10 9 4 0 0 7 4 6 4 6 4 6 4 8 0 9 4 5 0 0 3 0 0 9 1 0 7 4 6 4 4 5 1 0 4 5 0 8 0 10 9 0 4 4 8 0 10 9 9 4 0 7 4 6 4 8 0 9 4 5 0 3 0 9 1 0 7 4 6 4 4 5 1 0 4 5 0 8 0 10 9 0 4 4 8 0 10 9 9 4 0 7 4 6 4 8 0 9 4 5 0 3 0 9 1 0 
179	7 4 6 2 6 2 4 5 1 4 5 1 4 5 0 0 0 0 13 14 4 5 0 0 0 10 8 1 0 1 0 10 9 0 9 0 15 
180	7 2 6 4 8 0 10 9 1 0 9 
