0	13 11 5 4 3 0 10 1 15 4 1 1 6 4 8 4 1 0 6 4 8 4 1 0 6 2 8 1 0 6 2 8 1 0 6 2 8 1 0 6 2 8 1 0 6 2 8 1 0 6 2 8 1 0 6 2 8 1 0 6 2 10 15 4 8 2 1 0 6 2 10 15 4 8 2 1 0 6 2 10 15 4 8 2 1 0 6 4 8 4 1 0 6 4 8 4 1 0 6 2 10 15 4 8 2 1 0 4 
1	13 4 7 11 3 11 5 4 3 0 11 5 4 3 3 0 0 11 5 4 5 4 3 0 3 0 0 6 4 8 0 4 
2	13 4 7 11 3 11 5 4 3 0 11 5 4 3 3 0 0 11 5 4 5 4 3 0 3 0 0 6 4 8 0 4 
3	13 11 3 11 5 4 3 0 11 5 4 3 0 11 5 4 5 4 3 0 0 4 
4	13 11 3 11 5 4 3 0 11 5 4 3 0 11 5 4 5 4 3 0 0 4 
5	13 11 3 11 5 4 3 0 11 5 4 3 0 11 5 4 5 4 3 0 0 4 
6	13 2 7 6 2 8 0 2 7 6 2 8 0 4 7 6 4 8 0 11 5 2 5 2 5 2 5 2 3 0 0 10 0 9 3 0 1 0 0 0 8 2 7 0 3 0 1 4 0 0 3 0 0 24 0 16 0 9 3 0 4 1 4 0 0 14 16 0 9 2 7 1 4 0 0 3 0 0 2 7 1 4 0 0 3 0 1 0 0 14 16 0 9 2 7 0 0 2 7 0 1 4 0 0 3 0 0 19 0 0 0 0 3 0 3 0 4 0 0 0 0 14 16 9 2 7 2 0 17 18 2 7 0 0 0 3 0 0 0 0 0 3 0 0 14 6 4 5 2 5 2 5 2 2 7 0 2 7 1 4 0 0 3 0 0 4 7 4 0 2 17 18 2 7 0 0 0 9 4 7 4 1 4 0 0 3 0 0 2 7 1 4 0 0 3 0 0 2 7 0 19 0 0 0 3 0 4 7 4 0 0 0 3 0 0 3 1 0 0 8 0 6 2 5 2 5 2 15 4 
7	13 2 7 2 2 2 2 7 2 2 2 6 4 8 0 6 4 8 0 4 7 6 4 8 0 4 7 6 4 8 0 2 7 6 2 8 0 4 7 6 4 8 0 11 11 5 4 10 1 0 9 2 7 1 2 7 2 0 3 1 0 0 3 1 0 0 15 4 11 5 2 5 2 5 2 10 1 0 0 0 3 1 0 0 0 15 4 11 5 2 3 0 0 6 2 5 4 2 7 10 1 15 4 1 1 3 1 0 2 7 2 0 2 7 1 0 1 0 1 2 7 1 0 0 3 1 8 0 6 2 5 2 5 2 5 2 4 7 4 0 0 3 0 0 10 1 1 0 8 4 7 4 0 0 3 0 0 10 1 1 0 8 4 7 4 0 0 3 0 0 4 7 4 0 0 3 0 0 4 7 4 0 0 3 0 0 10 1 8 8 6 5 2 5 2 5 2 3 0 4 0 0 3 0 0 3 0 4 0 0 3 0 0 3 0 4 0 0 3 0 0 3 0 4 0 0 3 0 0 3 0 1 4 0 0 3 0 0 3 0 4 17 18 2 7 0 0 0 9 4 7 4 0 0 3 0 0 0 3 1 0 6 2 8 1 4 1 0 6 2 8 1 4 1 0 6 4 8 1 1 6 4 5 2 8 1 1 0 6 2 5 2 8 1 1 0 6 2 8 1 1 6 4 10 0 15 4 0 8 4 1 
8	13 6 4 5 4 4 7 4 0 10 1 8 4 0 10 1 8 4 0 8 0 
9	13 4 7 4 7 6 4 8 0 2 7 6 2 8 0 2 7 6 2 8 0 2 7 6 2 8 0 4 7 6 4 8 0 11 5 2 5 2 3 0 4 0 0 3 0 0 3 0 1 4 0 0 3 0 0 3 0 1 4 0 0 3 0 0 3 0 1 4 0 0 3 0 0 3 0 4 0 17 18 2 7 0 0 0 9 2 7 1 4 0 0 3 0 0 2 7 1 4 0 0 3 0 0 2 7 10 0 0 3 0 0 0 0 3 0 1 4 0 0 0 0 3 0 0 4 0 0 0 0 0 3 0 4 1 6 4 5 2 3 0 17 18 2 7 0 0 0 10 0 0 0 1 8 0 0 1 3 0 8 6 2 5 2 4 7 4 1 0 10 0 8 1 8 2 7 6 2 8 0 6 4 5 2 4 7 10 0 3 0 4 1 4 0 10 0 3 0 1 1 1 0 10 0 3 0 0 8 0 
10	13 4 7 11 5 4 3 0 0 6 4 8 1 6 4 8 1 6 4 8 1 6 4 8 1 6 2 8 1 6 4 8 1 6 2 8 1 6 2 8 1 6 4 8 1 4 
11	13 11 5 4 3 0 10 1 15 4 1 1 6 4 8 4 1 0 6 4 8 4 1 0 6 4 8 4 1 0 6 4 8 4 1 0 6 4 8 4 1 0 6 4 8 4 1 0 6 4 8 4 1 0 6 4 8 4 1 0 6 4 8 4 1 0 6 4 8 4 1 0 6 4 8 4 1 0 6 4 8 4 1 0 6 2 8 1 0 6 2 8 1 0 6 2 8 1 0 6 2 10 15 4 8 2 1 0 6 4 8 4 1 0 6 2 8 1 0 4 
12	13 11 3 11 5 4 3 0 11 5 4 3 0 11 5 4 5 4 3 0 0 4 
13	13 6 2 5 2 5 2 10 0 0 8 17 18 2 7 0 0 0 10 0 0 0 0 8 8 6 5 2 5 2 5 2 5 2 5 2 17 18 2 7 0 0 0 3 0 0 0 0 0 0 6 2 5 2 2 7 17 18 2 7 0 0 0 3 0 0 0 0 2 7 2 0 2 7 17 18 2 7 0 0 0 17 18 2 7 0 0 0 0 0 3 0 0 0 0 0 8 0 6 2 5 2 5 2 5 2 2 7 2 0 3 1 0 0 0 0 8 0 2 7 6 4 5 2 5 2 2 7 2 0 2 0 2 7 0 2 7 0 0 8 4 0 
14	13 11 5 2 5 2 3 0 0 2 7 6 2 8 0 4 
15	13 11 5 2 5 2 3 0 0 2 7 6 2 8 0 6 2 5 2 5 2 4 7 4 3 0 4 0 0 3 0 4 0 0 0 3 0 4 0 0 0 3 0 4 0 0 0 3 0 4 0 0 0 3 0 4 0 0 0 3 0 4 0 0 0 3 0 4 0 0 0 3 0 4 0 0 0 3 0 4 0 0 0 3 0 4 0 0 0 2 7 17 18 2 7 0 0 0 3 0 0 0 1 0 3 0 2 0 2 7 17 18 2 7 0 0 0 9 2 7 0 0 1 17 18 2 7 0 0 0 3 0 0 0 0 8 0 4 
16	13 11 5 2 5 2 3 0 0 2 7 6 2 8 0 6 2 2 7 2 7 1 17 18 2 7 0 0 0 9 2 7 0 0 3 0 0 0 8 0 4 
17	13 2 7 11 5 2 5 2 3 1 0 0 6 2 8 0 6 2 5 2 5 2 2 7 1 3 0 2 0 17 18 2 7 0 0 0 3 0 0 0 0 0 0 8 0 6 2 
18	13 11 5 2 5 2 3 0 0 2 7 6 2 8 0 4 
19	13 2 7 2 7 2 7 2 7 2 7 2 7 2 7 2 7 2 7 2 7 2 7 2 7 2 7 2 7 2 7 2 7 2 7 2 7 2 7 2 7 2 7 2 7 2 7 2 7 2 7 2 7 2 7 2 7 2 7 2 7 2 7 2 7 2 7 4 7 4 7 11 5 2 5 2 3 0 0 6 4 5 2 5 4 8 1 4 0 0 6 4 5 2 8 1 4 0 6 4 10 0 9 4 7 4 2 3 1 0 3 1 0 3 1 0 3 1 0 3 1 0 3 1 0 3 1 0 3 1 0 3 1 0 3 1 0 3 1 0 3 1 0 3 1 0 3 1 0 3 1 0 3 1 0 3 1 0 3 1 0 3 0 0 8 0 6 4 10 0 9 4 7 4 2 3 1 0 3 1 0 3 1 0 3 1 0 3 1 0 3 1 0 3 1 0 3 1 0 3 1 0 3 1 0 3 1 0 3 1 0 3 1 0 3 1 0 3 1 0 3 0 0 8 0 6 5 4 4 7 1 4 7 1 3 1 0 3 1 0 4 
20	13 2 7 2 2 2 2 2 2 2 2 2 2 2 2 2 2 2 2 2 2 7 2 2 2 2 2 2 2 2 2 2 2 2 2 2 2 2 2 4 7 4 7 6 4 10 0 9 4 7 4 3 1 0 1 3 1 0 1 3 0 0 8 0 6 4 5 2 5 2 4 7 4 1 1 0 10 0 8 0 9 4 7 4 1 0 10 0 8 0 8 0 6 4 5 2 8 4 25 4 0 6 4 5 4 8 1 2 0 6 4 5 2 5 4 8 25 4 0 0 6 4 5 4 5 4 8 1 2 0 4 0 4 
21	13 4 7 2 7 11 5 4 10 0 9 3 0 0 9 3 1 6 20 4 7 4 4 0 4 7 1 4 7 1 0 0 21 22 3 1 6 4 5 4 5 2 4 7 4 4 7 2 7 20 2 7 0 9 3 0 1 0 3 1 3 1 1 0 0 3 0 10 0 9 2 7 1 0 3 0 2 7 2 2 0 3 1 0 10 0 0 0 9 3 1 0 3 0 0 10 0 9 3 1 0 0 0 4 7 1 0 0 4 7 0 10 0 4 3 1 0 10 0 9 10 0 0 9 3 1 0 0 0 9 3 0 0 3 1 0 21 22 15 4 4 7 4 1 3 0 4 1 0 8 0 6 5 4 5 2 5 2 10 0 9 15 4 10 0 9 3 1 2 7 1 10 0 9 3 1 1 0 3 1 3 1 3 1 0 10 0 9 3 1 3 1 1 0 3 1 3 1 6 5 2 3 1 10 0 9 3 1 0 0 9 3 1 3 1 3 1 6 5 2 5 2 5 2 3 1 1 0 3 1 1 0 3 1 10 0 9 3 1 0 0 9 3 1 3 1 6 4 5 2 5 2 5 2 4 7 4 7 24 0 16 0 3 0 4 0 0 0 14 16 0 3 0 4 0 0 0 14 16 0 3 0 4 0 0 0 14 16 0 3 0 4 0 0 0 14 16 0 3 0 4 0 0 0 14 16 0 3 0 4 0 0 0 14 16 0 3 0 4 0 0 0 14 16 0 3 0 4 0 0 0 14 16 0 3 0 4 0 0 0 14 16 0 3 0 4 0 0 0 14 16 0 3 0 4 0 0 0 14 16 0 3 0 4 0 0 0 14 16 0 3 0 4 0 0 0 14 16 0 3 0 4 0 0 0 14 16 0 3 0 4 0 0 0 14 16 0 3 0 4 0 0 0 14 16 0 3 0 4 0 0 0 14 16 0 3 0 4 0 0 0 14 16 0 3 0 4 0 0 0 14 16 0 3 0 4 0 0 0 14 16 0 3 0 4 0 0 0 14 16 0 3 0 4 0 0 0 14 16 0 3 0 4 0 0 0 14 16 0 3 0 4 0 0 0 14 16 0 3 0 4 0 0 0 14 16 0 3 0 4 0 0 0 14 16 0 3 0 4 0 0 0 14 16 0 3 0 4 0 0 0 14 16 0 3 0 4 0 0 0 14 16 0 3 0 4 0 0 0 14 16 0 3 0 4 0 0 0 14 16 0 3 0 4 0 0 0 14 16 0 3 0 4 0 0 0 14 16 0 3 0 4 0 0 0 14 16 0 3 0 4 0 0 0 14 16 0 3 0 4 0 0 0 14 16 0 3 0 4 0 0 0 14 16 0 3 0 4 0 0 0 14 16 0 3 0 4 0 0 0 14 16 0 3 0 4 0 0 0 14 16 0 3 0 4 0 0 0 14 16 0 3 0 4 0 0 0 14 16 0 3 0 4 0 0 0 14 16 0 3 0 4 0 0 0 14 16 0 3 0 4 0 0 0 14 16 0 3 0 4 0 0 0 14 16 0 3 0 4 0 0 0 14 16 0 3 0 4 0 0 0 14 16 0 3 0 4 0 0 0 14 16 0 3 0 4 0 0 0 14 16 0 3 0 4 0 0 0 14 16 0 3 0 4 0 0 0 14 16 0 3 0 4 0 0 0 14 16 0 3 0 4 0 0 0 14 16 0 3 0 4 0 0 0 14 16 0 3 0 4 0 0 0 14 16 0 3 0 4 0 0 0 14 16 0 3 0 4 0 0 0 14 16 0 3 0 4 0 0 0 14 16 0 3 0 4 0 0 0 14 16 0 3 0 4 0 0 0 14 16 0 3 0 4 0 0 0 14 16 0 3 0 4 0 0 0 14 16 0 3 0 4 0 0 0 14 16 0 3 0 4 0 0 0 14 16 0 3 0 4 0 0 0 14 16 0 3 0 4 0 0 0 14 16 0 3 0 4 0 0 0 14 16 0 3 0 4 0 0 0 14 16 0 3 0 4 0 0 0 14 16 0 3 0 4 0 0 0 14 16 0 3 0 4 0 0 0 14 16 0 3 0 4 0 0 0 14 16 0 3 0 4 0 0 0 14 16 0 3 0 4 0 0 0 14 16 0 3 0 4 0 0 0 14 16 0 3 0 4 0 0 0 14 16 0 3 0 4 0 0 0 14 16 0 3 0 4 0 0 0 14 16 0 3 0 4 0 0 0 14 16 0 3 0 4 0 0 0 14 16 0 3 0 4 0 0 0 14 16 0 3 0 4 0 0 0 14 16 0 3 0 4 0 0 0 14 16 0 3 0 4 0 0 0 14 16 0 3 0 4 0 0 0 14 16 3 0 4 0 0 0 10 0 9 3 0 4 3 0 0 3 1 1 0 0 3 1 0 1 8 0 6 5 2 3 0 0 6 5 4 20 4 7 4 0 10 0 0 1 9 3 1 10 0 0 1 9 4 7 4 4 0 4 7 1 2 7 1 2 7 2 0 3 1 0 3 1 0 0 9 3 1 21 22 3 1 
22	13 4 7 11 6 4 7 4 0 4 7 4 0 4 7 1 4 7 4 3 1 4 6 5 4 3 1 1 4 7 4 3 1 0 0 6 5 4 3 0 0 6 5 4 10 0 0 1 9 20 4 7 4 3 1 0 3 1 21 22 3 1 9 3 1 3 1 3 1 
23	13 4 7 4 7 4 7 4 7 11 6 5 4 3 0 0 6 5 4 3 0 0 6 4 7 4 0 4 7 4 0 4 7 1 4 7 4 3 1 4 4 7 4 3 1 0 0 3 1 3 1 4 7 4 0 3 1 0 3 1 3 1 6 5 4 4 7 4 7 2 7 24 1 16 0 4 7 4 0 10 1 0 9 3 0 4 10 1 0 9 3 0 3 0 1 0 14 16 0 4 7 4 0 3 1 1 14 16 0 4 7 4 0 3 1 1 14 16 0 4 7 4 0 3 0 1 1 3 0 1 1 0 3 1 1 14 16 0 4 7 4 0 17 18 2 7 0 1 0 9 3 1 1 0 14 16 0 4 7 4 0 3 0 1 1 3 0 1 1 0 3 1 1 1 14 6 5 4 10 0 0 1 9 20 4 7 4 3 1 0 3 1 0 3 1 21 22 3 1 9 3 1 3 1 3 1 3 1 3 1 13 4 7 11 5 4 3 0 0 6 5 4 3 1 0 4 
24	13 4 7 11 6 4 7 4 4 0 4 7 1 1 17 18 2 7 0 1 0 9 4 7 4 1 0 10 1 0 9 3 1 4 0 6 5 4 3 1 3 1 1 3 1 1 3 1 1 3 1 1 3 1 1 3 1 1 3 1 1 0 6 4 5 4 4 7 4 2 7 1 4 7 1 17 18 2 7 0 0 0 9 4 7 4 1 0 4 7 4 0 2 7 1 4 7 4 0 2 7 17 18 2 7 0 0 0 9 3 0 0 4 1 0 0 3 0 3 1 1 0 3 0 0 8 1 6 5 4 3 0 0 6 5 4 10 0 0 0 1 9 3 1 3 1 9 20 4 7 4 3 1 0 3 1 21 22 3 1 3 1 
25	13 4 7 4 7 4 7 4 7 11 5 4 3 0 0 4 7 4 4 0 3 0 4 0 11 5 4 5 2 2 7 4 7 4 0 4 7 4 4 7 1 4 7 4 7 4 7 1 4 7 1 4 7 1 4 7 1 4 7 1 3 1 2 3 1 2 3 1 0 3 1 2 3 1 2 3 1 0 3 1 0 3 1 1 3 1 0 3 1 2 3 1 0 3 1 17 18 0 2 0 0 9 3 0 1 0 10 0 9 3 1 2 17 18 2 7 2 0 0 9 3 0 1 0 0 3 1 0 0 2 0 2 0 10 0 9 3 1 0 3 0 1 2 0 0 3 1 3 1 2 0 2 2 10 0 9 3 1 0 3 0 3 0 3 0 1 0 3 1 0 17 18 2 7 2 0 0 9 3 0 1 0 0 3 1 0 3 1 4 2 2 2 2 3 1 4 2 2 2 2 3 0 1 3 1 3 1 3 1 0 3 1 11 5 4 5 4 5 2 3 0 0 4 7 4 4 0 3 0 4 0 6 5 4 10 0 9 10 0 9 10 0 1 1 9 3 1 20 2 7 1 4 7 4 0 3 1 1 0 21 22 3 1 9 3 1 20 4 7 4 0 4 7 0 4 7 4 0 3 1 0 3 1 21 22 3 1 10 0 0 1 1 9 20 4 7 4 0 4 7 0 4 7 4 0 4 7 1 17 18 2 7 0 0 9 4 7 1 0 3 1 0 17 18 2 7 0 0 9 4 7 1 0 3 1 0 4 7 1 4 7 1 2 3 1 0 3 1 3 1 0 3 1 21 22 3 1 
26	13 11 6 5 4 5 4 4 7 1 3 1 0 0 6 5 4 5 4 20 2 7 2 2 7 1 0 4 7 19 0 9 2 7 3 0 1 0 10 0 0 0 9 3 1 0 10 0 0 9 2 7 1 0 2 7 2 0 10 0 9 3 1 0 4 7 1 0 0 0 10 0 9 17 18 2 7 0 0 0 9 3 1 9 2 7 1 0 2 7 2 0 10 0 9 3 1 0 3 1 0 10 0 9 3 1 0 21 22 15 4 
27	23 6 5 4 
28	13 4 7 11 6 5 4 5 2 4 7 4 7 1 4 0 10 0 9 3 0 4 0 9 3 0 4 3 1 0 3 1 4 0 0 6 5 4 2 7 1 17 18 2 7 0 0 0 9 3 1 0 0 0 6 5 4 4 7 1 4 1 10 0 9 4 7 4 0 17 18 2 7 0 1 0 9 4 7 4 1 0 3 1 0 
29	13 4 7 2 7 2 7 2 7 2 7 4 7 4 7 4 7 4 7 4 7 2 7 4 7 1 4 4 7 4 7 4 7 4 7 4 7 11 6 4 5 4 5 2 5 2 3 1 0 4 1 4 7 4 4 7 4 1 2 7 2 7 2 7 17 18 2 7 0 0 1 0 9 4 7 4 1 0 10 1 0 9 3 1 0 3 0 10 1 0 9 3 0 10 1 0 0 9 3 1 0 3 1 0 14 10 1 0 9 3 0 4 0 3 0 1 10 1 0 9 3 0 4 0 3 0 0 0 10 1 0 9 10 0 9 3 0 4 3 1 4 0 10 1 0 9 3 0 4 0 10 1 0 9 3 0 4 0 10 1 9 10 0 9 3 0 4 3 0 0 3 1 0 0 3 0 9 3 0 10 1 0 9 10 0 9 3 0 4 3 0 0 3 1 0 0 3 0 9 3 0 10 0 9 3 1 0 3 0 0 3 1 0 8 0 6 4 5 4 5 2 3 1 0 8 1 0 0 6 4 3 1 0 4 7 4 4 7 4 3 1 1 3 1 1 3 1 1 3 1 1 3 1 1 3 1 1 3 1 1 3 1 1 3 1 1 3 0 4 1 3 1 0 3 1 1 3 0 4 1 3 1 0 3 1 1 3 1 1 3 1 1 3 1 1 3 1 1 3 1 1 3 0 4 1 3 1 0 3 0 4 1 3 0 3 1 0 3 1 1 3 1 1 3 1 1 3 1 1 3 0 0 3 1 0 8 0 6 10 0 9 3 0 4 3 1 1 0 6 10 0 9 3 0 4 3 1 1 0 6 2 5 2 5 2 5 2 5 2 10 0 9 3 0 4 1 3 0 1 3 1 1 0 8 1 0 0 0 0 6 5 2 3 1 0 10 1 9 3 0 3 1 0 3 0 6 4 4 5 2 8 1 0 6 2 8 1 6 5 4 3 1 0 10 0 9 17 18 2 7 0 1 0 9 4 7 4 1 0 10 1 0 9 4 7 4 0 3 1 0 4 7 4 2 7 1 1 3 1 1 3 1 1 3 1 1 3 1 0 3 1 0 0 3 1 0 6 2 3 1 3 1 3 1 0 3 1 0 2 1 1 1 1 1 1 8 1 1 1 6 5 2 5 2 5 2 5 2 3 1 0 3 1 0 1 0 1 1 0 1 1 0 1 1 0 1 4 3 1 0 3 1 0 3 1 0 3 1 0 3 1 0 6 5 2 3 0 3 1 0 0 3 0 0 6 2 3 1 0 0 8 0 6 5 2 3 0 0 6 2 8 0 6 2 3 1 0 2 7 2 7 1 2 7 3 0 2 0 17 18 2 7 0 1 0 9 3 0 4 1 0 3 1 0 0 8 0 6 2 5 2 5 2 3 1 0 2 7 17 18 2 7 0 1 0 9 3 0 4 1 0 3 1 0 8 0 6 4 5 2 3 1 0 0 4 7 4 3 1 2 0 3 1 2 3 1 2 3 1 2 3 1 2 8 0 6 4 5 2 5 2 5 2 3 1 0 2 0 0 0 4 7 4 3 1 0 3 1 0 3 1 0 3 1 2 8 0 6 4 5 2 5 2 5 2 3 1 0 2 0 0 0 4 7 4 3 1 2 0 3 1 0 3 1 0 3 1 2 8 0 6 4 5 2 5 2 3 1 0 2 0 0 4 7 4 3 1 2 0 3 1 0 3 1 2 8 0 6 4 5 2 5 2 5 4 3 1 0 2 0 0 0 4 7 4 3 1 0 3 1 0 3 1 2 3 1 3 1 2 4 7 1 0 2 7 17 18 2 7 0 0 0 9 3 0 0 0 1 3 1 0 0 3 1 2 0 8 0 6 5 2 5 4 3 1 3 1 0 2 0 0 4 7 4 1 1 10 1 1 9 3 1 2 1 10 1 1 9 3 1 1 3 1 0 6 5 2 5 4 3 1 3 1 0 2 0 0 3 0 0 3 1 0 6 5 4 3 1 3 1 0 3 1 0 3 1 0 6 5 4 3 1 3 1 0 4 7 4 1 1 10 1 1 9 3 1 1 10 1 1 9 3 1 1 3 1 0 3 1 0 6 5 4 3 1 3 1 1 3 1 0 6 4 3 1 0 0 10 0 9 3 0 1 10 1 9 8 8 4 1 6 4 3 1 0 0 10 0 9 3 0 1 10 1 9 8 8 4 1 6 4 5 2 3 1 0 0 8 1 0 6 2 7 2 7 2 7 4 7 4 7 4 17 18 0 0 1 0 9 4 7 4 1 0 10 1 0 9 3 0 4 0 10 1 0 9 3 0 1 0 9 14 17 18 0 1 0 9 4 7 4 1 0 10 1 0 9 3 0 3 1 0 10 0 9 17 18 2 7 0 0 1 0 9 3 0 4 1 0 10 1 1 0 9 3 1 0 1 0 0 0 3 0 0 14 9 10 1 9 3 1 0 1 0 0 0 14 3 0 1 0 6 4 5 2 5 4 5 4 4 7 4 3 1 0 1 3 1 2 3 1 0 0 8 0 6 5 2 5 4 2 7 1 3 1 0 0 17 18 2 7 0 0 0 9 2 7 1 0 3 1 0 0 6 4 4 7 4 3 1 2 3 1 2 3 1 2 3 1 2 3 1 3 1 8 0 6 4 4 7 4 3 1 8 0 6 4 4 7 4 3 1 2 8 0 6 4 4 7 4 8 0 6 4 4 7 4 3 1 0 8 0 6 4 4 7 4 3 1 8 0 6 4 4 7 4 3 1 2 8 0 6 4 4 7 4 3 1 8 0 6 4 4 7 4 3 1 8 0 6 4 4 7 4 3 1 8 0 6 4 4 7 4 3 1 8 0 6 4 4 7 4 3 1 2 3 1 2 3 1 2 3 1 2 8 0 6 4 4 7 4 3 1 2 3 1 2 8 0 6 4 4 7 4 3 1 2 3 1 2 8 0 6 4 4 7 4 3 1 2 3 1 8 0 6 4 4 7 4 3 1 2 3 1 8 0 6 4 4 7 4 3 1 8 0 6 4 4 7 4 3 1 8 0 6 4 4 7 4 3 1 2 3 1 2 3 1 2 3 1 2 3 1 2 3 1 2 3 1 2 3 1 2 3 1 2 3 1 2 3 1 2 8 0 6 4 4 7 4 3 1 2 8 0 6 4 4 7 4 3 1 2 3 1 2 3 1 2 8 0 6 2 8 1 6 2 8 1 6 5 2 3 1 0 6 5 2 3 1 0 6 5 2 3 1 0 6 2 8 1 6 2 5 2 2 7 4 7 2 7 10 0 9 17 18 0 0 1 0 9 3 0 4 1 0 10 1 0 1 0 9 14 3 0 10 0 9 3 0 1 9 3 0 1 8 0 6 5 2 5 2 4 7 2 7 10 0 9 3 0 4 17 18 0 0 1 0 9 3 0 4 1 0 10 1 0 1 0 9 14 3 0 10 0 9 10 1 0 9 10 1 0 1 0 9 10 1 0 1 0 9 10 1 0 9 3 1 2 0 9 3 1 2 0 4 7 4 1 3 1 0 3 1 0 3 1 1 3 1 1 3 1 0 3 1 0 0 3 1 1 1 0 0 3 0 9 4 7 4 1 3 1 0 3 1 0 3 1 0 3 1 0 0 3 1 1 1 0 0 3 0 6 4 4 7 4 3 1 2 3 1 8 0 6 4 4 7 4 3 1 2 3 1 2 3 1 2 3 1 3 1 2 3 1 2 8 0 6 4 4 7 4 3 1 2 3 1 2 3 1 2 3 1 2 8 0 6 4 4 7 4 3 1 2 8 0 6 4 8 4 6 2 3 1 0 0 8 0 6 5 4 5 2 10 1 0 9 3 0 0 3 0 0 6 2 2 7 17 18 2 7 0 1 0 9 3 0 4 1 0 8 0 6 4 8 0 6 4 8 0 6 4 5 2 17 18 4 7 1 1 9 4 7 4 1 10 1 0 9 8 0 8 4 4 4 
30	13 2 7 0 2 7 2 4 7 4 7 4 7 4 2 7 2 7 2 7 2 7 2 7 2 7 2 7 4 7 1 4 11 6 4 5 4 3 1 0 4 1 4 7 4 4 7 4 1 17 18 2 7 0 1 0 9 4 7 4 1 0 10 1 0 9 3 1 0 3 1 0 0 14 24 1 16 0 3 1 0 0 3 1 0 3 0 0 14 16 0 3 1 0 0 3 0 4 0 14 16 0 3 1 0 0 3 0 0 3 0 14 16 0 3 1 0 0 3 0 0 3 0 14 16 0 3 1 0 0 3 0 0 14 16 0 3 1 0 0 3 0 0 14 16 3 1 0 3 0 0 3 1 0 8 0 6 4 3 1 0 4 7 4 4 7 4 3 1 1 3 1 1 3 1 1 3 1 1 3 1 1 3 1 1 3 1 1 3 1 1 3 0 1 3 1 1 3 1 1 3 1 1 3 1 1 3 1 1 3 1 1 3 1 1 3 1 1 3 0 1 3 1 1 3 1 1 3 1 1 3 1 1 3 1 1 3 1 1 3 1 1 3 1 1 3 1 1 3 0 3 1 1 3 1 1 3 1 1 3 1 1 3 1 1 3 1 1 3 1 1 3 1 1 17 18 2 7 0 0 9 3 1 1 0 3 0 3 0 1 17 18 2 7 0 0 9 3 1 1 0 3 1 1 17 18 2 7 0 0 9 4 7 4 1 0 3 1 0 3 1 0 3 0 1 3 1 1 3 0 4 1 3 1 0 3 1 1 3 1 1 3 0 0 3 1 0 8 0 6 2 8 1 6 4 5 2 2 7 0 10 0 9 10 0 0 9 15 4 0 0 4 7 4 1 0 0 0 8 0 6 4 4 7 4 1 3 0 3 0 3 0 3 1 0 0 3 0 8 0 6 2 8 0 6 5 2 5 2 3 1 0 4 0 4 0 3 1 0 3 4 1 0 6 4 8 4 1 0 6 5 2 5 4 3 1 0 3 4 1 0 3 4 1 0 6 4 5 2 8 4 1 0 6 5 2 10 1 0 9 10 1 0 9 15 4 4 7 4 1 0 3 1 0 0 3 1 0 3 1 6 5 2 10 1 0 9 3 1 0 1 0 3 0 3 1 0 3 1 6 4 7 4 1 0 2 7 2 1 17 18 2 7 0 0 0 9 3 0 0 0 3 1 0 6 2 3 1 0 4 1 8 1 6 2 3 1 0 4 1 8 0 6 4 5 2 2 7 0 0 3 0 0 4 7 4 1 0 8 0 6 4 4 7 1 3 0 3 0 3 1 0 0 3 0 8 0 6 2 5 4 5 2 3 1 0 0 4 0 10 0 9 3 1 8 1 0 0 6 2 5 4 8 1 0 6 4 5 2 10 0 9 3 1 4 7 1 0 3 1 0 4 0 0 8 0 6 3 1 0 3 0 4 1 3 1 1 1 3 1 1 0 6 2 3 1 0 2 7 2 7 1 2 7 3 0 2 0 17 18 2 7 0 1 0 9 3 0 4 1 0 3 1 0 8 0 6 2 5 2 5 2 3 1 0 2 7 17 18 2 7 0 1 0 9 3 0 4 1 0 3 1 0 8 0 6 2 2 7 17 18 2 7 0 1 0 9 3 0 4 1 0 8 0 6 4 4 7 4 3 1 2 3 1 2 3 1 2 3 1 2 3 1 8 0 6 4 4 7 4 3 1 0 8 0 6 4 4 7 4 3 1 2 3 1 2 8 0 6 4 8 4 6 4 4 7 4 3 1 1 8 0 6 4 4 7 4 3 1 0 8 0 6 4 4 7 4 3 1 8 0 6 4 4 7 4 2 7 3 1 0 8 0 6 4 4 7 4 3 1 2 8 0 6 4 4 7 4 3 1 6 4 4 7 4 3 1 6 4 4 7 4 8 0 6 4 4 7 4 3 1 8 0 6 4 4 7 4 8 0 6 4 4 7 4 3 1 2 3 1 2 3 1 2 3 1 2 3 1 2 3 1 2 3 1 2 3 1 2 3 1 2 8 0 6 4 4 7 4 3 1 8 0 6 4 4 7 4 8 0 6 4 4 7 4 3 1 8 0 6 4 4 7 4 3 1 8 0 6 4 4 7 4 3 1 8 0 6 4 4 7 4 3 1 2 8 0 6 4 4 7 4 3 1 2 3 1 2 3 1 2 3 1 2 3 1 2 3 1 8 0 6 4 5 2 24 0 16 3 1 2 3 1 2 3 1 14 16 3 1 2 3 1 2 3 1 14 16 3 1 2 3 1 2 3 1 14 16 3 1 2 3 1 2 3 1 14 16 3 1 2 3 1 2 3 1 14 16 3 1 2 3 1 2 3 1 14 16 3 1 2 3 1 2 3 1 14 16 3 1 2 3 1 2 3 1 14 8 0 6 4 5 2 4 7 4 24 0 16 3 1 2 3 1 2 3 1 2 3 1 2 3 1 2 3 1 2 3 1 2 3 1 2 3 1 2 14 16 3 1 2 3 1 2 3 1 2 3 1 2 3 1 2 3 1 2 3 1 2 3 1 2 3 1 2 14 16 3 1 2 3 1 2 3 1 2 3 1 2 3 1 2 3 1 2 3 1 2 3 1 2 3 1 2 14 16 3 1 2 3 1 2 3 1 2 3 1 2 3 1 2 3 1 2 3 1 2 3 1 2 3 1 2 14 16 3 1 2 3 1 2 3 1 2 3 1 2 3 1 2 3 1 2 3 1 2 3 1 2 3 1 2 14 16 3 1 2 3 1 2 3 1 2 3 1 2 3 1 2 3 1 2 3 1 2 3 1 2 3 1 2 14 16 3 1 2 3 1 2 3 1 2 3 1 2 3 1 2 3 1 2 3 1 2 3 1 2 3 1 2 14 16 3 1 2 3 1 2 3 1 2 3 1 2 3 1 2 3 1 2 3 1 2 3 1 2 3 1 2 14 16 3 1 2 3 1 2 3 1 2 3 1 2 3 1 2 3 1 2 3 1 2 3 1 2 3 1 2 14 16 3 1 2 3 1 2 3 1 2 3 1 2 3 1 2 3 1 2 3 1 2 3 1 2 3 1 2 14 16 3 1 2 3 1 2 3 1 2 3 1 2 3 1 2 3 1 2 3 1 2 3 1 2 3 1 2 14 16 3 1 2 3 1 2 3 1 2 3 1 2 3 1 2 3 1 2 3 1 2 3 1 2 3 1 2 14 16 3 1 2 3 1 2 3 1 2 3 1 2 3 1 2 3 1 2 3 1 2 3 1 2 3 1 2 14 16 3 1 2 3 1 2 3 1 2 3 1 2 3 1 2 3 1 2 3 1 2 3 1 2 3 1 2 14 16 3 1 2 3 1 2 3 1 2 3 1 2 3 1 2 3 1 2 3 1 2 3 1 2 3 1 2 14 16 3 1 2 3 1 2 3 1 2 3 1 2 3 1 2 3 1 2 3 1 2 3 1 2 3 1 2 14 16 3 1 2 3 1 2 3 1 2 3 1 2 3 1 2 3 1 2 3 1 2 3 1 2 3 1 2 14 16 3 1 2 3 1 2 3 1 2 3 1 2 3 1 2 3 1 2 3 1 2 3 1 2 3 1 2 14 16 3 1 2 3 1 2 3 1 2 3 1 2 3 1 2 3 1 2 3 1 2 3 1 2 3 1 2 14 16 3 1 2 3 1 2 3 1 2 3 1 2 3 1 2 3 1 2 3 1 2 3 1 2 3 1 2 14 16 3 1 2 3 1 2 3 1 2 3 1 2 3 1 2 3 1 2 3 1 2 3 1 2 3 1 2 14 16 3 1 2 3 1 2 3 1 2 3 1 2 3 1 2 3 1 2 3 1 2 3 1 2 3 1 2 14 16 3 1 2 3 1 2 3 1 2 3 1 2 3 1 2 3 1 2 3 1 2 3 1 2 3 1 2 14 16 3 1 2 3 1 2 3 1 2 3 1 2 3 1 2 3 1 2 3 1 2 3 1 2 3 1 2 14 16 3 1 2 3 1 2 3 1 2 3 1 2 3 1 2 3 1 2 3 1 2 3 1 2 3 1 2 14 16 3 1 2 3 1 2 3 1 2 3 1 2 3 1 2 3 1 2 3 1 2 3 1 2 3 1 2 14 8 0 6 4 4 7 4 3 1 2 3 1 2 3 1 2 3 1 2 3 1 2 3 1 2 3 1 2 3 1 2 3 1 2 8 0 6 4 5 2 4 7 4 24 0 16 3 1 2 3 1 2 3 1 2 14 16 3 1 2 3 1 2 3 1 2 14 16 3 1 2 3 1 2 3 1 2 14 16 3 1 2 3 1 2 3 1 2 14 16 3 1 2 3 1 2 3 1 2 14 16 3 1 2 3 1 2 3 1 2 14 8 0 6 4 4 7 4 3 1 2 8 0 6 4 5 2 4 7 4 24 0 16 3 1 2 3 1 2 3 1 2 3 1 14 16 3 1 2 3 1 2 3 1 2 3 1 14 16 3 1 2 3 1 2 3 1 2 3 1 14 8 0 6 4 4 7 4 3 1 2 3 1 2 8 0 6 4 8 4 6 4 4 7 4 3 1 2 8 0 6 4 8 4 6 4 5 2 17 18 4 7 1 1 9 4 7 4 1 10 1 0 9 8 0 8 
31	13 2 7 2 7 2 7 2 7 2 7 4 7 4 4 7 4 2 7 2 7 11 11 5 2 5 2 5 2 3 0 0 0 11 5 2 5 2 5 2 5 2 3 0 0 0 0 6 5 2 10 0 0 9 15 4 6 5 2 5 2 5 2 3 0 1 0 0 3 0 1 0 0 3 0 1 0 0 3 0 1 0 0 3 0 1 0 0 3 0 1 0 0 6 4 4 7 4 3 1 3 1 1 1 1 2 1 1 1 1 1 3 1 1 1 1 2 1 1 1 1 1 3 1 1 1 1 2 1 1 1 1 1 3 1 1 1 1 2 1 1 1 1 1 3 1 1 1 1 3 1 1 1 1 3 1 1 1 1 2 1 1 1 1 1 3 1 1 1 1 2 1 1 1 1 1 3 1 8 1 6 2 5 2 5 2 3 1 0 0 0 3 1 0 0 2 1 3 1 0 0 0 3 1 0 0 0 3 1 0 0 0 3 1 0 0 0 3 1 0 0 0 3 1 0 0 0 8 1 6 2 8 6 2 8 0 6 2 8 0 6 5 2 3 0 0 6 2 8 0 6 5 2 3 0 0 6 2 8 0 6 5 2 3 0 0 6 2 8 0 6 5 2 3 0 0 6 2 8 0 6 5 2 3 0 0 6 2 8 0 6 5 2 3 0 0 6 5 2 3 0 1 0 0 6 2 8 1 0 6 5 2 3 0 1 0 0 6 2 8 1 0 4 
32	13 2 7 2 7 4 7 4 4 7 4 4 7 4 11 11 5 2 5 2 5 2 3 0 0 0 11 5 2 5 2 5 2 5 2 3 0 0 0 0 6 5 2 10 0 0 9 15 4 6 5 2 5 2 5 2 3 0 1 0 0 6 4 4 7 4 3 1 3 1 1 1 1 2 1 1 1 1 1 3 1 1 1 1 3 1 1 1 1 3 1 1 1 1 3 1 8 1 6 2 5 2 5 2 3 1 0 0 0 3 1 0 0 2 1 3 1 0 0 0 8 1 6 2 8 6 2 8 0 6 2 8 0 6 5 2 3 0 0 6 5 2 3 0 1 0 0 6 2 8 1 0 6 5 2 3 0 1 0 0 6 2 8 1 0 6 5 2 3 0 1 0 0 6 2 8 1 0 4 
33	13 2 7 2 7 2 7 2 7 2 7 2 7 2 7 2 7 2 7 11 11 5 2 5 2 5 2 3 0 0 0 11 5 2 5 2 5 2 5 2 3 0 0 0 0 6 5 2 10 0 0 9 15 4 6 5 2 5 2 5 2 3 0 1 0 0 3 0 1 0 0 3 0 1 0 0 3 0 1 0 0 3 0 1 0 0 6 4 4 7 4 3 1 3 1 1 1 1 2 1 1 1 1 1 3 1 1 1 1 2 1 1 1 1 1 3 1 1 1 1 2 1 1 1 1 1 3 1 1 1 1 2 1 1 1 1 1 3 1 1 1 1 2 1 1 1 1 1 3 1 8 1 6 2 5 2 5 2 3 1 0 0 0 3 1 0 0 2 1 3 1 0 0 0 3 1 0 0 0 3 1 0 0 0 3 1 0 0 0 3 1 0 0 0 8 1 6 2 8 6 2 8 0 6 2 8 0 6 5 2 3 0 0 6 2 8 0 6 5 2 3 0 0 6 2 8 0 6 5 2 3 0 0 6 2 8 0 6 5 2 3 0 0 6 2 8 0 6 5 2 3 0 0 4 
34	13 2 7 2 7 11 11 5 2 5 2 5 2 3 0 0 0 11 5 2 5 2 5 2 5 2 3 0 0 0 0 6 5 2 10 0 0 9 15 4 6 5 2 5 2 5 2 3 0 1 0 0 6 4 4 7 4 3 1 3 1 1 1 1 2 1 1 1 1 1 3 1 8 1 6 2 5 2 5 2 3 1 0 0 0 3 1 0 0 2 1 3 1 0 0 0 8 1 6 2 8 6 2 8 0 6 2 8 0 6 5 2 3 0 0 4 
35	13 2 7 11 11 5 2 5 2 5 2 3 0 0 0 11 5 2 5 2 5 2 5 2 3 0 0 0 0 6 5 2 10 0 0 9 15 4 6 5 2 5 2 5 2 3 0 1 0 0 6 5 2 3 0 0 6 2 8 0 6 4 4 7 4 3 1 3 1 1 1 1 1 3 1 8 1 6 2 5 2 5 2 3 1 0 0 0 3 1 0 0 3 1 0 0 1 8 1 6 2 8 6 2 8 0 4 
36	13 2 7 2 7 2 7 2 7 4 7 4 4 7 4 4 7 4 4 7 4 11 3 0 11 5 2 5 2 5 2 3 0 0 0 11 5 2 5 2 5 2 5 2 3 0 0 0 0 6 5 2 10 0 0 9 15 4 6 5 2 5 2 5 2 3 0 1 0 0 3 0 1 0 0 3 0 1 0 0 6 4 4 7 4 3 1 3 1 1 1 1 2 1 1 1 1 1 3 1 1 1 1 2 1 1 1 1 1 3 1 1 1 1 2 1 1 1 1 1 3 1 1 1 1 3 1 1 1 1 3 1 1 1 1 3 1 1 1 1 3 1 8 1 6 2 5 2 5 2 3 1 0 0 0 3 1 0 0 2 1 3 1 0 0 0 3 1 0 0 0 3 1 0 0 0 8 1 6 2 8 6 2 8 0 6 2 8 0 6 5 2 3 0 0 6 2 8 0 6 5 2 3 0 0 6 2 8 0 6 5 2 3 0 0 6 5 2 3 0 1 0 0 6 2 8 1 0 6 5 2 3 0 1 0 0 6 2 8 1 0 6 5 2 3 0 1 0 0 6 2 8 1 0 6 5 2 3 0 1 0 0 6 2 8 1 0 4 
37	13 2 7 11 11 5 2 5 2 5 2 3 0 0 0 11 5 2 5 2 5 2 5 2 3 0 0 0 0 6 5 2 10 0 0 9 15 4 6 5 2 5 2 5 2 6 4 4 7 4 3 1 3 1 8 1 6 2 5 2 5 2 3 1 0 0 0 3 1 0 0 8 1 6 2 8 6 2 8 0 4 
38	13 2 7 2 7 2 7 2 7 11 11 5 2 5 2 5 2 3 0 0 0 11 5 2 5 2 5 2 5 2 3 0 0 0 0 6 5 2 5 2 5 2 3 0 1 0 0 3 0 1 0 0 3 0 1 0 0 6 5 2 10 0 0 9 15 4 6 5 2 3 0 0 6 2 8 0 6 2 8 0 6 5 2 3 0 0 6 2 8 0 6 5 2 3 0 0 6 2 5 4 10 1 1 9 8 10 1 1 1 1 9 8 10 1 1 1 1 9 8 8 6 2 5 4 10 1 1 9 8 10 1 1 1 1 9 8 10 1 1 1 1 9 8 8 6 2 5 4 8 1 1 1 1 6 2 8 6 2 8 6 2 8 0 6 4 4 7 4 3 1 3 1 1 1 1 1 3 1 1 1 1 1 3 1 1 1 1 1 3 1 8 1 6 2 5 2 5 2 3 1 0 0 0 3 1 0 0 2 3 1 0 0 1 3 1 0 0 1 3 1 0 0 1 8 1 6 2 8 6 2 5 4 4 7 4 0 10 1 1 1 1 9 8 10 1 1 9 8 10 1 1 9 8 10 1 1 9 8 10 1 1 9 8 8 6 2 5 4 10 0 4 9 8 4 7 4 0 10 1 1 1 1 9 8 8 4 4 4 
39	13 2 7 2 7 2 7 2 7 2 7 2 7 2 7 2 7 2 7 2 7 2 7 2 7 2 7 2 7 2 7 2 7 11 11 5 2 5 2 5 2 3 0 0 0 11 5 2 5 2 5 2 5 2 3 0 0 0 0 6 5 2 10 0 0 9 15 4 6 5 2 5 2 5 2 3 0 1 0 0 3 0 1 0 0 3 0 1 0 0 3 0 1 0 0 3 0 1 0 0 3 0 1 0 0 6 5 2 3 0 0 6 5 2 3 0 0 6 5 2 3 0 0 6 5 2 3 0 0 6 5 2 3 0 0 6 5 2 3 0 0 6 2 8 0 6 2 8 0 6 2 8 0 6 2 8 0 6 2 8 0 6 2 8 0 6 4 4 7 4 3 1 3 1 1 1 1 1 3 1 1 1 1 1 3 1 1 1 1 1 3 1 1 1 1 3 1 1 1 1 1 3 1 1 1 1 1 3 1 8 1 6 2 5 2 5 2 3 1 0 0 0 3 1 0 0 3 1 0 0 1 3 1 0 0 1 3 1 0 0 1 3 1 0 0 1 3 1 0 0 1 3 1 0 0 1 8 1 6 2 8 6 2 8 0 4 
40	13 2 7 2 7 11 11 5 2 5 2 5 2 3 0 0 0 11 5 2 5 2 5 2 5 2 3 0 0 0 0 6 5 2 10 0 0 9 15 4 6 5 2 5 2 5 2 3 0 1 0 0 6 5 2 3 0 0 6 2 8 0 6 4 4 7 4 3 1 3 1 1 1 1 1 3 1 8 1 6 2 5 2 5 2 3 1 0 0 0 3 1 0 0 3 1 0 0 0 8 1 6 2 8 6 2 8 0 4 
41	13 2 7 2 7 2 7 2 7 2 7 2 7 11 11 5 2 5 2 5 2 3 0 0 0 11 5 2 5 2 5 2 5 2 3 0 0 0 0 6 5 2 5 2 5 2 3 0 1 0 0 3 0 1 0 0 3 0 1 0 0 3 0 0 0 3 0 0 0 6 5 2 3 0 0 6 5 2 3 0 0 6 5 2 3 0 0 6 5 2 3 0 0 2 2 3 0 2 6 5 2 3 0 0 3 0 2 6 2 8 0 6 2 8 0 6 2 8 0 6 2 8 0 6 2 8 0 6 2 8 0 2 6 2 8 0 2 6 4 4 7 4 3 1 3 1 1 1 1 1 3 1 1 1 1 1 3 1 1 1 1 1 10 1 9 3 1 1 1 1 9 3 1 1 1 1 3 1 8 1 6 2 5 2 5 2 3 1 0 0 0 3 1 0 0 2 3 1 0 0 1 3 1 0 0 1 3 1 0 0 1 3 0 0 0 3 0 0 0 8 1 6 2 8 6 5 2 10 0 0 9 15 4 6 2 8 0 6 2 5 4 10 1 1 9 8 10 1 1 1 1 9 8 10 1 1 1 1 9 8 8 6 2 5 4 10 1 1 9 8 10 1 1 1 1 9 8 10 1 1 1 1 9 8 8 6 2 5 4 8 1 1 1 1 6 2 8 6 2 8 6 2 5 4 4 7 4 0 10 1 1 1 1 9 8 10 1 1 9 8 10 1 1 9 8 10 1 1 9 8 10 1 1 9 8 8 6 2 5 4 10 0 4 9 8 4 7 4 0 10 1 1 1 1 9 8 8 4 4 4 
42	13 2 7 2 7 2 7 2 7 4 7 11 11 5 2 5 2 5 2 3 0 0 0 11 5 2 5 2 5 2 5 2 3 0 0 0 0 6 5 2 10 0 0 9 15 4 6 5 2 5 2 5 2 3 0 1 0 0 3 0 1 0 0 3 0 0 0 3 0 0 0 3 0 4 0 0 1 0 6 5 2 3 0 0 6 5 2 3 0 0 6 5 2 3 0 0 6 5 2 3 0 0 6 5 4 3 0 0 6 2 8 0 6 2 8 0 6 2 8 0 6 2 8 0 6 4 8 0 6 4 4 7 4 3 1 3 1 1 1 1 1 3 1 1 1 1 1 3 1 1 1 1 1 3 1 1 1 1 1 3 1 1 1 1 3 1 8 1 6 2 5 2 5 2 3 1 0 0 0 3 1 0 0 2 1 3 1 0 0 1 3 1 0 0 1 3 0 0 1 3 0 0 1 3 1 1 0 0 8 1 6 2 8 1 6 2 8 0 4 
43	13 2 7 2 7 11 11 5 2 5 2 5 2 3 0 0 0 11 5 2 5 2 5 2 5 2 3 0 0 0 0 6 5 2 10 0 0 9 15 4 6 5 2 5 2 5 2 3 0 1 0 0 6 5 2 3 0 0 6 2 8 0 6 4 4 7 4 3 1 3 1 1 1 1 1 3 1 8 1 6 2 5 2 5 2 3 1 0 0 0 3 1 0 0 2 3 1 0 0 1 8 1 6 2 8 6 2 8 0 4 
44	13 2 7 2 7 2 7 2 7 2 7 11 11 5 2 5 2 5 2 3 0 0 0 11 5 2 5 2 5 2 5 2 3 0 0 0 0 6 5 2 10 0 0 9 15 4 6 5 2 5 2 5 2 3 0 1 0 0 6 5 2 3 0 0 6 2 8 0 6 4 4 7 4 3 1 3 1 1 1 1 1 3 1 8 1 6 2 5 2 5 2 3 1 0 0 0 3 1 0 0 2 3 1 0 0 1 8 1 6 2 8 6 2 8 0 4 
45	13 2 7 2 7 2 7 2 7 2 7 4 7 4 4 7 4 4 7 4 11 11 5 2 5 2 5 2 3 0 0 0 11 5 2 5 2 5 2 5 2 3 0 0 0 0 6 5 2 10 0 0 9 15 4 6 5 2 5 2 5 2 3 0 1 0 0 3 0 1 0 0 3 0 1 0 0 3 0 1 0 0 6 4 4 7 4 3 1 3 1 1 1 1 2 1 1 1 1 1 3 1 1 1 1 2 1 1 1 1 1 3 1 1 1 1 2 1 1 1 1 1 3 1 1 1 1 2 1 1 1 1 1 3 1 1 1 1 3 1 1 1 1 3 1 1 1 1 3 1 8 1 6 2 5 2 5 2 3 1 0 0 0 3 1 0 0 2 1 3 1 0 0 0 3 1 0 0 0 3 1 0 0 0 3 1 0 0 0 8 1 6 2 8 6 2 8 0 6 2 8 0 6 5 2 3 0 0 6 2 8 0 6 5 2 3 0 0 6 2 8 0 6 5 2 3 0 0 6 2 8 0 6 5 2 3 0 0 6 5 2 3 0 1 0 0 6 2 8 1 0 6 5 2 3 0 1 0 0 6 2 8 1 0 6 5 2 3 0 1 0 0 6 2 8 1 0 4 
46	23 6 2 6 2 6 5 2 6 5 2 6 5 2 6 2 6 2 5 4 6 2 5 4 6 2 5 4 
47	13 2 7 2 7 2 7 2 7 4 7 4 11 11 5 2 5 2 5 2 3 0 0 0 11 5 2 5 2 5 2 5 2 3 0 0 0 0 6 5 2 10 0 0 9 15 4 6 5 2 5 2 5 2 3 0 1 0 0 3 0 1 0 0 3 0 1 0 0 3 0 1 0 0 3 0 1 0 0 6 4 4 7 4 3 1 3 1 1 1 1 3 1 1 1 1 3 1 1 1 1 3 1 1 1 1 3 1 1 1 0 1 3 1 8 1 6 2 5 2 5 2 3 1 0 0 0 3 1 0 0 3 1 0 0 1 3 1 0 0 1 3 1 0 0 1 3 1 0 0 1 3 1 0 0 0 8 1 6 2 8 6 2 8 0 6 2 8 0 6 5 2 3 0 0 6 2 8 0 6 5 2 3 0 0 6 2 8 0 6 5 2 3 0 0 6 2 8 0 6 5 2 3 0 0 6 2 8 1 0 6 5 2 3 0 1 0 0 4 
48	13 2 7 2 7 2 7 2 7 2 7 11 11 5 2 5 2 5 2 3 0 0 0 11 5 2 5 2 5 2 5 2 3 0 0 0 0 6 5 2 10 0 0 9 15 4 6 5 2 5 2 5 2 3 0 1 0 0 3 0 1 0 0 3 0 1 0 0 3 0 1 0 0 6 4 4 7 4 3 1 3 1 1 1 1 2 1 1 1 1 1 3 1 1 1 1 2 1 1 1 1 1 3 1 1 1 1 2 1 1 1 1 1 3 1 1 1 1 2 1 1 1 1 1 3 1 8 1 6 2 5 2 5 2 3 1 0 0 0 3 1 0 0 2 1 3 1 0 0 0 3 1 0 0 0 3 1 0 0 0 3 1 0 0 0 8 1 6 2 8 6 2 8 0 6 2 8 0 6 5 2 3 0 0 6 2 8 0 6 5 2 3 0 0 6 2 8 0 6 5 2 3 0 0 6 2 8 0 6 5 2 3 0 0 4 
49	13 2 7 2 7 2 11 11 5 2 5 2 5 2 3 0 0 0 11 5 2 5 2 5 2 5 2 3 0 0 0 0 6 5 2 10 0 0 9 15 4 6 5 2 5 2 5 2 3 0 1 0 0 6 5 2 3 0 0 6 2 8 0 6 4 4 7 4 3 1 3 1 1 1 1 1 3 1 8 1 6 2 5 2 5 2 3 1 0 0 0 3 1 0 0 3 1 0 0 1 8 1 6 2 8 6 2 8 0 4 
50	13 2 7 2 7 2 7 2 7 2 7 2 7 4 7 4 4 7 4 4 7 4 2 7 11 11 5 2 5 2 5 2 3 0 0 0 11 5 2 5 2 5 2 5 2 3 0 0 0 6 5 2 5 2 5 2 3 0 1 0 0 3 0 1 0 0 3 0 1 0 0 3 0 1 0 0 3 0 1 0 0 3 0 0 0 6 5 2 10 0 0 9 15 4 6 5 2 3 0 0 6 5 2 3 0 0 6 5 2 3 0 0 6 5 2 3 0 0 6 5 2 3 0 0 6 5 2 3 0 1 0 0 6 5 2 3 0 1 0 0 6 5 2 3 0 1 0 0 6 2 8 0 6 2 8 0 6 2 8 0 6 2 8 0 6 2 8 0 6 2 8 1 0 6 2 8 1 0 6 2 8 1 0 6 2 8 0 6 2 5 2 5 2 3 1 0 0 0 3 1 0 0 2 3 1 0 0 1 3 1 0 0 1 3 1 0 0 1 3 1 0 0 1 3 1 0 0 1 3 1 0 0 8 1 6 2 8 6 4 4 7 4 3 1 3 1 1 1 1 3 1 1 1 1 3 1 1 1 1 3 1 1 1 1 3 1 1 1 1 3 1 1 1 1 3 1 1 1 1 3 1 1 1 1 3 1 8 1 4 
51	13 2 7 2 7 11 11 5 2 5 2 5 2 3 0 0 0 11 5 2 5 2 5 2 5 2 3 0 0 0 0 6 2 2 7 2 0 3 1 0 0 3 1 0 2 0 3 1 0 0 0 8 0 6 2 5 2 5 2 15 4 6 5 2 3 0 0 6 2 8 0 6 2 5 2 2 7 0 2 7 4 7 4 0 2 7 2 7 17 18 2 7 0 0 0 9 4 7 4 2 7 1 0 0 2 7 2 0 3 1 0 0 0 0 3 0 0 3 1 0 3 1 1 17 18 2 7 0 0 0 9 3 0 2 1 0 3 0 2 0 3 0 3 1 0 0 17 18 2 7 0 0 0 9 2 7 2 1 0 3 1 0 0 0 0 3 0 0 8 0 6 5 2 5 2 6 5 2 10 0 0 9 15 4 6 4 4 7 4 3 1 3 1 1 1 0 1 3 1 8 1 6 2 8 0 6 5 2 5 2 5 2 4 
52	13 2 7 2 7 2 7 11 11 5 2 5 2 5 2 3 0 0 0 11 5 2 5 2 5 2 5 2 3 0 0 0 0 6 5 2 10 0 0 9 15 4 6 5 2 5 2 5 2 3 0 1 0 0 3 0 1 0 0 6 5 2 3 0 0 6 5 2 3 0 0 6 2 8 0 6 2 8 0 6 4 4 7 4 3 1 3 1 1 1 1 1 3 1 1 1 1 1 3 1 8 1 6 2 5 2 5 2 3 1 0 0 0 3 1 0 0 3 1 0 0 1 3 1 0 0 1 8 1 6 2 8 6 2 8 0 4 
53	13 2 7 2 7 2 7 2 7 2 7 4 7 4 11 11 5 2 5 2 5 2 3 0 0 0 11 5 2 5 2 5 2 5 2 3 0 0 0 0 6 5 2 10 0 0 9 15 4 6 5 2 5 2 5 2 3 0 1 0 0 3 0 1 0 0 3 0 1 0 0 3 0 1 0 0 6 4 4 7 4 3 1 3 1 1 1 1 2 1 1 1 1 1 3 1 1 1 1 2 1 1 1 1 1 3 1 1 1 1 2 1 1 1 1 1 3 1 1 1 1 2 1 1 1 1 1 3 1 1 1 1 3 1 8 1 6 2 5 2 5 2 3 1 0 0 0 3 1 0 0 2 1 3 1 0 0 0 3 1 0 0 0 3 1 0 0 0 3 1 0 0 0 8 1 6 2 8 6 2 8 0 6 2 8 0 6 5 2 3 0 0 6 2 8 0 6 5 2 3 0 0 6 2 8 0 6 5 2 3 0 0 6 2 8 0 6 5 2 3 0 0 6 5 2 3 0 1 0 0 6 2 8 1 0 4 
54	13 2 7 2 7 11 11 5 2 5 2 5 2 3 0 0 0 11 5 2 5 2 5 2 5 2 3 0 0 0 0 6 5 2 10 0 0 9 15 4 6 5 2 5 2 5 2 3 0 1 0 0 6 5 2 3 0 0 6 2 8 0 6 4 4 7 4 3 1 3 1 1 1 1 1 3 1 8 1 6 2 5 2 5 2 3 1 0 0 0 3 1 0 0 3 1 0 0 1 8 1 6 2 8 6 2 8 0 4 
55	13 2 7 2 7 4 7 4 4 7 4 4 7 4 4 7 4 11 11 5 2 5 2 5 2 3 0 0 0 11 5 2 5 2 5 2 5 2 3 0 0 0 0 6 5 2 10 0 0 9 15 4 6 5 2 5 2 5 2 3 0 1 0 0 6 4 4 7 4 3 1 3 1 1 1 1 2 1 1 1 1 1 3 1 1 1 1 3 1 1 1 1 3 1 1 1 1 3 1 1 1 1 3 1 8 1 6 2 5 2 5 2 3 1 0 0 0 3 1 0 0 2 1 3 1 0 0 0 8 1 6 2 8 6 2 8 0 6 2 8 0 6 5 2 3 0 0 6 5 2 3 0 1 0 0 6 2 8 1 0 6 5 2 3 0 1 0 0 6 2 8 1 0 6 5 2 3 0 1 0 0 6 2 8 1 0 6 5 2 3 0 1 0 0 6 2 8 1 0 4 
56	13 2 7 2 7 2 7 11 11 5 2 5 2 5 2 3 0 0 0 11 5 2 5 2 5 2 5 2 3 0 0 0 0 6 5 2 10 0 0 9 15 4 6 5 2 5 2 5 2 3 0 1 0 0 3 0 2 0 2 7 17 18 2 7 0 0 0 9 3 0 0 1 0 0 0 6 5 2 3 0 0 6 5 2 10 0 9 3 0 2 9 2 7 2 0 3 1 0 0 0 3 0 0 3 0 0 0 6 2 8 0 6 2 5 2 8 0 0 6 2 8 0 6 4 4 7 4 3 1 3 1 1 1 1 1 17 18 2 7 0 1 0 9 3 1 1 1 1 0 1 0 3 1 8 1 6 2 5 2 5 2 10 0 9 3 0 2 3 1 0 0 0 3 1 0 0 2 1 3 1 0 0 1 17 18 2 7 0 1 0 9 3 1 0 0 0 1 0 8 1 6 2 8 1 6 2 8 0 6 2 8 4 
57	13 2 7 2 7 11 11 5 2 5 2 5 2 3 0 0 0 11 5 2 5 2 5 2 5 2 3 0 0 0 0 6 5 2 10 0 0 9 15 4 6 5 2 5 2 5 2 3 0 1 0 0 6 5 2 3 0 0 6 2 8 0 6 4 4 7 4 3 1 3 1 1 1 1 1 3 1 8 1 6 2 5 2 5 2 3 1 0 0 0 3 1 0 0 2 3 1 0 0 1 8 1 6 2 8 6 2 8 0 4 
58	13 2 7 2 7 2 7 2 7 2 7 11 11 5 2 5 2 5 2 3 0 0 0 11 5 2 5 2 5 2 5 2 3 0 0 0 0 6 5 2 10 0 0 9 15 4 6 5 2 5 2 5 2 3 0 1 0 0 6 4 4 7 4 3 1 3 1 1 1 1 2 1 1 1 1 1 3 1 8 1 6 2 5 2 5 2 3 1 0 0 0 3 1 0 0 2 1 3 1 0 0 0 8 1 6 2 8 6 2 8 0 6 2 8 0 6 5 2 3 0 0 4 
59	13 2 7 2 7 2 7 11 11 5 2 5 2 5 2 3 0 0 0 11 5 2 5 2 5 2 5 2 3 0 0 0 0 6 5 2 10 0 0 9 15 4 6 5 2 5 2 5 2 3 0 1 0 0 3 0 1 0 0 6 5 2 3 0 0 6 5 2 3 0 0 6 2 8 0 6 2 8 0 6 4 4 7 4 3 1 3 1 1 1 1 1 3 1 1 1 1 1 3 1 8 1 6 2 5 2 5 2 3 1 0 0 0 3 1 0 0 2 3 1 0 0 1 3 1 0 0 1 8 1 6 2 8 6 2 8 0 4 
60	13 2 7 2 7 11 11 5 2 5 2 5 2 3 0 0 0 11 5 2 5 2 5 2 5 2 3 0 0 0 0 6 5 2 10 0 0 9 15 4 6 5 2 5 2 5 2 3 0 1 0 0 6 5 2 3 0 0 6 2 8 0 6 4 4 7 4 3 1 3 1 1 1 1 3 1 8 1 6 2 5 2 5 2 3 1 0 0 0 3 1 0 0 2 3 1 0 0 1 8 1 6 2 8 6 2 8 0 4 
61	13 2 7 2 7 2 7 2 7 11 11 5 2 5 2 5 2 3 0 0 0 11 5 2 5 2 5 2 5 2 3 0 0 0 0 6 5 2 10 0 0 9 15 4 6 5 2 5 2 5 2 3 0 1 0 0 3 0 1 0 0 3 0 1 0 0 3 0 1 0 0 3 0 1 0 0 6 5 2 3 0 0 6 5 2 3 0 0 6 5 2 3 0 0 6 5 2 3 0 0 6 2 8 0 6 2 8 0 6 2 8 0 6 2 8 0 6 4 4 7 4 3 1 3 1 1 1 1 1 3 1 1 1 1 1 3 1 1 1 1 1 3 1 1 1 1 1 3 1 1 1 0 1 3 1 8 1 6 2 5 2 5 2 3 1 0 0 0 3 1 0 0 2 3 1 0 0 1 3 1 0 0 1 3 1 0 0 1 3 1 0 0 1 3 1 0 0 2 8 1 6 2 8 6 2 8 0 4 
62	13 2 7 2 7 11 11 5 2 5 2 5 2 3 0 0 0 11 5 2 5 2 5 2 5 2 3 0 0 0 0 6 5 2 10 0 0 9 15 4 6 5 2 5 2 5 2 3 0 1 0 0 6 5 2 3 0 0 6 2 8 0 6 4 4 7 4 3 1 3 1 1 1 1 1 3 1 8 1 6 2 5 2 5 2 3 1 0 0 0 3 1 0 0 3 1 0 0 1 8 1 6 2 8 6 2 8 0 4 
63	13 2 7 11 11 5 2 5 2 5 2 3 0 0 0 11 5 2 5 2 5 2 5 2 3 0 0 0 0 6 5 2 10 0 0 9 15 4 6 5 2 5 2 5 2 6 4 4 7 4 3 1 3 1 8 1 6 2 5 2 5 2 3 1 0 0 0 3 1 0 0 8 1 6 2 8 6 2 8 0 4 
64	13 2 7 11 11 5 2 5 2 5 2 3 0 0 0 11 5 2 5 2 5 2 5 2 3 0 0 0 0 6 5 2 10 0 0 9 15 4 6 5 2 5 2 5 2 6 4 4 7 4 3 1 3 1 8 1 6 2 5 2 5 2 3 1 0 0 0 3 1 0 0 8 1 6 2 8 6 2 8 0 4 
65	13 2 7 2 7 2 2 7 2 7 2 7 2 7 2 7 2 7 2 7 2 7 2 7 2 7 2 7 2 7 2 7 2 7 2 7 2 7 2 7 2 7 2 7 2 7 2 7 2 7 2 7 2 7 2 7 2 7 2 7 2 7 2 7 2 7 2 7 2 7 2 7 2 7 2 7 2 7 2 7 2 7 2 7 2 7 2 7 2 7 2 7 2 7 4 7 4 4 7 4 4 7 4 4 7 4 4 7 4 2 7 4 7 4 4 7 4 4 7 4 4 7 4 4 7 4 2 7 4 7 4 4 7 4 4 7 4 4 7 4 4 7 4 4 7 4 4 7 4 4 7 4 4 7 4 4 7 4 2 7 4 7 4 4 7 4 4 7 4 4 7 4 2 7 4 7 4 4 7 4 4 7 4 2 7 4 7 4 4 7 4 4 7 4 4 7 4 4 7 4 4 7 4 4 7 4 2 7 11 11 5 2 5 2 5 2 3 0 0 0 11 5 2 5 2 5 2 5 2 3 0 0 0 0 6 5 2 10 0 0 9 15 4 6 5 2 5 2 5 2 3 0 1 0 0 3 0 1 0 0 3 0 1 0 0 3 0 1 0 0 3 0 1 0 0 3 0 1 0 0 3 0 1 0 0 3 0 1 0 0 3 0 1 0 0 6 5 2 3 0 0 6 5 2 3 0 0 6 5 2 3 0 0 6 5 2 3 0 1 0 0 6 5 2 3 0 1 0 0 6 5 2 3 0 1 0 0 6 5 2 3 0 1 0 0 6 5 2 3 0 1 0 0 6 5 2 3 0 0 6 5 2 3 0 1 0 0 6 5 2 3 0 1 0 0 6 5 2 3 0 1 0 0 6 5 2 3 0 1 0 0 6 5 2 3 0 1 0 0 6 5 2 3 0 0 6 5 2 3 0 1 0 0 6 5 2 3 0 1 0 0 6 5 2 3 0 1 0 0 6 5 2 3 0 1 0 0 6 5 2 3 0 1 0 0 6 5 2 3 0 1 0 0 6 5 2 3 0 1 0 0 6 5 2 3 0 1 0 0 6 5 2 3 0 1 0 0 6 5 2 3 0 1 0 0 6 5 2 3 0 0 6 5 2 3 0 1 0 0 6 5 2 3 0 1 0 0 6 5 2 3 0 1 0 0 6 5 2 3 0 1 0 0 6 5 2 3 0 0 6 5 2 3 0 1 0 0 6 5 2 3 0 1 0 0 6 5 2 3 0 1 0 0 6 5 2 3 0 0 6 5 2 3 0 1 0 0 6 5 2 3 0 1 0 0 6 5 2 3 0 1 0 0 6 5 2 3 0 1 0 0 6 5 2 3 0 1 0 0 6 5 2 3 0 0 6 5 2 3 0 1 0 0 6 5 2 3 0 1 0 0 6 2 8 0 6 2 8 0 6 2 8 0 6 2 8 1 0 6 2 8 1 0 6 2 8 1 0 6 2 8 1 0 6 2 8 1 0 6 2 8 0 6 2 8 1 0 6 2 8 1 0 6 2 8 1 0 6 2 8 1 0 6 2 8 1 0 6 2 8 0 6 2 8 1 0 6 2 8 1 0 6 2 8 1 0 6 2 8 1 0 6 2 8 1 0 6 2 8 1 0 6 2 8 1 0 6 2 8 1 0 6 2 8 1 0 6 2 8 1 0 6 2 8 0 6 2 8 1 0 6 2 8 1 0 6 2 8 1 0 6 2 8 1 0 6 2 8 0 6 2 8 1 0 6 2 8 1 0 6 2 8 1 0 6 2 8 0 6 2 8 2 1 0 6 2 8 2 1 0 6 2 8 2 1 0 6 2 8 2 1 0 6 2 8 2 1 0 6 2 8 0 6 2 8 1 0 6 2 8 1 0 6 4 4 7 4 3 1 10 1 0 9 3 1 10 1 0 9 3 1 3 1 1 1 1 1 3 1 1 1 1 1 3 1 1 1 1 1 3 1 1 1 1 3 1 1 1 1 3 1 1 1 1 1 3 1 1 1 1 1 3 1 1 1 1 1 3 1 1 1 1 3 1 1 1 1 3 1 1 1 1 1 3 1 1 1 1 1 3 1 1 1 1 1 3 1 1 1 1 1 3 1 1 1 1 1 3 1 1 1 1 3 1 1 1 1 3 1 1 1 1 1 3 1 1 1 1 3 1 1 1 1 3 1 1 1 1 3 1 1 1 1 3 1 1 1 1 3 1 1 1 1 3 1 1 1 1 1 3 1 1 1 1 1 3 1 1 1 1 1 3 1 1 1 1 1 3 1 1 1 1 1 3 1 1 1 1 1 3 1 1 1 1 1 3 1 1 1 1 1 3 1 1 1 1 1 3 1 1 1 1 1 3 1 1 1 1 1 3 1 1 1 1 1 3 1 1 1 1 1 3 1 1 1 1 1 3 1 1 1 1 1 3 1 1 1 1 1 3 1 1 1 1 1 3 1 1 1 1 1 3 1 8 1 6 2 5 2 5 2 3 1 0 0 0 3 1 0 0 3 1 0 0 1 3 1 0 0 1 3 1 0 0 1 3 1 0 0 1 3 1 0 0 1 3 1 0 0 1 3 1 0 0 1 3 1 0 0 1 3 1 0 0 1 8 1 6 2 8 6 2 8 0 4 
66	13 2 7 11 11 5 2 5 2 5 2 3 0 0 0 11 5 2 5 2 5 2 5 2 3 0 0 0 0 6 5 2 6 5 2 5 2 5 2 3 0 1 0 0 3 0 1 0 0 3 0 1 0 0 6 5 2 3 0 0 6 5 2 3 0 0 6 2 8 0 6 2 8 0 6 4 4 7 4 3 1 3 1 1 1 1 1 3 1 1 1 1 1 3 1 1 1 0 1 3 1 8 1 6 2 5 2 5 2 3 1 0 0 1 3 1 0 0 1 3 1 0 0 2 8 1 6 2 8 6 2 8 0 4 
67	13 2 7 2 7 4 7 11 3 0 4 11 5 2 5 2 5 2 3 0 0 0 11 5 2 5 2 5 2 5 2 3 0 0 0 0 6 5 2 10 0 0 9 15 4 6 5 2 5 2 5 2 3 0 4 3 0 1 0 0 17 18 2 7 0 0 0 0 0 9 2 7 2 0 3 1 0 0 0 4 7 4 2 2 0 3 1 0 6 5 2 3 0 0 6 5 4 3 1 0 6 2 8 0 6 2 8 1 6 4 5 2 8 4 1 0 6 4 4 7 4 3 1 3 1 1 1 1 1 3 1 1 1 1 17 18 2 7 0 1 0 9 3 1 1 0 1 3 1 1 1 1 1 0 1 3 1 1 1 1 1 0 1 3 1 8 1 6 2 5 2 5 2 3 1 0 0 0 3 1 0 0 2 2 7 17 18 2 7 0 1 0 9 3 1 1 1 0 0 0 0 8 1 6 2 8 6 2 8 0 4 
68	13 2 7 2 7 2 7 11 11 5 2 5 2 5 2 3 0 0 0 11 5 2 5 2 5 2 5 2 3 0 0 0 0 6 5 2 10 0 0 9 15 4 6 5 2 5 2 5 2 3 0 1 0 0 6 5 2 3 0 0 6 2 8 0 6 4 4 7 4 3 1 3 1 1 1 1 3 1 8 1 6 2 5 2 5 2 3 1 0 0 0 3 1 0 0 3 1 0 0 1 8 1 6 2 8 6 2 8 0 4 
69	13 2 7 2 7 2 7 2 7 2 7 2 7 11 11 5 2 5 2 5 2 3 0 0 0 11 5 2 5 2 5 2 5 2 3 0 0 0 0 6 5 2 10 0 0 9 15 4 6 5 2 5 2 5 2 3 0 1 0 0 3 0 1 0 0 3 0 1 0 0 3 0 1 0 0 3 0 1 0 0 6 4 4 7 4 3 1 3 1 1 1 1 2 1 1 1 1 1 3 1 1 1 1 2 1 1 1 1 1 3 1 1 1 1 2 1 1 1 1 1 3 1 1 1 1 2 1 1 1 1 1 3 1 1 1 1 2 1 1 1 1 1 3 1 8 1 6 2 5 2 5 2 3 1 0 0 0 3 1 0 0 2 1 3 1 0 0 0 3 1 0 0 0 3 1 0 0 0 3 1 0 0 0 3 1 0 0 0 8 1 6 2 8 6 2 8 0 6 2 8 0 6 5 2 3 0 0 6 2 8 0 6 5 2 3 0 0 6 2 8 0 6 5 2 3 0 0 6 2 8 0 6 5 2 3 0 0 6 2 8 0 6 5 2 3 0 0 4 
70	13 2 7 2 7 11 11 5 2 5 2 5 2 3 0 0 0 11 5 2 5 2 5 2 5 2 3 0 0 0 0 6 5 2 10 0 0 9 15 4 6 5 2 5 2 5 2 3 0 1 0 0 6 4 4 7 4 3 1 3 1 1 1 1 2 1 1 1 1 1 3 1 8 1 6 2 5 2 5 2 3 1 0 0 0 3 1 0 0 2 1 3 1 0 0 0 8 1 6 2 8 6 2 8 0 6 2 8 0 6 5 2 3 0 0 4 
71	13 2 7 2 7 2 7 2 7 2 7 2 7 2 7 2 7 2 7 2 7 4 7 4 7 4 7 4 4 7 4 2 7 2 7 11 11 5 2 5 2 5 2 3 0 0 0 11 5 2 5 2 5 2 5 2 3 0 0 0 0 6 5 2 10 0 0 9 15 4 6 5 2 5 2 5 2 3 0 1 0 0 3 0 1 0 0 3 0 1 0 0 3 0 1 0 0 3 0 1 0 0 3 0 0 0 3 0 0 0 3 0 0 0 3 0 0 0 3 0 0 0 10 0 9 10 0 9 3 0 4 0 1 0 9 3 0 1 0 0 6 5 2 3 0 0 6 5 2 3 0 0 6 5 2 3 0 1 0 0 6 5 2 3 0 1 0 0 6 5 2 3 0 1 0 0 6 5 2 3 0 1 0 0 6 5 2 3 0 0 6 5 2 3 0 0 6 5 2 3 0 0 6 5 2 3 0 0 6 5 2 3 0 0 6 5 2 3 0 0 6 5 2 3 0 0 6 5 4 3 0 0 6 2 8 0 6 2 8 0 6 2 8 1 0 6 2 8 1 0 6 2 8 1 0 6 2 8 1 0 6 2 8 0 6 2 8 0 6 2 8 0 6 2 8 0 6 2 8 0 6 2 8 0 6 2 8 0 6 4 8 0 6 4 4 7 4 3 1 3 1 1 1 1 1 3 1 1 1 1 1 3 1 1 1 1 3 1 1 1 1 3 1 1 1 1 3 1 1 1 1 3 1 1 1 1 1 3 1 1 1 1 1 3 1 1 1 1 1 3 1 1 1 1 1 3 1 1 1 1 1 3 1 1 1 1 1 3 1 1 1 1 1 3 1 1 1 1 3 1 8 1 6 2 5 2 5 2 2 7 1 3 1 0 0 0 3 1 0 0 2 0 3 1 0 0 1 3 1 0 0 1 3 1 0 0 1 3 1 0 0 1 3 1 0 0 1 3 0 0 1 3 0 0 1 3 0 0 1 3 0 0 2 3 0 0 1 3 0 0 2 3 1 1 0 0 8 1 6 2 8 1 6 2 8 0 4 
72	13 2 7 2 7 4 7 11 11 5 2 5 2 5 2 3 0 0 0 11 5 2 5 2 5 2 5 2 3 0 0 0 0 6 5 2 10 0 0 9 15 4 6 5 2 5 2 5 2 10 0 9 3 0 0 0 3 1 0 6 5 2 3 0 0 6 5 4 3 0 0 6 2 6 4 8 0 6 4 4 7 4 3 1 3 1 1 1 1 1 3 1 1 1 1 3 1 8 1 6 2 5 2 5 2 2 7 10 1 9 3 1 0 0 0 3 1 0 0 2 0 1 10 1 9 3 0 0 2 1 8 1 6 2 2 7 10 1 9 8 0 1 6 2 8 0 4 
73	13 2 7 2 7 2 7 4 7 11 11 5 2 5 2 5 2 3 0 0 0 11 5 2 5 2 5 2 5 2 3 0 0 0 0 6 5 2 10 0 0 9 15 4 6 5 2 5 2 5 2 3 0 1 0 0 3 0 0 0 3 0 1 0 0 3 0 4 0 0 1 0 6 5 2 3 0 0 6 5 2 3 0 0 6 5 4 3 0 0 6 2 8 0 6 2 8 0 6 4 8 0 6 4 4 7 4 3 1 3 1 1 1 1 1 3 1 1 1 1 1 3 1 1 1 0 1 3 1 1 1 1 3 1 8 1 6 2 5 2 5 2 3 1 0 0 0 3 1 0 0 2 1 3 1 0 0 1 3 0 0 1 3 1 0 0 2 3 1 1 0 0 8 1 6 2 8 1 6 2 8 0 4 
74	13 2 7 2 7 2 7 2 7 2 7 2 7 2 7 2 7 2 7 4 7 11 3 0 4 11 5 2 5 2 5 2 3 0 0 0 11 5 2 5 2 5 2 5 2 3 0 0 0 0 6 5 2 5 2 5 2 10 0 9 3 0 1 0 0 3 0 1 0 0 3 0 1 0 0 3 0 1 0 0 3 0 1 0 0 3 0 1 0 0 3 0 1 0 0 3 0 1 0 0 0 9 3 0 2 0 3 1 0 0 3 1 0 0 3 1 0 0 0 0 6 4 5 2 5 2 5 2 4 7 4 8 0 6 5 2 3 0 0 6 5 2 3 0 0 6 5 2 3 0 0 6 5 2 3 0 0 6 5 2 3 0 0 6 5 2 3 0 0 6 2 8 0 6 2 8 0 6 2 8 0 6 2 8 0 6 2 8 0 6 2 8 0 6 5 4 3 1 0 6 4 8 4 1 6 4 8 4 1 6 2 8 1 6 4 8 4 0 6 5 2 10 0 0 9 15 4 6 2 8 0 6 2 5 2 5 2 10 0 9 2 7 1 3 1 0 0 0 3 1 0 0 2 0 3 1 0 0 1 3 1 0 0 1 3 1 0 0 1 3 1 0 0 1 3 1 0 0 1 3 1 0 0 0 3 1 0 0 1 9 3 1 0 0 0 0 8 1 6 2 2 7 10 0 9 3 0 1 9 3 0 0 8 0 6 2 4 7 1 2 7 17 18 2 7 0 1 0 9 4 7 4 1 0 3 0 1 8 0 6 5 2 5 2 2 7 0 17 18 2 7 0 1 0 9 4 7 4 1 0 3 1 0 0 3 0 1 6 2 5 4 10 1 1 9 8 10 1 1 1 1 9 8 10 1 1 1 1 9 8 8 6 2 5 4 10 1 1 9 8 10 1 1 1 1 9 8 10 1 1 1 1 9 8 8 6 2 5 4 8 1 1 1 1 6 2 8 6 2 8 6 2 5 4 4 7 4 0 10 1 1 1 1 9 8 10 1 1 9 8 10 1 1 9 8 10 1 1 9 8 10 1 1 9 8 8 6 2 5 4 10 0 4 9 8 4 7 4 0 10 1 1 1 1 9 8 8 4 4 4 
75	13 2 7 2 7 2 7 2 7 2 7 4 7 4 4 7 4 11 11 5 2 5 2 5 2 3 0 0 0 11 5 2 5 2 5 2 5 2 3 0 0 0 0 6 5 2 10 0 0 9 15 4 6 5 2 5 2 5 2 3 0 1 0 0 3 0 1 0 0 6 4 4 7 4 3 1 3 1 1 1 1 2 1 1 1 1 1 3 1 1 1 1 2 1 1 1 1 1 3 1 1 1 1 3 1 1 1 1 3 1 8 1 6 2 5 2 5 2 3 1 0 0 0 3 1 0 0 2 1 3 1 0 0 0 3 1 0 0 0 8 1 6 2 8 6 2 8 0 6 2 8 0 6 5 2 3 0 0 6 2 8 0 6 5 2 3 0 0 6 5 2 3 0 1 0 0 6 2 8 1 0 6 5 2 3 0 1 0 0 6 2 8 1 0 4 
76	13 2 7 2 7 11 11 5 2 5 2 5 2 3 0 0 0 11 5 2 5 2 5 2 5 2 3 0 0 0 0 6 5 2 10 0 0 9 15 4 6 5 2 5 2 5 2 3 0 1 0 0 6 5 2 10 0 9 3 0 9 3 0 6 2 8 0 6 4 4 7 4 3 1 3 1 1 1 1 3 1 8 1 6 2 5 2 5 2 3 1 0 0 0 3 1 0 0 2 3 1 0 0 0 8 1 6 2 8 6 2 8 0 4 
77	13 2 7 11 11 5 2 5 2 5 2 3 0 0 0 11 5 2 5 2 5 2 5 2 3 0 0 0 0 6 5 2 10 0 0 9 15 4 6 5 2 5 2 5 2 3 0 1 0 0 3 0 1 0 0 3 0 1 0 0 3 0 1 0 0 6 5 2 3 0 0 6 5 2 3 0 0 6 5 2 3 0 0 6 5 2 3 0 0 6 2 8 0 6 2 8 0 6 2 8 0 6 2 8 0 6 4 4 7 4 3 1 3 1 1 1 1 1 3 1 1 1 1 1 3 1 1 1 1 1 3 1 1 1 1 1 3 1 8 1 6 2 5 2 5 2 3 1 0 0 0 3 1 0 0 2 3 1 0 0 1 3 1 0 0 1 3 1 0 0 1 3 1 0 0 1 8 1 6 2 8 6 2 8 0 4 
78	13 2 7 2 7 11 11 5 2 5 2 5 2 3 0 0 0 11 5 2 5 2 5 2 5 2 3 0 0 0 0 6 5 2 10 0 0 9 15 4 6 5 2 5 2 5 2 3 0 1 0 0 6 5 2 10 0 9 3 0 9 3 0 6 2 8 0 6 4 4 7 4 3 1 3 1 1 1 1 3 1 8 1 6 2 5 2 5 2 3 1 0 0 0 3 1 0 0 2 3 1 0 0 2 0 8 1 6 2 8 6 2 8 0 4 
79	13 2 7 2 7 4 7 11 11 5 2 5 2 5 2 3 0 0 0 11 5 2 5 2 5 2 5 2 3 0 0 0 0 6 5 2 10 0 0 9 15 4 6 5 2 5 2 5 2 10 0 9 3 0 0 0 3 1 0 6 5 2 3 0 0 6 5 4 3 0 0 6 2 6 4 8 0 6 4 4 7 4 3 1 3 1 1 1 1 3 1 1 1 1 3 1 8 1 6 2 5 2 5 2 2 7 10 1 9 3 1 0 0 0 3 1 0 0 2 0 1 10 1 9 3 0 0 2 1 8 1 6 2 2 7 10 1 9 3 0 1 8 0 6 2 8 0 4 
80	13 2 7 2 7 2 7 2 7 2 7 11 11 5 2 5 2 5 2 3 0 0 0 11 5 2 5 2 5 2 5 2 3 0 0 0 0 6 5 2 10 0 0 9 15 4 6 5 2 5 2 5 2 3 0 1 0 0 6 5 2 3 0 0 6 2 8 0 6 4 4 7 4 3 1 3 1 1 1 1 1 3 1 8 1 6 2 5 2 5 2 3 1 0 0 0 3 1 0 0 3 1 0 0 1 8 1 6 2 8 6 2 8 0 4 
81	13 2 7 2 7 11 11 5 2 5 2 5 2 3 0 0 0 11 5 2 5 2 5 2 5 2 3 0 0 0 0 6 5 2 10 0 0 9 15 4 6 5 2 5 2 5 2 3 0 0 1 0 0 3 0 1 0 0 3 0 1 0 0 3 0 1 0 0 17 18 2 7 0 0 0 0 9 3 1 1 0 0 0 6 5 2 3 0 0 6 5 2 3 0 0 6 5 2 10 0 9 3 0 4 3 1 0 6 5 2 5 2 3 1 0 0 6 2 8 0 6 2 8 0 6 2 10 0 9 8 8 1 6 2 5 2 8 1 0 6 4 4 7 4 3 1 3 1 1 1 1 1 3 1 1 1 1 1 17 18 2 7 0 1 0 9 3 1 1 1 1 0 1 0 3 1 8 1 6 2 5 2 5 2 3 1 0 0 0 3 1 0 0 2 1 3 1 0 0 3 1 0 0 1 3 1 0 0 1 3 1 0 0 17 18 2 7 0 1 0 9 3 1 0 0 0 1 0 8 1 6 2 8 1 6 2 8 0 4 
82	13 2 7 11 11 5 2 5 2 5 2 3 0 0 0 11 5 2 5 2 5 2 5 2 3 0 0 0 0 6 5 2 10 0 0 9 15 4 6 5 2 5 2 5 2 6 4 4 7 4 3 1 3 1 8 1 6 2 5 2 5 2 3 1 0 0 0 3 1 0 0 8 1 6 2 8 6 2 8 0 4 
83	13 2 7 2 7 2 11 11 5 2 5 2 5 2 3 0 0 0 11 5 2 5 2 5 2 5 2 3 0 0 0 0 6 5 2 10 0 0 9 15 4 6 5 2 5 2 5 2 3 0 1 0 0 6 5 2 3 0 0 6 2 8 0 6 4 4 7 4 3 1 3 1 1 1 1 1 3 1 8 1 6 2 5 2 5 2 3 1 0 0 0 3 1 0 0 3 1 0 0 1 8 1 6 2 8 6 2 8 0 4 
84	13 2 7 2 7 11 11 5 2 5 2 5 2 3 0 0 0 11 5 2 5 2 5 2 5 2 3 0 0 0 0 6 5 2 10 0 0 9 15 4 6 5 2 5 2 5 2 3 0 1 0 0 6 5 2 10 0 9 3 0 9 3 0 6 2 8 0 6 4 4 7 4 3 1 3 1 1 1 1 3 1 8 1 6 2 5 2 5 2 3 1 0 0 0 3 1 0 0 2 3 1 0 0 0 8 1 6 2 8 6 2 8 0 4 
85	13 2 7 2 7 2 7 2 7 2 7 2 7 4 7 11 11 5 2 5 2 5 2 3 0 0 0 11 5 2 5 2 5 2 5 2 3 0 0 0 0 6 5 2 10 0 0 9 15 4 6 5 2 5 2 5 2 3 0 1 0 0 3 0 1 0 0 3 0 1 0 0 3 0 1 0 0 3 0 0 0 10 1 9 3 0 1 0 0 0 9 3 0 4 0 0 1 6 2 8 0 6 2 8 0 6 2 8 0 6 2 8 0 6 2 8 0 6 4 8 0 6 2 5 2 5 2 15 4 6 2 8 0 6 2 5 4 10 1 1 9 8 10 1 1 1 1 9 8 10 1 1 1 1 9 8 8 6 2 5 4 10 1 1 9 8 10 1 1 1 1 9 8 10 1 1 1 1 9 8 8 6 2 5 4 8 1 1 1 1 6 2 8 6 2 8 6 5 2 6 5 2 6 5 2 4 4 
86	13 2 7 2 7 2 7 2 7 2 7 11 11 5 2 5 2 5 2 3 0 0 0 11 5 2 5 2 5 2 5 2 3 0 0 0 0 6 5 2 10 0 0 9 15 4 6 5 2 5 2 5 2 3 0 1 0 0 3 0 1 0 0 3 0 1 0 0 3 0 1 0 0 6 5 2 3 0 0 6 5 2 3 0 0 6 5 2 3 0 0 6 5 2 3 0 0 6 2 8 0 6 2 8 0 6 2 8 0 6 2 8 0 6 4 4 7 4 3 1 3 1 1 1 1 1 3 1 1 1 1 1 3 1 1 1 1 1 3 1 1 1 1 1 3 1 8 1 6 2 5 2 5 2 3 1 0 0 0 3 1 0 0 2 3 1 0 0 1 3 1 0 0 1 3 1 0 0 1 3 1 0 0 1 8 1 6 2 8 6 2 8 0 6 2 5 4 10 1 1 9 8 10 1 1 1 1 9 8 10 1 1 1 1 9 8 8 6 2 5 4 10 1 1 9 8 10 1 1 1 1 9 8 10 1 1 1 1 9 8 8 6 2 5 4 8 1 1 1 1 6 2 8 6 2 8 6 2 5 4 4 7 4 0 10 1 1 1 1 9 8 10 1 1 9 8 10 1 1 9 8 10 1 1 9 8 10 1 1 9 8 8 6 2 5 4 10 0 4 9 8 4 7 4 0 10 1 1 1 1 9 8 8 4 4 4 
87	13 2 7 2 7 2 7 2 7 2 7 2 7 2 7 2 7 2 7 2 7 2 7 2 7 2 7 2 7 2 7 2 7 2 7 4 7 4 4 7 4 4 7 4 4 7 4 4 7 4 4 7 4 11 11 5 2 5 2 5 2 3 0 0 0 11 5 2 5 2 5 2 5 2 3 0 0 0 0 6 5 2 10 0 0 9 15 4 6 5 2 5 2 5 2 3 0 1 0 0 3 0 1 0 0 3 0 1 0 0 3 0 1 0 0 3 0 0 0 3 0 0 0 3 0 1 0 0 6 4 4 7 4 3 1 3 1 1 1 1 2 1 1 1 1 1 3 1 1 1 1 2 1 1 1 1 1 3 1 1 1 1 2 1 1 1 1 1 3 1 1 1 1 2 1 1 1 1 1 3 1 1 1 1 2 1 1 1 1 1 3 1 1 1 1 2 1 1 1 1 1 3 1 1 1 1 2 1 1 1 1 1 3 1 1 1 1 3 1 1 1 1 3 1 1 1 1 3 1 1 1 1 3 1 1 1 1 3 1 1 1 1 3 1 8 1 6 2 5 2 5 2 3 1 0 0 0 3 1 0 0 2 1 3 1 0 0 0 3 1 0 0 0 3 1 0 0 0 3 1 0 0 0 3 0 0 0 3 0 0 0 3 1 0 0 0 8 1 6 2 8 6 2 8 0 6 2 8 0 6 5 2 3 0 0 6 2 8 0 6 5 2 3 0 0 6 2 8 0 6 5 2 3 0 0 6 2 8 0 6 5 2 3 0 0 6 2 8 0 6 5 2 3 0 0 6 2 8 0 6 5 2 3 0 0 6 2 8 0 6 5 2 3 0 0 6 5 2 3 0 1 0 0 6 2 8 1 0 6 5 2 3 0 1 0 0 6 2 8 1 0 6 5 2 3 0 1 0 0 6 2 8 1 0 6 5 2 3 0 1 0 0 6 2 8 1 0 6 5 2 3 0 1 0 0 6 2 8 1 0 6 5 2 3 0 1 0 0 6 2 8 1 0 4 
88	13 2 7 2 7 2 7 2 7 2 7 2 7 2 7 2 7 2 7 2 7 2 7 2 7 2 7 2 7 2 7 2 7 2 7 2 7 4 7 4 4 7 4 4 7 4 2 7 11 11 5 2 5 2 5 2 3 0 0 0 11 5 2 5 2 5 2 5 2 3 0 0 0 0 6 5 2 10 0 0 9 15 4 6 5 2 5 2 5 2 3 0 1 0 0 3 0 1 0 0 3 0 1 0 0 3 0 1 0 0 3 0 1 0 0 6 4 4 7 4 3 1 3 1 1 1 1 2 1 1 1 1 1 3 1 1 1 1 2 1 1 1 1 1 3 1 1 1 1 2 1 1 1 1 1 3 1 1 1 1 2 1 1 1 1 1 3 1 1 1 1 3 1 1 1 1 3 1 1 1 1 3 1 1 1 1 2 1 1 1 1 1 3 1 8 1 6 2 5 2 5 2 3 1 0 0 0 3 1 0 0 2 1 3 1 0 0 0 3 1 0 0 0 3 1 0 0 0 3 1 0 0 0 3 1 0 0 0 8 1 6 2 8 6 2 8 0 6 2 8 0 6 5 2 3 0 0 6 2 8 0 6 5 2 3 0 0 6 2 8 0 6 5 2 3 0 0 6 2 8 0 6 5 2 3 0 0 6 2 8 0 6 5 2 3 0 0 6 5 2 3 0 1 0 0 6 2 8 1 0 6 5 2 3 0 1 0 0 6 2 8 1 0 6 5 2 3 0 1 0 0 6 2 8 1 0 4 
89	13 2 7 2 7 2 7 2 7 2 7 2 7 2 7 2 7 2 7 2 7 2 7 2 7 4 7 4 2 7 2 7 11 11 5 2 5 2 5 2 3 0 0 0 11 5 2 5 2 5 2 5 2 3 0 0 0 0 6 5 2 10 0 0 9 15 4 6 5 2 5 2 5 2 3 0 0 0 3 0 0 0 3 0 1 0 0 3 0 1 0 0 3 0 1 0 0 6 4 4 7 4 3 1 3 1 1 1 1 2 1 1 1 1 1 3 1 1 1 1 2 1 1 1 1 1 3 1 1 1 1 2 1 1 1 1 1 3 1 1 1 1 3 1 1 1 1 2 1 1 1 1 1 3 1 1 1 1 2 1 1 1 1 1 3 1 8 1 6 2 5 2 5 2 3 1 0 0 0 3 1 0 0 2 1 3 0 0 0 3 0 0 0 3 1 0 0 0 3 1 0 0 0 3 1 0 0 0 8 1 6 2 8 6 2 8 0 6 2 8 0 6 5 2 3 0 0 6 2 8 0 6 5 2 3 0 0 6 2 8 0 6 5 2 3 0 0 6 2 8 0 6 5 2 3 0 0 6 2 8 0 6 5 2 3 0 0 6 5 2 3 0 1 0 0 6 2 8 1 0 4 
90	13 2 7 2 7 4 7 11 11 5 2 5 2 5 2 3 0 0 0 11 5 2 5 2 5 2 5 2 3 0 0 0 0 6 5 2 5 2 5 2 3 0 1 0 0 3 0 4 0 2 7 17 18 2 7 0 0 0 9 4 7 4 1 0 0 0 1 0 0 0 1 0 0 0 1 0 0 0 3 0 3 1 0 6 2 8 0 6 5 2 3 0 0 6 2 5 2 5 2 5 2 5 2 10 0 9 3 0 4 4 7 4 0 0 0 0 3 1 0 3 0 8 1 6 5 2 3 1 0 3 0 6 4 5 2 8 4 1 0 6 2 2 7 3 0 1 8 0 6 2 8 0 6 2 5 2 5 2 2 7 1 2 7 3 1 0 0 0 3 1 0 0 2 0 3 1 0 0 1 17 18 2 7 0 1 0 9 4 7 1 0 3 1 0 0 0 0 3 0 3 1 0 0 0 0 3 0 3 1 0 0 0 0 3 0 3 1 0 0 0 0 3 0 8 0 6 4 4 7 4 3 1 1 3 1 1 0 1 3 1 1 0 1 17 18 2 7 0 0 0 9 4 7 4 1 0 3 1 1 0 1 3 1 1 0 1 3 1 1 0 1 3 1 1 0 1 3 1 1 8 1 6 5 2 10 0 0 9 15 4 0 13 11 5 2 5 2 5 2 5 2 3 0 0 3 0 0 3 0 0 3 0 0 2 7 2 7 2 7 2 7 4 
91	13 2 7 11 11 5 2 5 2 5 2 3 0 0 0 11 5 2 5 2 5 2 5 2 3 0 0 0 0 6 5 2 10 0 0 9 15 4 6 5 2 5 2 5 2 3 0 0 0 3 0 0 0 6 5 2 3 0 0 6 5 2 3 0 0 6 2 8 0 6 2 8 0 6 4 4 7 4 3 1 3 1 1 1 1 1 3 1 1 1 1 1 3 1 8 1 6 2 5 2 5 2 3 1 0 0 0 3 1 0 0 3 0 0 1 3 0 0 1 8 1 6 2 8 6 2 8 0 4 
92	13 2 7 2 7 2 7 2 7 2 7 11 11 5 2 5 2 5 2 3 0 0 0 11 5 2 5 2 5 2 5 2 3 0 0 0 0 6 2 8 0 6 2 8 0 6 2 8 0 6 2 8 0 0 6 2 5 2 8 0 0 6 5 2 5 2 5 2 3 0 1 0 0 3 0 1 0 0 3 0 1 0 0 0 3 0 1 0 0 0 6 2 5 2 5 2 5 2 5 2 2 7 2 0 0 2 7 17 18 0 0 9 2 7 3 0 1 0 0 0 3 0 3 0 0 0 3 0 8 0 6 4 4 7 4 3 1 3 1 1 1 1 1 3 1 1 1 1 1 17 18 2 7 0 1 0 9 3 1 1 0 1 1 1 1 0 1 3 1 8 1 6 5 2 10 0 0 9 15 4 6 2 8 0 6 2 5 2 5 2 15 4 4 
93	13 2 7 2 7 2 7 4 7 2 7 11 11 5 2 5 2 5 2 3 0 0 0 11 5 2 5 2 5 2 5 2 3 0 0 0 0 6 2 8 0 6 2 8 0 6 2 8 0 6 2 8 0 0 6 2 5 2 8 4 1 0 6 2 5 2 8 1 4 1 0 6 5 2 5 2 5 2 3 0 1 0 0 3 0 1 0 0 3 0 1 0 0 0 3 0 1 0 1 0 6 4 5 2 5 2 5 2 5 2 4 7 4 17 18 0 0 9 4 7 4 3 0 1 0 0 0 3 0 3 0 1 0 0 0 3 0 3 1 0 8 0 6 4 4 7 4 3 1 3 1 1 1 1 1 3 1 1 1 1 1 17 18 2 7 0 1 0 9 3 1 1 0 1 1 1 1 0 1 3 1 1 0 1 1 1 0 1 3 1 8 1 6 5 2 10 0 0 9 15 4 6 2 8 0 6 2 5 2 5 2 15 4 4 13 2 7 2 7 
94	13 2 7 2 7 11 11 5 2 5 2 5 2 3 0 0 0 11 5 2 5 2 5 2 5 2 3 0 0 0 0 6 5 2 10 0 0 9 15 4 6 5 2 5 2 5 2 3 0 1 0 0 6 4 4 7 4 3 1 3 1 1 1 1 2 1 1 1 1 1 3 1 8 1 6 2 5 2 5 2 3 1 0 0 0 3 1 0 0 2 1 3 1 0 0 0 8 1 6 2 8 6 2 8 0 6 2 8 0 6 5 2 3 0 0 4 
95	13 2 7 2 7 2 7 2 7 2 7 11 11 5 2 5 2 5 2 3 0 0 0 11 5 2 5 2 5 2 5 2 3 0 0 0 0 6 5 2 5 2 5 2 3 0 1 0 0 3 0 1 0 0 3 0 1 0 0 3 0 1 0 0 6 5 2 3 0 0 6 5 2 3 0 0 6 5 2 3 0 0 6 5 2 3 0 0 6 2 8 0 6 2 8 0 6 2 8 0 6 2 8 0 6 4 4 7 4 3 1 3 1 1 1 1 1 3 1 1 1 1 1 3 1 1 1 1 1 3 1 1 1 1 3 1 8 1 6 2 5 2 5 2 3 1 0 0 0 3 1 0 0 2 3 1 0 0 1 3 1 0 0 1 3 1 0 0 1 3 1 0 0 1 8 1 6 2 8 6 5 2 10 0 0 9 15 4 6 2 8 0 6 2 5 4 10 1 1 9 8 10 1 1 1 1 9 8 10 1 1 1 1 9 8 8 6 2 5 4 10 1 1 9 8 10 1 1 1 1 9 8 10 1 1 1 1 9 8 8 6 2 5 4 8 1 1 1 1 6 2 8 6 2 8 6 2 5 4 4 7 4 0 10 1 1 1 1 9 8 10 1 1 9 8 10 1 1 9 8 10 1 1 9 8 10 1 1 9 8 8 6 2 5 4 10 0 4 9 8 4 7 4 0 10 1 1 1 1 9 8 8 4 4 4 
96	13 2 7 11 11 5 2 5 2 5 2 3 0 0 0 11 5 2 5 2 5 2 5 2 3 0 0 0 0 6 5 2 10 0 0 9 15 4 6 5 2 5 2 5 2 3 0 1 0 0 6 5 2 3 0 0 6 2 8 0 6 4 4 7 4 3 1 3 1 1 1 1 1 3 1 8 1 6 2 5 2 5 2 3 1 0 0 0 3 1 0 0 3 1 0 0 1 8 1 6 2 8 6 2 8 0 4 
97	13 2 7 2 7 11 11 5 2 5 2 5 2 3 0 0 0 11 5 2 5 2 5 2 5 2 3 0 0 0 0 6 5 2 10 0 0 9 15 4 6 5 2 5 2 5 2 3 0 1 0 0 6 5 2 3 0 0 6 2 8 0 6 4 4 7 4 3 1 3 1 1 1 1 1 3 1 8 1 6 2 5 2 5 2 3 1 0 0 0 3 1 0 0 3 1 0 0 1 8 1 6 2 8 6 2 8 0 4 
98	13 2 7 2 7 2 7 11 11 5 2 5 2 5 2 3 0 0 0 11 5 2 5 2 5 2 5 2 3 0 0 0 0 6 5 2 10 0 0 9 15 4 6 5 2 5 2 5 2 3 0 1 0 0 3 0 1 0 0 6 4 4 7 4 3 1 3 1 1 1 1 2 1 1 1 1 1 3 1 1 1 1 2 1 1 1 1 1 3 1 8 1 6 2 5 2 5 2 3 1 0 0 0 3 1 0 0 2 1 3 1 0 0 0 3 1 0 0 0 8 1 6 2 8 6 2 8 0 6 2 8 0 6 5 2 3 0 0 6 2 8 0 6 5 2 3 0 0 4 
99	13 2 7 2 7 11 11 5 2 5 2 5 2 3 0 0 0 11 5 2 5 2 5 2 5 2 3 0 0 0 0 6 5 2 10 0 0 9 15 4 6 5 2 5 2 5 2 3 0 1 0 0 6 5 2 10 0 9 3 0 9 3 0 6 2 8 0 6 4 4 7 4 3 1 3 1 1 1 1 3 1 8 1 6 2 5 2 5 2 3 1 0 0 0 3 1 0 0 3 1 0 0 0 8 1 6 2 8 6 2 8 0 4 
100	13 2 7 2 7 11 11 5 2 5 2 5 2 3 0 0 0 11 5 2 5 2 5 2 5 2 3 0 0 0 0 6 5 2 10 0 0 9 15 4 6 5 2 5 2 5 2 3 0 1 0 0 6 5 2 10 0 9 3 0 9 3 0 6 2 8 0 6 4 4 7 4 3 1 3 1 1 1 1 3 1 8 1 6 2 5 2 5 2 3 1 0 0 0 3 1 0 0 2 3 1 0 0 0 8 1 6 2 8 6 2 8 0 4 
101	13 2 7 2 7 11 11 5 2 5 2 5 2 3 0 0 0 11 5 2 5 2 5 2 5 2 3 0 0 0 0 6 5 2 10 0 0 9 15 4 6 5 2 5 2 5 2 3 0 1 0 0 6 5 2 10 0 9 3 0 9 3 0 6 2 8 0 6 4 4 7 4 3 1 3 1 1 1 1 3 1 8 1 6 2 5 2 5 2 3 1 0 0 0 3 1 0 0 2 3 1 0 0 0 8 1 6 2 8 6 2 8 0 4 
102	13 2 7 2 7 2 7 2 7 2 7 2 7 2 7 4 7 4 7 4 7 4 4 7 4 7 4 7 4 7 4 7 2 7 2 7 2 7 2 7 2 7 11 11 5 2 5 2 5 2 3 0 0 0 11 5 2 5 2 5 2 5 2 3 0 0 0 0 6 5 2 10 0 0 9 15 4 6 5 2 5 2 5 2 3 0 1 0 0 3 0 1 0 0 3 0 1 0 0 3 0 1 0 0 3 0 1 0 0 3 0 1 0 0 3 0 1 0 0 3 0 1 0 0 3 0 1 0 0 3 0 1 0 0 3 0 1 0 0 6 5 2 3 0 0 6 5 2 3 0 0 6 5 2 3 0 0 6 5 2 3 0 0 6 5 2 3 0 0 6 5 2 3 0 0 6 5 2 3 0 1 0 0 6 5 2 3 0 1 0 0 6 5 2 3 0 1 0 0 6 5 2 3 0 1 0 0 6 5 2 3 0 1 0 0 6 5 2 3 0 1 0 0 6 5 2 3 0 1 0 0 6 5 2 3 0 1 0 0 6 5 2 3 0 0 6 5 2 3 0 0 6 5 2 3 0 0 6 5 2 3 0 0 6 5 2 3 0 0 6 2 8 0 6 2 8 0 6 2 8 0 6 2 8 0 6 2 8 0 6 2 8 0 6 2 8 1 0 6 2 8 1 0 6 2 8 1 0 6 2 8 1 0 6 2 8 1 0 6 2 8 1 0 6 2 8 1 0 6 2 8 1 0 6 2 8 0 6 2 8 0 6 2 8 0 6 2 8 0 6 2 8 0 6 4 4 7 4 3 1 3 1 1 1 1 3 1 1 1 1 3 1 1 1 1 3 1 1 1 1 3 1 1 1 1 3 1 1 1 1 3 1 1 1 1 3 1 1 1 1 3 1 1 1 1 3 1 1 1 1 3 1 1 1 1 3 1 1 1 1 3 1 1 1 1 3 1 1 1 1 3 1 1 1 1 3 1 1 1 1 3 1 1 1 1 3 1 1 1 1 3 1 1 1 1 3 1 8 1 6 2 5 2 5 2 3 1 0 0 0 3 1 0 0 2 3 1 0 0 1 3 1 0 0 1 3 1 0 0 1 3 1 0 0 1 3 1 0 0 1 3 1 0 0 1 3 1 0 0 1 3 1 0 0 1 3 1 0 0 1 3 1 0 0 1 3 1 0 0 1 8 1 6 2 8 6 2 8 0 4 
103	13 2 7 2 7 11 11 5 2 5 2 5 2 3 0 0 0 11 5 2 5 2 5 2 5 2 3 0 0 0 0 6 5 2 10 0 0 9 15 4 6 5 2 5 2 5 2 3 0 1 0 0 6 5 2 10 0 9 3 0 9 3 0 6 2 8 0 6 4 4 7 4 3 1 3 1 1 1 1 1 3 1 8 1 6 2 5 2 5 2 3 1 0 0 0 3 1 0 0 3 1 0 0 1 8 1 6 2 8 6 2 8 0 4 
104	13 2 7 2 7 11 11 5 2 5 2 5 2 3 0 0 0 11 5 2 5 2 5 2 5 2 3 0 0 0 0 6 5 2 10 0 0 9 15 4 6 5 2 5 2 5 2 3 0 1 0 0 6 5 2 10 0 9 3 0 9 3 0 6 2 8 0 6 4 4 7 4 3 1 3 1 1 1 1 1 3 1 8 1 6 2 5 2 5 2 3 1 0 0 0 3 1 0 0 3 1 0 0 1 8 1 6 2 8 6 2 8 0 4 
105	13 2 7 2 7 2 7 2 7 11 11 5 2 5 2 5 2 3 0 0 3 0 0 3 0 0 3 1 0 3 1 0 0 11 5 2 5 2 5 2 5 2 3 0 0 3 0 0 3 0 0 3 1 0 3 1 0 0 0 6 5 2 6 5 2 5 2 3 1 0 0 6 5 2 5 2 5 2 6 2 2 7 2 1 3 1 0 8 0 6 2 5 2 5 2 6 2 8 1 0 6 2 8 6 2 8 6 4 8 25 6 5 2 6 2 
106	13 2 7 4 7 10 0 9 3 0 4 4 4 4 4 4 4 4 4 4 4 4 4 4 4 4 4 4 4 4 4 4 4 4 4 4 4 4 4 4 4 4 4 4 4 4 4 4 4 4 4 4 4 4 4 4 4 4 4 4 4 4 4 4 4 4 4 4 4 4 4 4 4 4 4 4 4 4 9 3 0 4 4 4 4 4 4 4 4 4 4 4 4 4 4 4 4 4 4 4 4 4 4 4 4 4 4 4 4 4 4 4 4 4 4 4 4 4 4 4 4 4 4 4 4 4 4 4 4 4 4 4 4 4 4 4 4 4 4 4 4 4 4 4 4 4 4 4 4 7 1 0 6 5 2 3 0 0 6 4 5 4 4 7 4 0 4 7 20 2 7 0 9 3 0 1 0 10 0 9 2 7 1 0 2 7 2 2 0 3 1 0 4 7 1 0 0 10 0 9 17 18 2 7 0 0 0 9 3 1 9 4 7 0 10 0 9 10 0 0 9 10 0 9 15 4 3 1 0 9 3 0 0 3 1 0 21 22 15 4 8 0 6 4 5 2 5 2 5 2 4 7 4 7 20 4 7 4 1 4 0 10 0 9 3 0 4 1 4 4 0 4 0 0 9 3 0 4 0 0 0 21 22 3 1 15 4 1 10 0 4 9 4 7 4 0 4 7 4 3 1 1 3 1 1 3 1 1 3 1 1 3 0 0 10 0 4 9 3 0 10 0 4 9 4 7 4 0 3 0 4 1 17 18 2 7 0 1 0 9 4 7 4 3 1 2 0 1 3 1 1 3 1 1 0 3 1 1 0 3 0 0 0 10 0 4 9 4 7 4 0 3 0 4 1 17 18 2 7 0 1 0 9 4 7 4 3 1 2 0 1 3 1 1 3 1 1 0 3 0 0 0 10 0 9 3 0 4 3 0 0 8 0 6 2 2 7 2 1 2 7 17 18 4 7 1 1 1 9 4 7 4 1 3 0 0 1 8 0 6 4 5 4 4 7 4 4 7 17 18 2 7 0 0 0 9 4 7 2 7 3 0 0 0 20 3 0 1 1 3 0 1 4 2 2 2 21 22 15 4 3 1 4 0 0 8 0 
107	13 11 5 4 3 0 4 
108	13 2 7 2 7 2 7 2 7 11 11 5 2 5 2 5 2 3 0 0 0 11 5 2 5 2 5 2 5 2 3 0 0 0 0 6 5 2 10 0 0 9 15 4 6 5 2 5 2 5 2 3 0 1 0 0 6 5 2 3 0 0 6 2 8 0 6 4 4 7 4 3 1 3 1 1 1 1 1 3 1 8 1 6 2 5 2 5 2 3 1 0 0 0 3 1 0 0 2 3 1 0 0 1 8 1 6 2 8 6 2 8 0 4 
109	13 2 7 2 7 11 11 5 2 5 2 5 2 3 0 0 0 11 5 2 5 2 5 2 5 2 3 0 0 0 0 6 5 2 10 0 0 9 15 4 6 5 2 5 2 5 2 3 0 1 0 0 6 5 2 10 0 9 3 0 9 3 0 6 2 8 0 6 4 4 7 4 3 1 3 1 1 1 1 3 1 8 1 6 2 5 2 5 2 3 1 0 0 0 3 1 0 0 3 1 0 0 0 8 1 6 2 8 6 2 8 0 4 
110	13 2 7 2 7 2 7 2 7 2 7 2 7 2 7 2 7 2 7 11 11 5 2 5 2 5 2 3 0 0 0 11 5 2 5 2 5 2 5 2 3 0 0 0 0 6 5 2 10 0 0 9 15 4 6 5 2 5 2 5 2 3 0 1 0 0 3 0 1 0 0 3 0 1 0 0 3 0 1 0 0 6 2 8 0 6 2 8 0 6 2 8 0 6 2 8 0 6 2 8 2 0 6 2 8 1 0 6 4 4 7 4 3 1 3 1 1 1 1 1 3 1 1 1 1 1 3 1 1 1 1 1 3 1 1 1 1 1 3 1 1 1 1 1 3 1 1 1 1 3 1 8 1 6 2 5 2 5 2 4 7 4 3 1 1 3 1 1 3 1 1 3 1 1 8 1 0 0 6 5 4 2 7 2 7 17 18 2 7 0 0 0 9 3 1 1 0 0 0 0 1 0 0 6 2 8 0 6 2 5 4 10 1 1 9 8 10 1 1 1 1 9 8 10 1 1 1 1 9 8 8 6 2 5 4 10 1 1 9 8 10 1 1 1 1 9 8 10 1 1 1 1 9 8 8 6 2 5 4 8 1 1 1 1 6 2 8 6 2 8 6 5 2 6 5 2 6 5 2 4 4 
111	13 2 7 2 7 2 7 2 7 2 7 2 7 4 7 4 4 7 4 4 7 4 4 7 4 4 7 4 11 11 5 2 5 2 5 2 3 0 0 0 11 5 2 5 2 5 2 5 2 3 0 0 0 0 6 5 2 10 0 0 9 15 4 6 5 2 5 2 5 2 3 0 1 0 0 3 0 1 0 0 3 0 1 0 0 3 0 1 0 0 3 0 1 0 0 3 0 1 0 0 3 0 1 0 0 3 0 1 0 0 6 5 2 3 0 0 6 5 2 3 0 0 6 5 2 3 0 0 6 5 2 3 0 0 6 5 2 3 0 0 6 5 2 3 0 0 6 5 2 3 0 1 0 0 6 5 2 3 0 1 0 0 6 5 2 3 0 1 0 0 6 5 2 3 0 1 0 0 6 5 2 3 0 1 0 0 6 5 2 3 0 0 6 2 8 0 6 2 8 0 6 2 8 0 6 2 8 0 6 2 8 0 6 2 8 0 6 2 8 1 0 6 2 8 1 0 6 2 8 1 0 6 2 8 1 0 6 2 8 1 0 6 2 8 0 6 2 8 6 4 4 7 4 3 1 3 1 1 1 1 1 3 1 1 1 1 1 3 1 1 1 1 1 3 1 1 1 1 1 3 1 1 1 1 1 3 1 1 1 0 1 3 1 1 1 1 1 3 1 1 1 1 1 3 1 1 1 1 3 1 1 1 1 3 1 1 1 1 3 1 1 1 1 3 1 1 1 1 1 3 1 8 1 6 2 5 2 5 2 3 1 0 0 0 3 1 0 0 2 3 1 0 0 1 3 1 0 0 1 2 1 3 1 0 0 1 2 1 3 1 0 0 1 3 1 0 0 1 3 1 0 0 0 3 1 0 0 1 3 1 0 0 1 8 1 6 2 8 6 2 8 0 6 2 5 4 4 7 4 0 10 1 1 9 8 10 1 1 9 8 10 1 1 9 8 8 6 2 5 4 10 0 4 9 8 4 7 4 0 10 1 1 9 8 8 4 4 
112	13 2 7 2 7 11 11 5 2 5 2 5 2 3 0 0 0 11 5 2 5 2 5 2 5 2 3 0 0 0 0 6 5 2 10 0 0 9 15 4 6 5 2 5 2 5 2 3 0 1 0 0 6 5 2 3 0 2 0 6 2 8 0 6 4 4 7 4 3 1 3 1 1 1 1 3 1 8 1 6 2 5 2 5 2 3 1 0 0 0 3 1 0 0 2 3 1 0 0 0 8 1 6 2 8 6 2 8 0 4 
113	13 2 7 2 7 2 7 2 7 2 7 2 7 11 11 5 2 5 2 5 2 3 0 0 0 11 5 2 5 2 5 2 5 2 3 0 0 0 0 6 5 2 10 0 0 9 15 4 6 5 2 5 2 5 2 3 0 0 0 3 0 1 0 0 3 0 1 0 0 3 0 1 0 0 3 0 1 0 0 6 5 2 3 0 0 6 5 2 3 0 0 6 5 2 3 0 0 6 5 2 3 0 0 6 5 2 3 0 0 6 2 8 0 6 2 8 0 6 2 8 0 6 2 8 0 6 2 8 0 6 4 4 7 4 3 1 3 1 1 1 1 1 3 1 1 1 1 1 3 1 1 1 1 1 3 1 1 1 1 1 3 1 1 1 1 1 3 1 8 1 6 2 5 2 5 2 3 1 0 0 0 3 1 0 0 2 3 0 0 1 3 1 0 0 1 3 1 0 0 1 3 1 0 0 1 3 1 0 0 2 3 1 0 0 2 3 1 0 0 2 3 0 0 3 0 0 8 1 6 2 8 6 2 8 0 4 
114	13 2 7 2 7 11 11 5 2 5 2 5 2 3 0 0 0 11 5 2 5 2 5 2 5 2 3 0 0 0 0 6 5 2 10 0 0 9 15 4 6 5 2 5 2 5 2 3 0 1 0 0 6 4 4 7 4 3 1 3 1 1 1 1 2 1 1 1 1 1 3 1 8 1 6 2 5 2 5 2 3 1 0 0 0 3 1 0 0 2 1 3 1 0 0 0 8 1 6 2 8 6 2 8 0 6 2 8 0 6 5 2 3 0 0 4 
115	13 2 7 2 7 4 7 4 4 7 4 4 7 4 4 7 4 4 7 4 4 7 4 11 11 5 2 5 2 5 2 3 0 0 0 11 5 2 5 2 5 2 5 2 3 0 0 0 0 6 5 2 10 0 0 9 15 4 6 5 2 5 2 5 2 3 0 1 0 0 6 4 4 7 4 3 1 3 1 1 1 1 2 1 1 1 1 1 3 1 1 1 1 3 1 1 1 1 3 1 1 1 1 3 1 1 1 1 3 1 1 1 1 3 1 1 1 1 3 1 8 1 6 2 5 2 5 2 3 1 0 0 0 3 1 0 0 2 1 3 1 0 0 0 8 1 6 2 8 6 2 8 0 6 2 8 0 6 5 2 3 0 0 6 5 2 3 0 1 0 0 6 2 8 1 0 6 5 2 3 0 1 0 0 6 2 8 1 0 6 5 2 3 0 1 0 0 6 2 8 1 0 6 5 2 3 0 1 0 0 6 2 8 1 0 6 5 2 3 0 1 0 0 6 2 8 1 0 6 5 2 3 0 1 0 0 6 2 8 1 0 4 
116	13 2 7 2 7 11 11 5 2 5 2 5 2 3 0 0 0 11 5 2 5 2 5 2 5 2 3 0 0 0 0 6 5 2 10 0 0 9 15 4 6 5 2 5 2 5 2 3 0 1 0 0 6 4 4 7 4 3 1 3 1 1 1 1 1 3 1 8 1 6 2 5 2 5 2 3 1 0 0 0 3 1 0 0 2 1 3 1 0 0 0 8 1 6 2 8 0 6 2 8 0 6 2 8 0 6 5 2 3 0 0 4 
117	13 2 7 2 7 2 7 2 7 2 7 2 7 2 7 2 7 2 7 2 7 2 7 2 7 2 7 2 7 2 7 2 7 2 7 2 7 2 7 11 11 5 2 5 2 5 2 3 0 0 0 11 5 2 5 2 5 2 5 2 3 0 0 0 0 6 5 2 10 0 0 9 15 4 6 5 2 5 2 5 2 3 0 1 0 0 3 0 1 0 0 3 0 1 0 0 3 0 1 0 0 3 0 1 0 0 3 0 1 0 0 6 4 4 7 4 3 1 3 1 1 1 1 2 1 1 1 1 1 3 1 1 1 1 2 1 1 1 1 1 3 1 1 1 1 2 1 1 1 1 1 3 1 1 1 1 2 1 1 1 1 1 3 1 1 1 1 2 1 1 1 1 1 3 1 1 1 1 2 1 1 1 1 1 3 1 8 1 6 2 5 2 5 2 3 1 0 0 0 3 1 0 0 2 1 3 1 0 0 0 3 1 0 0 0 3 1 0 0 0 3 1 0 0 0 3 1 0 0 0 3 1 0 0 0 8 1 6 2 8 6 2 8 0 6 2 8 0 6 5 2 3 0 0 6 2 8 0 6 5 2 3 0 0 6 2 8 0 6 5 2 3 0 0 6 2 8 0 6 5 2 3 0 0 6 2 8 0 6 5 2 3 0 0 6 2 8 0 6 5 2 3 0 0 4 
118	13 2 7 2 7 4 7 4 4 7 4 4 7 4 4 7 4 4 7 4 2 7 2 7 2 7 2 7 11 11 5 2 5 2 5 2 3 0 0 0 11 5 2 5 2 5 2 5 2 3 0 0 0 0 6 5 2 10 0 0 9 15 4 6 5 2 5 2 5 2 3 0 1 0 0 3 0 0 0 6 4 4 7 4 3 1 3 1 1 1 1 2 1 1 1 1 1 3 1 1 1 1 3 1 1 1 1 3 1 1 1 1 3 1 1 1 1 3 1 1 1 1 3 1 1 1 1 2 1 1 1 1 1 3 1 8 1 6 2 5 2 5 2 3 1 0 0 0 3 1 0 0 2 1 3 1 0 0 0 3 0 0 0 8 1 6 2 8 6 2 8 0 6 2 8 0 6 5 2 3 0 0 6 2 8 0 6 5 2 3 0 0 6 5 2 3 0 1 0 0 6 2 8 1 0 6 5 2 3 0 1 0 0 6 2 8 1 0 6 5 2 3 0 1 0 0 6 2 8 1 0 6 5 2 3 0 1 0 0 6 2 8 1 0 6 5 2 3 0 1 0 0 6 2 8 1 0 4 
119	13 2 7 2 7 0 2 7 0 0 2 7 0 0 2 7 0 0 2 7 2 7 2 7 4 7 2 7 4 7 2 7 2 7 2 7 4 7 11 3 0 3 0 3 0 4 3 1 3 0 3 0 3 0 3 0 11 5 2 5 2 5 2 3 0 0 0 11 5 2 5 2 5 2 5 2 3 0 0 0 0 6 2 5 4 2 7 10 0 9 3 0 1 9 2 7 2 7 1 17 18 2 7 0 0 0 9 10 1 0 9 3 0 14 3 0 1 0 0 8 0 6 2 5 4 5 2 3 0 4 7 0 0 2 7 4 7 4 3 1 0 3 1 2 1 3 1 2 0 4 7 4 1 0 10 0 9 3 0 1 9 3 0 1 3 0 3 0 4 0 3 1 0 0 8 0 6 2 8 0 6 2 8 0 6 5 2 3 0 0 6 5 2 3 0 0 6 4 5 2 8 4 1 4 0 6 2 5 2 8 4 1 4 0 6 4 4 7 4 3 1 3 1 1 1 1 1 3 1 1 1 1 1 17 18 2 7 0 1 0 9 3 1 1 4 1 4 0 1 0 3 1 8 1 6 2 5 2 5 2 2 7 1 2 7 2 7 1 10 0 0 9 2 7 2 7 2 7 2 7 2 7 2 7 2 7 19 0 0 9 2 7 2 7 10 0 9 3 0 4 1 0 3 0 0 3 0 1 0 0 0 0 0 3 0 0 3 0 9 3 0 2 7 0 0 3 0 4 1 0 3 0 0 3 0 1 0 0 0 0 0 3 0 0 0 10 0 9 10 0 0 9 3 1 0 0 0 0 0 0 3 0 0 3 0 0 3 0 3 0 0 9 3 1 0 0 0 0 0 0 3 0 0 3 0 0 2 7 2 0 0 0 3 1 0 0 0 0 0 0 3 0 0 3 0 0 3 0 3 0 17 18 0 1 0 9 4 7 4 0 4 7 4 1 0 10 1 0 9 3 1 0 0 0 0 2 7 1 3 0 0 3 0 0 3 0 0 9 10 0 0 9 2 7 1 3 1 0 0 0 0 0 0 3 0 0 3 0 2 0 0 0 3 1 0 0 0 0 0 0 3 0 0 0 3 0 3 0 3 0 14 3 0 0 9 3 1 0 0 0 4 1 0 0 2 7 0 17 18 2 7 0 1 0 9 4 7 4 1 4 0 3 1 1 0 0 0 1 3 0 1 8 0 6 2 2 7 17 18 2 7 0 1 0 9 3 0 4 1 4 0 8 0 6 5 2 10 1 9 3 0 3 0 3 0 3 0 3 1 0 2 0 9 2 7 0 0 10 1 1 0 9 2 7 2 0 0 2 7 2 0 0 0 0 0 3 1 0 2 0 3 1 0 0 0 0 4 7 4 0 2 0 0 3 0 0 1 3 1 1 0 9 3 1 0 0 1 2 7 2 0 2 7 0 1 1 2 7 2 0 3 1 0 0 0 0 0 3 1 0 2 1 3 0 0 0 0 3 1 0 0 0 0 0 0 4 7 4 0 2 0 0 0 4 7 4 1 3 1 0 0 3 1 0 0 0 2 0 6 2 8 0 6 2 8 0 6 2 5 4 10 0 1 1 9 8 4 7 4 0 8 0 0 0 0 1 0 6 5 2 10 0 0 9 15 4 6 5 2 5 2 5 2 3 0 1 0 0 3 0 1 0 0 3 0 4 3 1 3 0 3 0 3 0 3 0 3 1 0 0 0 6 2 8 0 6 4 8 1 1 6 2 8 1 6 4 8 0 6 2 8 0 6 2 8 0 6 2 8 0 6 2 5 2 5 2 5 2 2 7 0 3 1 0 0 0 3 0 0 3 1 0 0 2 0 3 0 0 3 1 0 0 1 3 0 0 3 1 0 0 1 3 0 0 8 0 0 6 2 5 2 5 2 5 2 2 7 0 3 1 0 0 0 3 0 0 3 1 0 0 2 0 3 0 0 8 0 0 6 2 5 2 2 7 17 18 2 7 0 0 0 9 3 0 0 0 0 8 0 6 5 2 5 2 5 2 2 7 0 19 0 0 9 2 7 0 0 10 0 0 0 9 15 4 10 0 0 9 3 1 1 0 0 3 0 14 2 7 1 0 0 3 1 0 0 0 10 0 0 9 3 1 1 0 0 3 0 1 3 0 0 9 3 1 3 1 0 0 0 3 0 0 10 1 9 14 6 5 2 5 2 5 2 2 7 0 0 0 3 0 0 2 7 0 2 7 0 3 0 0 1 0 3 0 0 10 0 9 2 7 1 0 0 0 3 0 0 3 0 0 0 0 10 0 9 2 7 1 0 0 0 3 0 0 3 0 0 0 6 5 2 5 2 5 2 2 7 2 0 2 7 0 1 0 2 7 2 0 3 1 0 0 0 0 2 7 3 1 0 0 0 3 0 0 3 0 0 0 0 3 1 0 0 0 0 0 0 4 7 4 0 2 0 0 10 1 9 3 0 1 9 4 7 4 1 3 1 0 0 6 5 2 3 0 0 6 2 5 2 8 0 0 0 0 6 2 5 2 8 0 0 0 0 6 2 3 0 4 2 7 2 7 1 10 0 0 9 4 7 2 7 2 7 2 7 2 7 2 7 2 7 2 7 19 0 9 2 7 2 7 10 0 9 3 0 0 3 0 3 0 3 1 4 0 0 9 3 0 2 7 0 0 0 2 7 1 0 0 0 10 0 0 9 3 0 3 0 0 0 3 1 4 0 3 0 10 0 9 2 7 0 0 10 0 0 9 3 0 0 3 0 0 3 0 9 2 7 1 0 10 0 0 9 2 7 0 0 0 3 1 1 4 0 0 3 0 0 3 0 0 3 0 0 3 0 0 3 0 17 18 0 1 0 9 2 7 0 0 4 7 4 0 3 0 4 1 0 10 1 0 9 3 0 1 3 0 1 9 10 0 0 9 2 7 1 0 3 0 0 3 0 1 0 0 10 0 0 9 2 7 0 0 0 3 1 1 4 0 0 3 0 0 3 0 3 0 9 2 7 0 0 3 1 1 4 0 0 3 0 0 14 3 0 0 3 0 0 9 3 0 0 0 3 1 4 0 8 0 6 2 2 7 17 18 2 7 0 1 0 9 4 7 4 1 4 0 3 0 1 8 0 4 
120	13 2 7 2 7 2 7 2 7 2 7 2 7 4 7 11 11 5 2 5 2 5 2 3 0 0 0 11 5 2 5 2 5 2 5 2 3 0 0 0 0 6 5 2 10 0 0 9 15 4 6 5 2 5 2 5 2 3 0 1 0 0 10 1 9 3 0 0 0 3 0 0 0 10 1 9 3 0 0 0 3 0 4 0 0 1 0 6 5 2 3 0 0 6 5 2 3 0 1 0 0 6 5 2 3 0 1 0 0 6 5 2 3 0 0 6 5 4 3 0 0 6 5 2 3 0 0 6 5 2 3 0 0 6 2 8 0 6 2 8 2 0 6 2 8 2 0 6 2 8 0 6 4 8 0 6 2 8 0 6 2 8 0 6 4 4 7 4 3 1 3 1 1 1 1 1 3 1 1 1 1 1 3 1 1 1 1 1 10 1 0 9 3 1 1 1 1 1 3 1 1 1 1 1 10 1 0 9 3 1 1 1 1 1 3 1 1 1 1 3 1 8 1 6 2 5 2 5 2 5 2 5 2 8 2 0 0 0 0 0 6 2 5 2 5 2 3 1 0 0 0 10 1 0 9 3 1 0 0 9 3 1 0 0 2 1 3 1 0 0 1 10 1 0 9 3 0 0 1 3 0 0 1 9 3 0 0 1 3 1 1 0 0 8 1 6 2 2 7 10 1 0 9 3 0 9 3 0 1 8 0 6 2 8 0 4 
121	13 2 7 2 7 11 11 5 2 5 2 5 2 3 0 0 0 11 5 2 5 2 5 2 5 2 3 0 0 0 0 6 5 2 10 0 0 9 15 4 6 5 2 5 2 5 2 3 0 2 0 17 18 2 7 0 0 0 9 3 0 0 1 0 0 0 6 5 2 3 0 0 6 2 8 0 6 4 4 7 4 3 1 3 1 1 0 1 17 18 2 7 0 0 0 9 3 1 1 0 0 1 0 3 1 8 1 6 2 5 2 5 2 2 7 1 2 7 2 0 2 7 3 1 0 0 0 3 1 0 0 17 18 2 7 0 0 0 9 3 1 0 0 0 0 0 3 0 8 1 6 2 8 1 0 6 2 8 0 4 
122	13 2 7 6 2 8 0 6 2 5 4 10 0 1 1 9 8 4 7 4 0 8 0 0 0 0 1 0 11 11 5 2 5 2 5 2 3 0 0 0 11 5 2 5 2 5 2 5 4 3 0 0 0 3 0 0 0 3 1 6 5 2 6 5 2 5 2 3 0 1 0 3 0 0 10 0 9 3 0 4 0 1 9 2 7 2 1 17 18 2 7 0 0 0 9 3 0 0 2 1 0 0 3 0 4 0 6 2 8 0 6 5 2 3 0 0 6 3 0 2 1 6 2 8 0 6 5 2 3 0 0 6 4 8 0 6 5 4 3 0 0 10 1 1 9 3 1 6 4 8 1 6 4 4 7 4 3 1 3 1 1 1 1 1 3 1 1 1 1 1 3 1 1 1 1 3 1 8 1 6 2 5 2 5 2 2 7 10 1 9 3 0 3 1 0 0 1 3 0 0 1 10 1 9 3 1 1 0 0 9 3 1 1 0 0 8 1 6 2 2 7 10 1 9 3 0 8 1 1 0 6 2 8 0 6 5 2 5 2 5 2 6 2 5 4 4 7 4 0 8 1 1 1 6 2 5 2 2 7 0 10 0 9 2 7 0 10 0 9 3 0 3 0 0 8 0 4 4 
123	13 2 7 2 7 11 11 5 2 5 2 5 2 3 0 0 0 11 5 2 5 2 5 2 5 2 3 0 0 0 0 6 5 2 10 0 0 9 15 4 6 5 2 5 2 5 2 3 0 1 0 0 6 4 4 7 4 3 1 3 1 1 1 1 2 1 1 1 1 1 3 1 8 1 6 2 5 2 5 2 3 1 0 0 0 3 1 0 0 2 1 3 1 0 0 0 8 1 6 2 8 6 2 8 0 6 2 8 0 6 5 2 3 0 0 4 
124	13 2 7 2 7 2 7 2 7 11 11 5 2 5 2 5 2 3 0 0 3 0 0 3 0 0 6 2 5 2 5 2 10 0 9 3 0 2 3 1 0 0 0 3 1 0 0 2 0 10 0 9 3 1 0 0 0 0 8 1 6 2 2 7 10 0 9 3 0 0 8 0 6 5 2 5 2 3 0 0 3 0 0 6 5 2 6 4 4 7 4 3 1 3 1 1 1 0 1 3 1 8 1 6 2 8 0 6 5 2 5 2 5 2 15 4 4 
125	13 2 7 2 7 2 7 2 7 11 11 5 2 5 2 5 2 3 0 0 0 11 5 2 5 2 5 2 5 2 3 0 0 0 0 6 5 2 10 0 0 9 15 4 6 5 2 5 2 5 2 3 0 1 0 0 6 5 2 3 0 0 6 2 8 0 6 4 4 7 4 3 1 3 1 1 1 1 1 3 1 8 1 6 2 5 2 5 2 3 1 0 0 0 3 1 0 0 3 1 0 0 1 8 1 6 2 8 6 2 8 0 4 
126	13 2 7 2 7 2 7 2 7 2 7 2 7 2 7 4 7 4 4 7 4 4 7 4 4 7 4 4 7 4 4 7 4 4 7 4 4 7 4 4 7 4 11 11 5 2 5 2 5 2 3 0 0 0 11 5 2 5 2 5 2 5 2 3 0 0 0 0 6 5 2 10 0 0 9 15 4 6 5 2 5 2 5 2 3 0 1 0 0 3 0 1 0 0 3 0 1 0 0 3 0 1 0 0 3 0 1 0 0 3 0 1 0 0 6 4 4 7 4 3 1 3 1 1 1 1 1 3 1 1 1 1 1 3 1 1 1 1 1 3 1 1 1 1 1 3 1 1 1 1 1 3 1 1 1 1 2 1 1 1 1 1 3 1 1 1 1 3 1 1 1 1 3 1 1 1 1 3 1 1 1 1 3 1 1 1 1 3 1 1 1 1 3 1 1 1 1 3 1 1 1 1 3 1 1 1 1 3 1 8 1 6 2 5 2 5 2 3 1 0 0 0 3 1 0 0 2 1 3 1 0 0 0 3 1 0 0 0 3 1 0 0 0 3 1 0 0 0 3 1 0 0 0 3 1 0 0 0 8 1 6 2 8 6 2 8 0 6 2 8 0 6 5 2 3 0 0 6 2 8 0 6 5 2 3 0 0 6 2 8 0 6 5 2 3 0 0 6 2 8 0 6 5 2 3 0 0 6 2 8 0 6 5 2 3 0 0 6 2 8 0 6 5 2 3 0 0 6 5 2 3 0 1 0 0 6 2 8 1 0 6 5 2 3 0 1 0 0 6 2 8 1 0 6 5 2 3 0 1 0 0 6 2 8 1 0 6 5 2 3 0 1 0 0 6 2 8 1 0 6 5 2 3 0 1 0 0 6 2 8 1 0 6 5 2 3 0 1 0 0 6 2 8 1 0 6 5 2 3 0 1 0 0 6 2 8 1 0 6 5 2 3 0 1 0 0 6 2 8 1 0 6 5 2 3 0 1 0 0 6 2 8 1 0 4 
127	13 2 7 2 7 11 11 5 2 5 2 5 2 3 0 0 0 11 5 2 5 2 5 2 5 2 3 0 0 0 0 6 5 2 10 0 0 9 15 4 6 5 2 5 2 5 2 3 0 1 0 0 6 5 2 10 0 9 3 0 9 3 0 6 2 8 0 6 4 4 7 4 3 1 3 1 1 1 1 3 1 8 1 6 2 5 2 5 2 3 1 0 0 0 3 1 0 0 2 3 1 0 0 2 0 8 1 6 2 8 6 2 8 0 4 
128	13 2 7 2 7 2 7 2 7 4 7 4 7 4 7 4 7 4 7 2 7 2 7 2 7 2 7 11 11 5 2 5 2 5 2 3 0 0 0 11 5 2 5 2 5 2 5 2 3 0 0 0 0 6 5 2 10 0 0 9 15 4 6 5 2 5 2 5 2 3 0 1 0 0 3 0 1 0 0 3 0 1 0 0 3 0 1 0 0 3 0 1 0 0 3 0 1 0 0 3 0 1 0 0 3 0 1 0 0 3 0 1 0 0 6 5 2 3 0 0 6 5 2 3 0 0 6 5 2 3 0 0 6 5 2 3 0 0 6 5 2 3 0 0 6 5 2 3 0 1 0 0 6 5 2 3 0 1 0 0 6 5 2 3 0 1 0 0 6 5 2 3 0 1 0 0 6 5 2 3 0 1 0 0 6 5 2 3 0 0 6 5 2 3 0 0 6 5 2 3 0 0 6 5 2 3 0 0 6 2 8 0 6 2 8 0 6 2 8 0 6 2 8 0 6 2 8 0 6 2 8 1 0 6 2 8 1 0 6 2 8 1 0 6 2 8 1 0 6 2 8 1 0 6 2 8 0 6 2 8 0 6 2 8 0 6 2 8 0 6 4 4 7 4 3 1 3 1 1 1 1 1 3 1 1 1 1 1 3 1 1 1 1 1 3 1 1 1 1 1 3 1 1 1 1 1 3 1 1 1 1 3 1 1 1 1 3 1 1 1 1 3 1 1 1 1 3 1 1 1 1 3 1 1 1 1 1 3 1 1 1 1 1 3 1 1 1 1 1 3 1 1 1 1 1 3 1 8 1 6 2 5 2 5 2 3 1 0 0 0 3 1 0 0 3 1 0 0 1 3 1 0 0 1 3 1 0 0 1 3 1 0 0 1 3 1 0 0 1 3 1 0 0 1 3 1 0 0 1 3 1 0 0 1 3 1 0 0 1 8 1 6 2 8 6 2 8 0 4 
129	13 2 7 2 7 11 11 5 2 5 2 5 2 3 0 0 0 11 5 2 5 2 5 2 5 2 3 0 0 0 0 6 5 2 10 0 0 9 15 4 6 5 2 5 2 5 2 3 0 1 0 0 6 5 2 10 0 9 3 0 9 3 0 6 2 8 0 6 4 4 7 4 3 1 3 1 1 1 1 3 1 8 1 6 2 5 2 5 2 3 1 0 0 0 3 1 0 0 3 1 0 0 0 8 1 6 2 8 6 2 8 0 4 
130	13 2 7 2 7 4 7 4 4 7 4 4 7 4 4 7 4 4 7 4 4 7 4 7 4 7 4 4 7 4 4 7 4 4 7 4 4 7 4 2 7 2 7 2 7 2 7 2 7 2 7 11 11 5 2 5 2 5 2 3 0 0 0 11 5 2 5 2 5 2 5 2 3 0 0 0 0 6 5 2 10 0 0 9 15 4 6 5 2 5 2 5 2 3 0 1 0 0 3 0 1 0 0 3 0 1 0 0 3 0 1 0 0 10 0 9 3 0 1 0 0 3 0 1 0 0 10 0 9 3 0 1 0 0 6 5 2 3 0 0 6 5 2 3 0 1 0 0 6 5 2 3 0 1 0 0 6 5 2 3 0 1 0 0 6 5 2 3 0 1 0 0 6 5 2 3 0 1 0 0 6 5 2 3 0 1 0 0 6 5 2 3 0 1 0 0 6 5 2 3 0 1 0 0 6 5 2 3 0 1 0 0 6 5 2 3 0 1 0 0 6 5 2 3 0 1 0 0 6 5 2 3 0 1 0 0 6 5 2 3 0 0 6 5 2 3 0 0 6 5 2 3 0 0 6 5 2 3 0 0 6 5 2 3 0 0 6 5 2 3 0 0 6 2 8 0 6 2 8 1 0 6 2 8 1 0 6 2 8 1 0 6 2 8 1 0 6 2 8 1 0 6 2 8 1 0 6 2 8 1 0 6 2 8 1 0 6 2 8 1 0 6 2 8 1 0 6 2 8 1 0 6 2 8 1 0 6 2 8 0 6 2 8 0 6 2 8 0 6 2 8 0 6 2 8 0 6 2 8 0 6 4 4 7 4 3 1 3 1 1 1 1 1 3 1 1 1 1 3 1 1 1 1 3 1 1 1 1 3 1 1 1 1 3 1 1 1 1 3 1 1 1 1 3 1 1 1 1 3 1 1 1 1 3 1 1 1 1 3 1 1 1 1 3 1 1 1 1 3 1 1 1 1 3 1 1 1 1 1 3 1 1 1 1 1 3 1 1 1 1 1 3 1 1 1 1 1 3 1 1 1 1 1 3 1 1 1 1 1 3 1 8 1 6 2 5 2 5 2 3 1 0 0 0 3 1 0 0 2 3 1 0 0 1 3 1 0 0 1 3 1 0 0 1 3 1 0 0 1 3 1 0 0 1 3 1 0 0 1 3 1 0 0 1 8 1 6 2 8 6 2 8 0 4 
131	13 2 7 4 7 11 11 5 2 5 2 5 2 3 0 0 0 11 5 2 5 2 5 2 5 2 3 0 0 0 0 6 5 2 10 0 0 9 15 4 6 5 2 5 2 5 2 3 0 4 0 0 0 6 5 4 3 0 0 6 4 8 0 6 4 4 7 4 3 1 3 1 1 1 1 3 1 8 1 6 2 5 2 5 2 4 7 1 4 7 4 3 1 0 19 1 9 3 1 3 0 1 4 7 4 3 1 0 3 1 2 3 1 2 2 7 1 3 1 0 0 0 3 1 0 0 2 0 3 1 0 0 0 0 8 1 6 2 8 6 2 8 0 4 
132	13 2 7 4 7 4 7 4 7 4 7 4 4 7 4 4 7 4 7 4 11 11 5 2 5 2 5 2 3 0 0 0 11 5 2 5 2 5 2 5 2 3 0 0 0 0 6 5 2 10 0 0 9 15 4 6 5 2 5 2 5 2 3 0 3 0 6 5 2 3 0 0 6 5 2 3 0 1 0 0 6 5 2 3 0 1 0 0 6 5 2 3 0 1 0 0 6 5 2 3 0 1 0 0 6 5 2 3 0 0 0 6 5 2 3 0 1 0 0 6 5 2 3 0 1 0 0 6 5 2 3 0 1 0 0 6 5 2 3 0 1 0 0 6 2 8 0 6 2 8 1 0 6 2 8 1 0 6 2 8 1 0 6 2 8 1 0 6 2 8 0 6 2 8 1 0 6 2 8 1 0 6 2 8 1 0 6 2 8 1 0 6 4 4 7 4 3 1 3 1 1 1 1 1 3 1 1 1 1 3 1 1 1 1 3 1 1 1 1 3 1 1 1 1 3 1 1 1 1 1 3 1 1 1 1 3 1 1 1 1 3 1 1 1 1 3 1 1 1 1 3 1 8 1 6 2 5 2 5 2 3 1 0 0 0 3 1 0 0 2 3 0 0 1 3 0 0 1 8 1 6 2 8 6 2 8 0 4 
133	13 2 7 2 7 4 7 2 7 11 3 0 4 6 5 4 3 0 1 3 1 0 0 10 1 0 0 9 3 0 1 10 1 0 0 9 3 0 1 6 5 4 3 0 1 3 1 0 6 4 5 2 4 7 4 3 1 2 0 8 4 1 0 6 2 8 1 6 2 8 0 6 2 8 0 6 2 5 2 5 4 2 7 17 18 0 0 0 1 0 9 4 7 4 1 0 10 1 0 4 9 14 10 1 0 9 3 1 4 0 8 0 6 2 5 2 5 2 4 7 1 1 2 7 0 19 1 9 3 0 4 1 8 0 0 6 5 2 5 2 5 2 6 5 2 6 2 8 6 2 8 0 6 4 8 1 1 4 
134	13 2 7 2 7 2 7 4 7 2 7 11 3 0 4 6 5 4 10 1 0 9 3 0 4 0 9 3 0 4 0 4 1 0 3 1 0 0 10 1 0 0 9 3 0 1 10 1 0 0 9 3 0 1 6 5 4 3 0 4 0 3 1 0 6 2 8 1 6 2 8 0 6 2 8 0 6 2 5 2 5 4 2 7 17 18 0 0 0 1 0 9 4 7 4 1 0 10 1 0 4 9 14 10 1 9 3 1 4 0 8 0 6 2 5 2 5 2 4 7 1 1 2 7 0 19 1 9 3 0 4 1 8 0 0 6 5 2 5 2 5 2 6 5 2 6 2 8 0 6 2 8 0 6 4 8 1 1 4 
135	13 2 7 2 7 4 7 11 11 5 2 5 2 11 5 4 5 2 6 5 2 5 2 3 0 0 0 6 2 8 0 6 2 8 0 6 2 8 6 4 8 6 2 5 4 5 2 2 7 19 0 1 1 1 0 9 3 0 10 0 1 9 10 1 0 1 9 3 0 8 0 6 4 5 4 4 7 4 3 1 0 1 3 1 3 1 0 1 8 1 6 2 8 6 2 8 4 4 
136	13 2 7 2 7 2 7 2 7 2 7 2 7 11 11 5 2 5 2 3 0 3 0 1 0 0 3 0 1 0 0 3 0 1 0 0 3 0 1 0 0 3 1 1 6 4 4 7 4 3 1 3 1 1 1 3 1 1 1 3 1 1 1 3 1 1 1 3 1 1 1 3 1 1 1 3 1 1 1 3 1 1 1 8 1 6 5 2 5 2 6 2 8 0 6 2 8 0 6 5 2 3 0 0 6 2 8 0 6 5 2 3 0 0 6 2 8 2 0 6 2 8 0 6 2 8 1 6 2 8 1 6 5 2 6 5 2 3 0 0 6 2 6 2 8 0 6 2 8 1 6 2 8 1 6 5 2 6 5 2 3 0 0 6 4 4 7 1 4 7 10 1 9 3 0 1 1 9 3 0 1 8 1 1 0 1 1 0 6 4 5 2 2 7 3 0 2 0 4 7 20 3 0 4 0 21 22 15 4 8 0 4 
137	13 2 7 2 7 2 7 2 7 4 7 4 4 7 4 4 7 4 4 7 4 4 7 4 4 7 4 4 7 4 11 11 5 2 5 2 3 0 0 0 3 0 1 0 0 3 1 1 1 3 1 1 3 1 1 6 5 2 3 0 0 6 2 8 0 6 2 8 1 1 6 2 8 1 1 6 2 8 1 1 6 2 8 1 1 6 2 8 1 1 6 2 8 1 1 6 2 8 1 1 6 5 2 3 0 0 6 2 8 0 6 4 4 7 4 3 1 3 1 1 0 1 3 1 1 0 1 3 1 1 1 1 3 1 1 1 1 3 1 1 1 1 3 1 1 1 1 3 1 1 1 1 3 1 1 1 1 3 1 1 1 1 8 1 6 5 2 5 2 6 2 8 0 6 4 8 6 4 5 4 8 0 1 6 2 8 6 2 8 4 4 
138	13 2 7 2 7 11 11 5 2 5 2 6 5 2 5 2 3 0 0 0 6 2 8 0 6 2 8 0 6 2 8 6 4 8 6 4 5 4 4 7 4 3 1 0 1 3 1 3 1 0 1 8 1 4 4 
139	13 2 7 2 7 11 11 5 2 5 2 6 5 2 5 2 6 2 8 0 6 4 8 4 
140	13 4 7 2 7 4 7 4 4 4 4 7 4 4 4 4 7 4 2 7 2 7 2 7 11 5 4 3 0 0 3 0 6 3 0 1 0 3 1 0 6 5 4 3 1 0 6 5 4 3 1 0 15 4 6 5 4 3 1 0 6 2 5 2 8 1 0 6 2 5 2 3 1 0 8 1 0 6 2 5 2 8 1 0 1 0 6 2 5 2 8 0 0 6 2 5 2 8 0 0 0 6 19 1 0 9 3 1 6 5 2 10 0 0 9 3 1 0 9 3 1 3 1 6 4 4 7 3 0 10 1 0 9 3 1 19 1 0 9 3 0 0 1 0 3 1 3 1 8 0 6 4 4 7 10 1 0 3 1 19 1 0 9 3 0 0 0 3 1 3 1 8 0 6 5 4 3 1 0 0 6 5 4 3 1 0 3 1 6 4 7 3 0 1 10 0 9 3 1 3 1 9 10 0 9 9 6 10 0 9 3 1 3 1 4 3 1 3 1 3 1 4 8 10 1 0 9 3 1 9 4 7 4 3 1 1 1 3 1 0 6 3 1 3 1 3 1 4 6 3 1 3 1 3 1 4 6 3 1 19 0 0 9 10 0 3 1 10 0 3 1 6 3 1 3 1 3 1 4 6 3 1 3 1 3 1 4 6 10 1 0 9 9 3 1 19 1 0 9 3 1 10 0 3 1 10 0 3 1 6 3 1 3 1 6 3 1 3 1 3 1 6 4 7 4 7 2 7 2 7 3 1 1 3 0 19 1 9 3 0 4 1 10 0 4 9 17 18 0 1 0 0 9 10 0 9 9 3 0 3 1 0 3 0 6 4 4 7 4 17 18 2 7 0 1 0 9 3 1 4 1 0 3 1 8 1 6 5 4 4 7 4 0 3 1 3 1 1 
141	13 11 6 4 5 4 4 7 4 7 4 0 10 1 0 9 2 7 1 0 3 1 1 1 0 1 1 0 1 3 0 1 1 1 1 0 1 1 1 0 1 10 1 0 9 2 7 1 0 3 0 1 1 1 1 0 1 1 1 0 1 10 1 0 9 2 7 1 0 3 0 1 1 1 1 0 1 1 1 0 1 10 1 0 9 2 7 1 0 3 0 1 1 1 1 0 1 1 1 0 1 10 1 0 9 2 7 1 0 3 0 1 1 1 1 0 1 1 1 0 1 8 0 6 4 5 2 5 2 4 7 4 3 0 1 0 3 0 1 0 3 0 1 8 0 6 4 5 2 5 2 4 7 4 3 0 1 0 3 0 1 0 3 0 1 8 0 6 4 5 2 5 2 4 7 4 3 0 1 0 3 0 1 0 3 0 1 8 0 6 4 5 2 5 2 4 7 4 3 0 1 0 3 0 1 0 3 0 1 8 0 6 4 5 2 5 2 4 7 4 3 0 1 0 3 0 1 0 3 0 1 8 0 6 4 5 2 4 7 4 3 1 0 8 0 6 4 4 7 4 8 0 6 4 4 7 4 8 0 6 4 4 7 4 8 0 6 4 4 7 4 8 0 6 4 4 7 4 8 0 6 2 5 4 4 7 4 0 10 1 0 9 8 8 6 2 5 4 4 7 4 0 10 1 0 9 8 8 6 2 5 4 4 7 4 0 10 1 0 9 8 8 6 2 5 4 4 7 4 0 10 1 0 9 8 8 6 2 5 4 4 7 4 0 10 1 0 9 8 8 6 2 5 4 5 4 2 7 1 2 7 1 2 7 10 0 0 9 8 19 0 0 0 9 4 7 1 0 0 0 10 1 0 9 8 3 0 8 6 2 5 4 5 2 2 7 17 18 2 7 0 1 0 9 10 1 0 0 9 3 0 0 14 8 0 
142	13 2 7 2 7 2 7 4 7 2 7 11 11 5 2 5 2 3 1 1 0 0 11 5 4 5 2 3 0 1 0 0 10 0 15 4 3 0 1 3 0 1 0 6 5 2 3 0 0 6 2 8 0 6 5 2 5 2 3 0 0 0 3 1 0 0 1 6 2 8 0 6 4 8 1 6 4 5 4 5 2 4 7 19 0 1 1 1 0 9 3 0 10 0 1 9 10 1 1 0 9 2 7 0 19 0 1 1 1 0 9 3 0 10 0 1 1 0 9 4 7 1 0 0 20 2 7 1 0 3 0 0 21 22 3 0 8 0 6 2 5 4 5 2 8 1 0 0 6 2 8 6 2 8 0 4 
143	13 2 7 2 7 2 7 2 7 11 11 5 2 5 2 3 0 1 0 3 0 1 0 6 5 2 3 0 0 6 2 8 0 6 5 2 3 0 0 6 2 8 0 6 5 2 5 2 6 2 8 0 6 4 8 4 
144	13 2 7 2 7 11 11 5 2 5 2 6 5 2 5 2 3 0 0 0 6 2 8 0 6 2 8 0 6 2 8 6 4 8 6 4 5 4 4 7 4 3 1 0 1 3 1 3 1 0 1 8 1 4 4 
145	13 2 7 2 7 2 7 11 11 5 2 5 2 3 0 3 0 1 0 0 3 0 1 0 0 3 0 1 0 0 6 5 2 5 2 6 2 8 0 6 4 8 4 
146	23 2 7 2 7 2 7 6 2 6 2 6 4 5 4 
147	13 6 5 2 5 2 6 2 8 6 2 8 0 6 2 8 6 4 8 6 4 5 4 8 4 4 
148	13 2 7 2 7 11 11 5 2 5 2 6 5 2 5 2 3 0 0 0 6 2 8 0 6 2 8 0 6 2 8 6 4 8 6 4 5 4 4 7 4 3 1 0 1 3 1 3 1 0 1 8 1 4 4 
149	13 11 6 4 5 2 5 2 2 7 0 0 4 7 3 1 1 0 0 24 0 16 0 3 0 4 0 0 14 16 0 3 0 4 0 0 14 16 0 3 0 4 0 0 14 16 0 3 0 4 0 0 14 16 0 3 0 4 0 0 14 16 0 3 0 4 0 0 14 16 0 3 0 4 0 0 14 16 0 3 0 4 0 0 14 16 0 3 0 4 0 0 14 16 0 3 0 4 0 0 14 16 0 3 0 4 0 0 14 16 0 3 0 4 0 0 14 16 0 3 0 4 0 0 14 16 15 4 1 2 0 2 0 8 0 6 2 6 2 2 7 1 2 7 2 0 3 1 0 8 0 6 5 2 5 2 6 4 6 2 8 6 2 8 
150	13 2 7 2 7 11 11 5 2 5 2 6 5 2 5 2 3 0 0 0 6 2 8 0 6 2 8 0 6 2 8 6 4 8 6 4 5 4 4 7 4 3 1 0 1 3 1 3 1 0 1 8 1 4 4 
151	13 2 7 11 11 5 2 5 2 6 5 2 5 2 6 2 8 0 6 4 8 4 
152	13 2 7 2 7 2 7 2 7 4 7 4 4 7 4 11 11 5 2 5 2 3 0 1 0 0 3 0 1 0 0 3 1 1 6 4 4 7 4 3 1 1 1 1 3 1 1 1 1 3 1 1 1 1 3 1 1 1 1 8 1 6 5 2 5 2 6 5 2 3 0 0 6 2 8 0 6 2 8 1 0 6 2 8 1 0 6 5 2 3 0 0 6 2 8 0 6 5 2 6 2 6 2 8 0 6 4 8 4 
153	13 2 7 2 7 2 7 4 7 4 4 7 4 2 7 4 7 4 4 7 4 11 11 5 2 5 2 3 0 3 0 0 0 3 0 1 0 0 6 5 2 5 2 6 2 8 0 6 2 8 1 0 6 2 8 1 6 2 8 6 4 8 6 4 5 4 8 1 4 4 
154	13 2 7 2 7 2 7 2 7 2 7 2 7 2 7 2 7 2 7 2 7 4 7 2 7 4 7 2 7 2 7 2 7 4 7 4 7 2 7 4 7 11 5 4 5 4 5 2 5 2 3 0 0 3 0 0 3 0 3 0 3 0 3 0 3 0 2 3 0 0 3 0 0 3 1 0 4 7 1 3 1 4 2 0 11 5 4 5 4 5 2 5 2 5 2 3 0 0 3 0 0 3 0 0 3 0 3 0 3 0 3 0 3 0 2 3 0 0 3 0 0 24 0 16 3 0 4 3 4 0 3 4 0 3 4 0 3 4 0 14 16 3 0 4 3 4 0 3 4 0 3 4 0 14 16 3 0 4 3 4 0 3 4 0 3 4 0 14 16 3 0 4 3 4 0 3 4 0 3 4 0 16 3 0 4 3 4 0 3 4 0 3 4 0 3 4 0 14 16 3 0 4 3 4 0 3 4 0 3 4 0 3 4 0 14 4 7 1 3 1 4 2 0 11 5 4 5 4 5 2 5 4 3 0 1 3 0 0 3 0 0 3 0 1 0 3 0 3 0 3 0 0 3 0 0 24 0 16 3 0 4 0 14 16 3 0 1 4 0 14 16 14 16 3 0 4 0 14 16 3 0 4 0 14 16 3 0 4 0 14 4 7 1 1 3 1 4 2 1 0 11 6 2 5 4 4 7 4 0 2 7 1 2 7 24 0 16 0 3 0 0 14 16 0 3 0 0 14 16 0 3 0 0 14 16 0 3 0 0 14 16 0 4 7 4 0 3 0 1 0 0 14 8 0 6 5 2 3 0 0 3 1 0 6 2 8 0 6 5 2 3 1 0 6 5 2 5 2 10 0 0 9 15 4 24 0 16 4 7 10 0 0 9 3 0 4 9 3 0 4 0 3 1 1 10 0 9 3 1 1 3 1 2 1 3 1 0 3 0 0 14 16 4 7 10 0 0 9 3 0 4 9 3 0 4 0 3 1 1 10 0 9 3 1 1 3 1 2 1 3 1 0 3 0 0 14 16 4 7 10 0 0 9 3 0 4 9 3 0 4 0 3 1 1 3 1 0 3 1 2 1 10 0 9 10 1 1 9 2 7 10 0 0 9 3 0 1 1 10 0 0 9 3 0 1 1 3 1 0 3 0 0 14 16 4 7 10 0 0 9 3 0 4 9 3 0 4 0 3 1 1 10 0 9 3 1 2 1 9 3 1 2 3 1 0 3 0 0 14 16 4 7 10 0 0 9 3 0 4 9 3 0 4 0 3 1 1 10 0 9 3 1 1 3 1 2 1 3 1 0 3 0 0 14 16 4 7 10 0 0 9 3 0 4 9 3 0 4 0 3 1 1 10 0 9 3 1 1 3 1 2 1 3 1 0 3 0 0 14 10 0 0 9 2 7 1 3 1 0 3 1 0 3 0 0 6 2 8 0 6 5 2 10 0 0 0 0 9 3 1 0 3 4 0 3 0 0 6 5 4 3 1 1 0 6 5 4 3 1 1 6 5 4 10 0 9 3 1 0 9 10 0 0 0 0 9 3 1 0 2 7 10 0 0 9 3 0 1 0 10 0 0 9 3 0 1 0 3 4 0 3 0 0 6 2 10 0 0 9 8 10 0 0 9 15 4 10 0 0 9 15 4 10 0 0 9 15 4 8 0 6 4 10 0 0 9 8 10 0 0 9 15 4 10 0 0 9 15 4 10 0 0 9 15 4 8 1 0 6 4 10 0 0 9 8 10 0 0 9 15 4 10 0 0 9 15 4 10 0 0 9 15 4 8 0 6 5 2 10 0 0 0 0 9 3 1 0 3 4 0 3 0 0 6 5 2 10 0 0 0 0 9 3 1 0 3 4 0 3 0 0 6 2 10 0 0 9 8 0 10 0 0 9 8 15 4 6 2 10 0 0 9 8 0 10 0 0 9 8 2 15 4 6 5 4 3 0 0 3 1 1 6 4 8 0 6 2 8 0 6 5 2 3 0 0 6 4 8 0 
155	13 4 7 2 7 2 7 2 7 2 7 2 7 2 7 2 7 2 7 2 7 2 7 2 7 2 7 2 7 2 7 2 7 2 7 2 7 2 7 2 7 2 7 2 7 2 7 2 7 2 7 2 7 2 7 2 7 2 7 2 7 2 7 2 7 2 7 2 7 2 7 2 7 2 7 2 7 2 7 2 7 2 7 2 7 2 7 2 7 2 7 11 5 2 5 4 3 0 0 3 0 0 6 2 8 0 6 5 2 3 1 0 6 2 8 1 6 5 4 3 1 3 0 1 3 1 0 6 2 8 1 6 5 2 3 1 3 1 0 6 2 8 1 6 5 2 3 1 3 1 0 6 2 8 1 6 5 2 3 1 3 1 0 6 2 8 1 6 5 2 3 1 3 1 0 6 2 8 1 6 5 2 3 1 0 6 2 8 1 6 5 2 3 1 0 6 2 8 1 6 5 2 3 1 0 6 2 8 1 6 5 2 3 1 3 1 0 6 2 8 1 6 5 2 3 1 3 1 0 6 2 8 1 6 5 2 3 1 3 1 0 6 2 8 1 6 5 2 3 1 3 1 0 6 2 8 1 6 5 2 3 1 0 6 2 8 1 6 5 2 3 1 0 6 2 8 1 6 5 2 3 1 0 6 2 8 1 6 5 2 3 1 0 6 2 8 1 6 5 2 3 1 0 6 2 8 1 6 5 2 3 1 0 6 2 8 1 6 5 2 3 1 0 6 2 8 1 4 
156	23 2 7 
157	13 4 7 6 3 0 4 3 1 3 1 3 1 3 1 3 1 3 1 3 1 3 1 3 1 3 1 3 1 3 1 3 1 3 1 3 1 3 1 3 1 3 1 3 1 3 1 3 1 3 1 3 1 3 1 3 1 3 1 3 1 3 1 3 1 3 1 3 1 3 1 3 1 3 1 3 1 3 1 3 1 3 1 3 1 3 1 3 1 3 1 3 1 3 1 3 1 3 1 3 1 3 1 3 1 3 1 6 4 10 0 9 3 1 8 0 6 2 5 4 10 0 9 3 1 2 7 17 18 2 7 0 0 9 4 7 4 1 0 10 0 1 0 9 3 0 0 14 8 0 6 4 5 2 10 0 9 3 1 8 4 1 0 6 2 10 0 9 3 1 8 1 
158	13 11 2 7 2 7 2 7 2 1 4 0 6 2 5 4 4 7 4 3 1 10 1 0 9 8 0 9 3 0 1 0 2 7 1 1 1 2 0 8 0 2 1 0 0 6 4 5 2 10 1 0 9 2 7 2 1 0 4 7 4 0 2 7 2 0 1 0 2 0 3 1 0 0 8 1 9 8 6 2 5 2 8 0 0 6 2 5 4 8 1 0 1 1 0 6 2 5 2 10 0 9 15 4 2 7 0 8 0 6 4 5 4 3 1 0 3 1 0 3 1 0 3 1 0 3 1 0 3 1 0 8 0 
159	13 4 7 2 7 2 7 2 7 2 7 2 7 2 7 2 7 2 7 2 7 2 7 2 7 2 7 4 7 2 7 11 5 2 5 4 3 0 0 3 0 0 6 5 4 3 1 0 3 1 2 1 6 4 8 1 6 2 8 0 6 5 2 3 1 0 6 5 2 3 1 2 0 6 2 8 1 6 2 8 2 1 6 5 2 3 1 0 6 2 8 1 6 5 2 3 1 0 6 2 8 1 6 5 2 3 1 0 6 2 8 1 6 5 2 3 1 0 6 2 8 1 6 5 2 3 1 0 6 2 8 1 6 5 2 3 1 0 6 2 8 1 4 
160	13 2 7 2 7 4 7 4 7 4 7 4 7 11 11 5 4 5 4 5 2 3 0 0 3 0 0 3 0 0 3 0 4 3 1 2 3 1 2 3 1 2 3 1 0 11 5 4 5 4 5 4 3 0 0 3 0 0 3 0 0 3 0 0 3 1 1 6 4 5 2 4 7 4 0 0 1 0 3 1 0 3 1 1 1 8 0 6 4 5 2 5 2 4 7 4 0 0 1 0 0 3 1 0 3 1 1 1 8 0 6 5 4 4 7 1 3 1 1 0 3 1 4 1 10 1 1 9 3 1 1 1 10 1 1 9 3 1 1 1 6 4 5 4 4 7 4 0 0 1 0 3 1 0 8 0 6 5 2 3 0 0 10 0 9 6 2 8 0 6 5 4 10 1 9 3 1 1 10 1 9 3 1 1 3 1 4 1 0 10 1 1 9 3 1 1 10 1 1 9 3 1 1 6 4 5 2 8 4 1 4 0 6 2 10 1 8 8 1 6 2 10 1 8 8 1 6 2 10 0 9 8 1 6 5 2 3 1 3 1 0 6 5 2 3 1 3 1 2 0 6 2 8 1 6 2 8 1 6 4 8 0 6 2 5 2 2 7 2 0 4 7 1 0 19 0 0 9 3 0 1 0 8 0 6 2 5 2 2 7 2 0 4 7 1 0 19 0 0 1 9 3 0 1 0 10 0 1 8 8 0 6 4 8 1 1 6 2 5 4 4 7 4 0 10 1 1 9 8 10 1 1 9 8 10 1 1 9 8 8 6 2 5 4 10 0 4 9 8 4 7 4 0 10 1 1 9 8 8 4 
161	13 2 7 0 2 7 4 7 4 7 4 7 2 7 2 7 4 7 1 4 11 5 4 3 0 1 3 0 0 11 5 4 5 4 3 0 0 3 0 4 3 0 0 3 1 0 6 5 4 2 7 1 4 7 1 19 0 9 3 1 0 3 0 1 3 1 0 4 7 1 2 7 1 3 1 0 4 0 4 7 19 0 9 2 7 1 4 7 0 10 0 1 1 9 3 0 1 1 3 0 0 3 1 0 3 0 1 3 1 0 4 1 0 3 1 0 4 1 0 6 4 5 2 4 7 4 0 0 0 3 1 0 8 0 6 4 5 4 4 7 4 0 0 0 3 1 0 8 0 6 5 4 3 1 1 10 1 9 3 1 0 10 1 1 9 3 0 1 0 10 1 1 9 3 0 1 0 4 7 1 19 1 9 4 7 4 1 3 1 1 1 3 1 1 6 2 5 2 2 7 0 4 7 1 0 19 0 0 9 3 0 1 0 8 0 6 2 5 2 2 7 0 4 7 1 0 19 0 0 1 9 3 0 1 0 10 0 1 8 8 0 6 5 4 5 2 3 1 0 0 10 0 9 3 1 1 10 1 1 9 3 0 1 10 1 1 9 3 0 1 6 4 5 2 4 7 4 3 1 2 0 8 4 1 0 6 2 8 1 6 2 8 0 6 2 8 0 6 5 2 5 2 3 1 0 0 6 2 5 2 8 1 0 6 2 8 1 6 2 8 1 6 2 8 1 6 5 2 3 1 0 6 5 2 3 1 0 6 5 2 3 1 2 0 6 2 8 1 6 5 2 3 1 0 6 2 5 4 8 1 2 1 1 2 1 1 6 5 2 4 7 4 1 0 3 1 0 6 2 5 2 4 7 4 1 0 8 1 6 5 2 3 1 0 6 2 8 1 6 4 5 2 8 4 1 0 6 4 8 1 1 6 4 8 0 6 5 2 4 7 4 1 0 3 1 0 6 5 2 4 7 4 1 0 3 1 0 6 5 2 4 7 4 1 0 3 1 0 6 5 2 4 7 4 1 0 3 1 0 6 5 2 4 7 4 1 0 3 1 0 6 5 2 4 7 4 1 0 3 1 0 6 5 2 4 7 4 1 0 3 1 0 6 5 2 4 7 4 1 0 3 1 0 6 2 8 4 1 0 6 2 8 4 1 0 6 2 8 4 1 0 6 2 8 4 1 0 6 2 8 4 1 0 6 2 8 4 1 0 6 2 8 4 1 0 6 2 8 4 1 0 
162	13 2 7 0 2 7 4 7 4 7 4 7 1 4 11 3 0 1 3 0 4 0 11 5 4 3 0 4 0 4 7 1 4 7 1 0 3 0 1 0 3 1 0 2 7 1 2 7 19 0 1 9 4 7 1 0 0 0 3 0 1 3 1 4 7 4 0 0 3 1 0 11 5 4 3 4 0 6 5 4 3 0 0 6 5 2 5 4 10 0 1 9 15 4 3 1 0 0 6 4 5 2 10 0 1 9 15 4 8 1 0 6 2 5 4 2 7 17 18 2 7 0 1 0 9 4 7 1 0 10 1 0 9 3 0 0 14 8 0 6 4 4 7 4 0 3 1 0 3 1 1 1 4 7 4 1 1 0 3 1 1 3 1 1 8 0 6 4 5 4 4 7 4 0 3 1 0 3 1 1 0 4 7 4 1 1 0 3 1 1 3 1 1 8 0 6 2 8 1 6 4 5 2 8 4 1 0 6 4 5 4 4 7 17 18 2 7 0 1 0 9 4 7 1 0 10 1 0 9 3 0 4 1 0 8 0 6 5 2 3 1 0 3 1 0 6 5 2 4 7 1 3 1 0 2 2 6 2 4 7 1 8 1 6 4 4 7 1 2 7 2 1 10 0 9 4 7 4 0 0 8 0 6 2 8 2 1 6 4 5 2 4 7 1 0 4 7 4 0 0 8 0 6 4 4 7 1 2 7 2 1 4 7 4 0 0 8 0 6 2 8 2 1 6 4 5 2 4 7 1 0 4 7 4 0 0 8 0 6 5 4 2 7 1 4 7 4 3 1 4 0 3 1 0 6 2 3 1 0 2 7 1 2 7 0 17 18 2 7 0 1 0 9 3 1 0 0 3 0 4 1 0 10 0 9 3 0 2 7 2 0 2 7 1 0 17 18 2 7 0 1 0 9 3 0 4 1 0 17 18 2 7 0 0 0 0 9 3 0 0 8 0 6 2 5 4 8 1 0 6 4 5 2 8 1 0 6 4 8 0 4 4 4 
163	13 2 7 2 7 2 7 2 7 11 11 5 2 5 2 5 2 5 2 3 0 0 3 0 0 3 0 0 3 0 0 11 5 4 3 0 0 0 0 6 2 8 0 6 2 8 0 6 2 8 0 6 2 8 0 6 5 2 3 0 0 6 5 2 3 0 0 6 5 2 3 0 0 6 5 2 3 0 0 6 2 5 2 5 2 10 0 0 0 0 0 0 0 0 9 8 8 6 2 5 4 8 1 0 6 2 5 4 10 1 1 1 1 1 1 1 1 9 8 10 1 1 1 1 1 1 1 1 9 8 8 6 2 5 4 8 1 4 0 6 2 8 1 1 1 1 4 
164	13 11 6 2 5 2 2 7 0 3 0 0 2 7 10 0 9 3 0 2 0 9 3 0 1 0 10 0 9 3 0 8 0 
165	23 6 4 6 4 6 2 6 4 
166	13 4 7 1 6 4 5 4 5 2 5 2 5 4 4 7 4 10 0 4 9 4 7 4 0 3 1 1 0 0 1 10 0 9 10 1 9 4 7 1 17 18 2 7 0 0 0 9 3 1 1 0 0 0 0 0 9 4 7 1 19 1 9 3 1 1 1 0 0 0 9 3 1 1 0 0 1 8 0 6 4 5 2 5 4 5 4 4 7 4 4 7 4 17 18 2 7 0 0 0 9 3 1 0 4 7 4 4 0 20 4 7 1 19 0 9 3 1 1 0 1 0 0 3 0 1 21 22 3 1 1 1 1 0 0 8 1 
167	13 6 5 4 10 0 9 3 1 3 1 2 7 0 17 18 2 7 0 0 0 9 3 1 0 0 0 6 5 4 5 2 10 0 9 4 7 4 3 1 17 18 2 7 0 1 0 9 3 1 3 1 3 1 0 3 1 0 3 1 0 20 4 7 4 4 0 4 7 1 0 4 7 1 19 1 9 3 1 1 21 22 3 1 1 
168	13 4 7 2 7 11 3 0 4 3 0 6 5 4 3 0 4 7 4 0 4 7 4 0 3 4 1 1 1 1 0 4 7 4 1 0 3 1 1 0 1 1 0 1 1 4 6 5 4 10 0 9 15 4 10 0 9 15 4 3 1 0 6 5 4 5 4 3 1 0 0 6 5 4 5 4 5 4 10 0 0 1 9 15 4 10 0 9 15 4 3 1 0 0 4 0 0 6 5 4 10 0 9 3 1 3 1 17 18 2 7 0 0 0 9 4 7 4 4 7 4 3 1 0 3 1 0 0 4 7 4 0 0 3 1 0 3 1 6 5 4 5 4 5 4 5 4 19 1 9 4 7 4 1 4 7 1 10 1 9 4 7 4 0 4 0 3 1 0 0 4 0 0 9 2 7 1 4 7 1 0 0 10 1 9 2 7 1 4 7 10 1 9 3 0 4 0 1 0 0 9 3 0 4 0 1 0 0 19 1 9 4 7 4 1 3 1 4 4 0 0 0 9 10 1 9 3 1 0 9 3 1 0 13 11 6 5 4 4 7 1 4 7 1 4 7 1 20 2 7 2 1 3 1 0 2 7 1 17 18 2 7 0 0 0 9 3 1 1 0 3 1 0 0 21 22 4 
169	13 4 7 4 7 4 7 11 5 4 5 4 5 4 3 0 0 3 0 0 3 0 0 6 4 8 0 6 4 8 0 6 4 8 0 
170	23 6 5 4 
171	13 4 7 4 7 4 7 11 3 0 4 3 0 4 3 0 4 6 5 4 5 4 5 4 10 1 0 9 4 7 4 1 0 10 0 9 3 0 4 3 1 0 0 4 7 4 0 0 10 1 0 9 4 7 4 1 0 10 0 9 3 0 4 3 1 0 0 3 1 0 6 5 4 10 1 0 9 3 1 0 3 1 0 6 4 5 4 5 4 4 7 4 0 4 7 4 1 4 0 0 10 0 9 3 1 0 8 1 6 5 4 4 7 4 1 0 10 0 9 4 7 1 19 1 9 3 1 0 4 1 6 5 4 5 4 4 7 4 1 0 3 1 0 10 1 9 3 1 0 
172	23 6 2 6 5 2 
173	23 6 4 6 2 6 2 6 4 5 4 6 4 5 4 5 4 6 4 5 4 5 2 5 4 6 4 5 4 4 
174	13 4 7 4 7 4 7 11 5 4 5 4 5 4 3 0 0 10 0 9 3 0 4 9 3 0 4 0 4 1 3 0 0 3 0 4 4 7 1 19 1 9 4 7 4 1 4 7 10 1 9 3 0 4 4 0 0 9 3 0 4 4 0 3 1 1 0 6 4 8 0 6 4 5 4 4 7 1 4 7 4 0 3 4 1 3 1 0 3 1 1 0 8 0 6 2 5 4 5 4 2 7 4 7 4 1 0 10 0 9 3 0 4 1 10 0 9 3 1 0 3 1 1 1 0 8 0 6 2 5 4 2 7 4 1 10 0 9 3 1 1 3 1 0 8 0 6 4 8 1 1 6 2 8 1 6 2 8 1 6 4 5 4 4 7 10 0 9 3 0 4 1 0 10 0 9 15 4 0 8 0 6 4 5 4 5 4 8 1 4 0 0 6 4 5 4 5 2 5 4 8 1 4 0 0 0 0 6 4 5 4 4 7 4 0 4 7 4 0 0 3 4 1 3 1 0 3 1 0 0 8 0 6 2 8 6 2 8 1 6 4 8 4 6 4 4 7 4 3 1 1 4 7 4 0 4 7 1 1 19 1 9 3 1 1 8 1 6 2 8 6 4 8 1 4 4 4 
175	13 4 7 4 7 2 7 11 5 4 5 4 10 0 9 15 4 10 0 9 15 4 10 1 9 15 4 3 0 0 3 0 0 6 2 5 4 2 7 10 0 1 1 9 10 0 9 3 0 9 4 7 4 0 3 0 0 1 0 0 1 0 8 0 6 2 10 0 9 3 0 1 1 8 0 6 4 4 7 4 1 17 18 2 7 0 1 0 9 3 1 1 1 0 3 1 0 8 1 
176	23 6 2 4 
177	13 2 7 2 7 2 7 2 7 4 7 2 7 2 7 11 5 4 3 0 3 0 3 0 1 3 0 3 0 10 0 4 9 3 0 4 0 9 15 4 11 5 4 3 0 3 0 3 0 1 3 0 3 0 3 0 0 6 2 3 1 8 0 0 6 3 0 6 5 2 3 0 0 6 2 8 6 2 3 1 10 1 9 8 0 10 0 9 3 0 2 3 1 0 0 8 2 0 6 2 5 2 8 1 0 0 6 2 5 2 5 2 5 2 3 1 10 0 9 15 4 10 0 0 0 0 0 9 15 4 10 0 9 8 10 1 9 8 0 2 7 1 1 0 10 0 0 0 9 3 1 0 0 9 2 7 2 0 3 1 0 0 3 1 0 0 0 0 3 0 0 8 0 6 3 0 0 6 2 5 2 3 1 10 0 9 8 2 7 0 2 0 10 0 0 9 3 0 0 10 0 0 9 3 0 0 2 7 0 0 3 0 0 8 0 6 10 0 9 15 4 6 2 8 0 0 4 
178	13 4 7 11 5 4 5 4 3 0 0 3 0 1 6 4 8 0 6 2 8 1 1 6 2 8 6 2 8 6 4 8 4 6 4 4 7 4 3 1 1 3 1 0 8 1 6 2 8 6 4 8 1 4 4 4 
179	13 4 7 2 7 2 7 11 5 4 5 2 3 0 0 3 0 0 3 0 6 5 2 3 1 3 1 0 6 5 2 3 1 0 0 6 5 2 5 2 5 2 3 1 0 3 1 0 0 0 6 3 1 6 6 5 2 5 2 10 0 0 9 2 7 2 0 0 3 1 0 0 3 1 0 6 5 2 10 0 0 0 9 15 4 3 0 0 4 
180	23 6 4 6 2 6 2 6 4 6 2 6 2 5 4 
181	13 4 7 4 7 11 5 4 5 4 3 0 0 3 0 0 6 4 8 0 6 2 8 0 6 2 6 4 8 1 6 2 8 6 2 8 6 4 8 0 6 2 2 7 10 1 1 9 3 0 1 8 0 6 2 5 4 2 7 10 1 9 3 0 1 1 0 8 0 4 
182	13 4 7 2 7 4 7 4 7 11 5 4 5 4 5 2 3 0 0 3 0 4 0 3 0 4 0 0 3 0 4 4 3 1 11 5 4 5 4 5 2 3 0 0 20 3 0 4 4 21 22 3 0 4 0 0 3 0 4 0 3 1 11 5 4 5 4 5 2 3 0 0 3 0 4 0 0 3 1 10 1 0 9 3 0 4 4 3 0 4 0 9 3 0 4 0 3 0 4 4 11 5 4 5 4 4 7 4 3 0 19 9 4 7 4 0 2 7 1 10 0 9 3 1 0 3 0 0 10 1 9 14 4 7 4 1 4 3 0 4 0 3 0 4 0 0 3 1 10 1 9 3 0 4 1 0 0 3 0 4 4 9 3 0 4 4 11 5 4 5 2 5 4 5 4 3 0 0 3 0 4 0 0 3 1 10 1 9 3 0 4 0 0 0 0 3 0 4 4 9 3 0 4 4 3 0 4 0 0 0 0 6 4 8 1 6 2 8 0 6 5 2 5 2 10 1 9 3 1 1 0 0 9 3 1 1 0 0 6 4 8 0 6 5 4 3 1 0 6 2 8 1 6 5 2 3 1 0 6 4 4 7 4 4 7 20 4 7 4 4 7 10 1 9 3 0 1 10 1 9 3 0 1 10 0 9 17 18 2 7 0 0 0 9 3 0 0 1 0 2 7 1 10 0 1 9 2 7 2 1 3 1 0 0 0 3 0 0 3 0 4 3 1 0 0 3 0 1 9 3 0 21 22 3 0 1 3 0 0 8 0 6 4 8 1 6 2 8 6 4 4 7 4 3 1 1 1 1 3 1 1 1 8 1 13 4 7 4 7 4 7 2 7 4 7 11 5 4 3 0 4 0 17 18 2 7 0 0 0 9 3 0 0 4 0 0 3 0 3 0 3 0 3 0 11 5 4 5 4 5 2 5 4 3 0 4 3 0 0 3 0 0 3 0 0 3 0 0 6 2 8 0 0 6 4 10 1 0 9 4 7 4 0 4 7 4 0 0 3 1 4 0 0 0 0 3 0 1 1 0 8 0 13 4 7 4 7 4 7 2 7 4 7 11 5 4 3 0 4 0 17 18 2 7 0 0 0 9 10 0 0 4 9 3 0 0 4 0 0 9 3 0 0 4 4 0 0 3 0 3 0 3 0 3 0 11 5 4 5 4 5 2 5 4 3 0 4 3 0 0 3 0 0 3 0 0 3 0 0 6 2 8 0 0 6 4 10 1 0 9 4 7 4 0 4 7 4 0 0 3 1 4 0 0 0 0 3 0 1 1 0 8 0 6 5 4 10 1 9 10 0 9 4 7 4 0 0 3 1 4 0 0 0 0 3 1 1 0 1 9 17 18 2 7 0 0 0 9 3 0 0 1 0 6 2 2 7 10 1 9 10 0 9 3 0 0 0 0 9 3 0 0 8 0 4 4 4 
183	13 4 7 2 7 11 5 4 10 0 9 3 0 4 9 3 0 4 0 17 18 2 7 0 0 0 9 10 0 0 0 0 1 9 15 4 3 0 0 0 0 11 3 0 4 11 5 4 5 4 10 0 9 3 0 4 0 9 3 0 4 0 0 17 18 2 7 0 0 0 9 3 0 0 0 0 10 0 9 17 18 2 7 0 0 0 9 10 0 0 0 0 1 9 15 4 3 0 0 0 0 0 6 2 5 4 2 7 10 0 1 1 9 10 0 9 3 0 9 4 7 4 0 10 0 0 0 9 3 0 17 18 2 7 0 0 0 0 9 10 0 0 1 0 0 9 3 0 14 8 0 6 2 10 0 9 17 18 2 7 0 0 0 9 3 0 0 0 1 8 0 6 2 8 0 6 4 5 2 8 0 0 6 4 2 7 0 10 0 9 8 4 7 4 3 0 4 0 3 1 0 0 0 8 0 6 4 4 7 4 2 7 1 3 1 0 17 18 2 7 0 0 0 9 3 1 1 0 10 0 0 9 3 1 0 8 1 
184	13 4 7 4 7 4 7 11 3 0 4 3 0 4 3 0 11 5 4 3 4 7 4 0 4 7 4 0 3 4 1 1 1 1 0 4 7 4 1 0 3 1 1 0 1 1 0 1 1 6 4 5 4 5 4 8 1 1 0 0 6 4 5 4 5 2 5 4 8 1 1 0 0 0 6 4 5 4 8 1 1 0 6 5 4 3 1 4 7 4 0 1 4 7 4 4 7 4 3 1 0 3 1 0 3 1 0 3 1 1 4 7 1 19 1 9 4 7 4 1 2 7 1 10 0 9 3 1 1 0 9 2 7 1 4 7 4 4 7 1 1 0 3 1 1 3 1 1 1 4 7 4 3 1 0 3 1 0 3 1 0 3 1 0 3 1 1 3 1 0 17 18 2 7 0 0 0 9 3 1 0 0 3 0 1 19 1 9 4 7 4 1 3 1 0 6 5 4 10 0 9 3 1 3 1 4 7 4 0 4 7 4 0 3 1 0 4 0 3 1 3 1 6 4 10 0 9 3 0 4 1 8 0 6 4 5 4 4 7 1 1 0 10 1 9 15 4 0 8 4 4 0 6 5 4 3 1 0 3 1 1 6 5 4 3 1 0 6 5 4 3 1 1 10 1 9 3 1 4 0 6 5 4 5 4 5 4 5 4 19 1 9 4 7 4 1 4 7 1 4 7 0 4 1 0 10 1 9 4 7 4 1 0 3 1 0 0 4 0 0 9 2 7 1 2 7 1 4 7 10 1 9 3 0 4 0 1 0 0 9 3 0 4 0 1 0 0 3 1 0 6 4 10 1 9 8 4 1 9 8 4 6 4 10 1 9 8 4 1 9 8 1 6 2 8 4 1 6 4 8 4 
185	13 4 7 4 7 4 7 2 7 11 5 4 5 4 5 4 5 2 3 0 0 3 0 0 3 0 0 3 0 0 6 4 8 0 6 4 8 0 6 4 8 0 6 2 8 0 
186	23 6 5 4 
187	23 6 4 6 4 6 5 4 6 5 4 
188	13 4 7 4 7 11 5 4 3 3 0 4 3 0 4 3 1 0 3 1 3 1 0 3 1 11 5 2 5 2 5 2 3 0 0 0 3 0 4 3 0 4 6 2 5 4 5 4 2 7 4 7 1 3 1 0 4 7 1 10 1 0 9 3 1 0 3 0 9 3 1 0 3 1 0 3 0 8 0 6 2 5 4 2 7 1 0 10 0 9 3 1 1 8 0 13 6 2 5 4 8 0 6 2 5 4 5 4 4 7 4 0 4 7 4 0 2 7 1 1 10 0 9 3 0 1 0 8 0 6 2 8 6 10 1 9 4 7 4 1 4 3 1 0 4 2 7 0 3 1 0 0 1 3 0 1 3 0 1 17 18 2 7 0 0 0 9 3 0 0 1 0 0 3 0 0 1 10 0 9 3 0 0 1 0 0 10 0 0 9 3 0 0 1 0 0 17 18 2 7 0 0 0 0 9 3 0 0 1 3 0 0 1 0 0 3 0 0 1 3 0 0 1 9 3 0 0 1 6 4 8 1 6 5 4 4 7 1 10 1 0 9 15 4 0 3 1 0 3 1 0 4 4 4 
189	13 4 7 11 5 4 5 2 3 3 0 3 1 0 3 1 0 3 1 0 11 5 2 5 2 5 2 3 0 0 0 3 0 6 5 4 3 0 0 6 4 8 0 6 2 8 25 6 2 8 6 4 
190	23 6 4 6 5 4 6 5 4 6 5 4 4 
191	13 2 7 2 2 7 2 7 0 0 2 7 2 7 2 7 2 7 2 7 2 7 2 7 2 7 2 7 2 7 2 7 2 7 2 7 2 7 4 7 4 7 4 7 4 7 4 7 4 7 4 7 4 7 4 7 4 7 4 7 4 7 4 7 2 7 2 7 4 7 4 7 11 3 0 2 0 3 1 0 0 3 0 4 0 3 0 4 0 3 0 4 0 3 0 4 0 0 0 3 0 4 0 0 0 3 0 4 0 0 0 3 0 4 0 0 3 0 4 0 0 3 0 4 0 0 3 0 4 0 0 3 0 4 0 3 0 4 0 0 3 0 0 3 1 3 1 3 1 11 5 2 5 2 5 2 3 0 2 0 3 1 0 0 0 0 3 0 4 0 0 3 0 4 0 0 3 0 4 0 0 3 0 4 0 0 3 0 4 0 0 3 0 4 0 0 3 0 4 0 0 3 0 4 0 0 3 0 4 0 0 3 0 4 0 0 3 0 4 0 0 3 0 4 0 0 3 0 0 2 7 1 0 10 0 9 3 0 9 2 7 2 0 2 7 17 18 2 7 0 0 0 9 3 0 0 2 1 4 0 0 3 0 0 3 0 4 0 0 3 0 3 0 6 5 4 3 1 0 6 5 2 3 1 0 0 6 2 8 1 6 2 8 1 6 2 8 1 1 6 2 5 2 8 0 0 6 4 8 0 6 2 6 5 4 2 7 1 2 7 1 0 0 3 0 4 0 0 2 7 2 7 17 18 0 0 0 9 3 4 0 2 0 0 0 3 0 0 17 18 0 0 0 9 3 4 0 2 0 3 0 0 3 1 2 0 0 0 6 5 2 3 1 0 0 6 5 2 3 1 0 0 6 5 2 3 1 0 0 6 2 8 1 6 5 2 3 1 0 0 6 5 2 3 0 0 6 2 8 0 6 6 2 8 1 6 2 8 1 6 2 5 2 8 0 0 6 4 8 0 6 4 8 0 6 5 4 3 0 0 3 1 0 0 4 0 0 6 5 4 3 0 0 3 1 0 0 4 0 0 6 4 4 7 4 3 0 1 3 0 1 3 0 1 2 7 1 3 0 3 0 2 1 3 0 0 3 0 1 3 0 3 0 2 1 3 0 0 8 0 6 4 8 1 6 2 8 6 4 4 7 4 3 1 1 1 1 8 1 4 4 
192	13 11 6 4 5 4 4 7 4 17 18 2 7 0 0 0 9 2 7 0 0 1 2 7 0 0 2 7 17 18 2 7 0 0 0 9 24 0 0 0 16 0 3 1 4 1 0 0 14 16 0 3 1 4 1 0 0 14 16 0 3 1 4 1 0 0 14 16 3 1 14 3 0 0 8 0 
193	13 2 7 4 7 4 7 11 3 0 0 3 0 4 3 1 4 3 0 11 5 2 5 4 3 0 0 3 0 3 0 1 1 0 3 1 4 1 6 5 4 3 1 0 6 5 4 3 1 0 6 4 8 4 1 6 4 7 4 1 4 17 18 2 7 0 0 0 9 3 0 0 1 0 3 0 1 0 17 18 2 7 0 0 0 9 3 0 0 1 6 2 8 0 6 5 4 2 7 1 10 1 0 9 8 4 7 4 3 1 1 0 19 1 9 4 7 4 1 3 1 0 10 1 9 3 1 4 0 3 0 1 10 1 0 9 3 1 1 0 3 0 1 10 1 0 9 3 1 1 0 6 2 8 0 0 6 5 2 3 0 0 6 5 4 10 0 9 17 18 2 7 0 0 0 9 3 0 0 1 0 4 4 
194	13 11 3 3 1 0 3 1 0 3 1 0 11 5 2 5 2 5 2 3 0 0 0 6 5 2 3 25 1 0 4 
195	13 2 7 0 0 2 7 0 2 7 0 0 2 7 2 4 7 2 7 11 3 0 2 0 3 1 0 0 3 0 4 0 2 7 17 18 2 7 0 0 0 9 3 0 0 4 0 3 0 0 6 4 5 2 2 7 1 0 4 7 4 0 2 7 2 7 0 17 18 2 7 0 0 0 0 9 3 0 0 4 0 0 0 0 0 0 0 3 0 0 8 0 6 4 5 2 5 2 2 7 1 0 4 7 4 0 2 7 2 7 0 10 0 9 17 18 2 7 0 0 0 0 9 3 0 0 4 0 0 0 0 0 0 0 3 0 0 17 18 0 0 0 0 9 3 0 0 1 0 0 3 0 0 1 0 8 0 6 2 5 2 8 0 0 0 6 2 5 2 8 0 0 0 6 2 8 0 6 2 8 0 6 2 8 0 6 5 2 3 0 0 1 0 0 11 5 2 5 2 5 2 3 17 18 2 7 0 0 0 0 9 3 0 0 0 1 0 0 0 6 5 4 3 1 0 0 4 
196	13 6 5 4 5 2 3 1 0 6 5 4 6 5 4 3 1 0 4 
197	13 4 7 11 5 2 5 2 5 2 5 2 5 4 3 10 0 9 15 4 0 4 7 4 0 2 7 1 0 0 2 7 17 18 0 0 0 0 9 3 0 0 4 1 0 0 10 0 0 9 10 0 9 15 4 2 7 0 2 7 1 2 7 1 17 18 2 7 0 0 0 9 3 0 1 0 0 0 2 7 1 1 0 2 7 17 18 2 7 0 0 0 9 3 0 0 4 1 1 0 0 3 0 0 3 0 1 0 0 10 0 0 9 14 10 0 0 9 15 4 3 1 0 0 11 5 4 5 4 3 3 1 0 0 11 3 0 4 6 4 5 2 5 4 4 7 4 2 7 0 19 0 0 9 3 1 1 0 3 0 1 0 8 4 1 4 6 2 5 2 2 7 20 3 0 1 0 21 22 8 0 6 2 5 2 10 1 0 9 8 1 0 9 15 4 0 6 5 4 5 4 2 7 1 17 18 2 7 0 0 0 9 2 7 0 0 1 2 7 17 18 2 7 0 0 0 9 2 7 1 0 0 10 0 0 9 3 1 1 3 1 0 3 0 0 3 0 0 3 1 
198	13 4 7 4 7 2 7 11 3 0 0 3 0 4 3 0 4 6 2 2 7 2 7 19 9 2 7 1 0 0 1 2 7 1 0 10 0 0 0 0 9 14 9 3 0 0 3 0 0 2 7 1 0 3 1 0 3 1 8 0 6 2 5 2 2 7 1 10 0 9 2 7 0 2 7 0 17 18 2 7 0 0 0 9 3 1 0 3 1 0 8 0 6 2 8 0 6 3 0 1 1 6 5 4 17 18 2 7 0 0 0 9 3 0 0 1 0 6 2 8 0 6 5 2 3 0 0 4 4 
199	23 6 5 2 6 4 5 2 6 4 5 2 6 5 4 
200	13 4 7 4 7 11 3 0 4 3 0 6 5 4 3 0 0 6 5 2 10 0 0 0 9 3 0 0 6 4 5 2 4 7 20 3 0 0 0 10 0 9 15 4 0 3 0 0 21 22 15 4 0 8 0 6 4 5 2 10 0 9 15 4 8 1 0 6 5 4 10 0 9 15 4 3 0 0 4 
201	23 6 5 4 
202	13 2 7 2 2 7 2 7 11 5 4 3 0 1 3 0 0 11 5 4 3 2 7 1 0 3 0 0 0 11 3 0 2 0 3 1 0 0 6 2 8 0 6 2 8 0 0 6 2 8 0 6 4 5 2 5 2 4 7 4 0 0 0 2 7 17 18 2 7 0 0 0 9 3 0 0 4 10 0 0 9 2 7 1 0 0 0 3 1 0 0 0 0 0 0 10 0 0 9 3 1 0 0 0 0 0 0 9 3 1 0 0 0 0 3 0 0 8 0 6 5 4 5 2 5 2 2 7 0 0 2 7 0 0 2 7 0 0 0 10 0 0 9 3 1 0 0 0 0 0 0 9 2 7 3 1 0 0 0 0 0 0 0 0 3 0 0 0 17 18 2 7 0 0 0 0 9 3 1 0 0 0 0 0 0 3 0 0 3 1 0 0 0 0 0 0 0 6 5 4 3 1 0 0 4 
203	23 2 7 2 7 2 7 0 0 0 2 7 2 7 2 7 2 7 2 7 2 7 
204	13 4 7 4 7 4 7 4 7 4 7 2 7 11 5 4 3 0 2 0 2 7 1 0 10 0 0 9 4 7 0 15 4 0 0 0 4 7 4 0 0 10 1 0 9 15 4 1 0 3 0 4 0 0 3 0 4 0 0 3 0 4 0 0 3 0 4 0 0 3 0 4 0 0 6 2 8 1 6 2 8 1 6 2 8 1 6 2 2 7 2 0 2 7 0 17 18 2 7 0 0 0 9 3 0 0 1 0 0 3 0 0 8 0 6 2 8 1 6 2 8 1 4 
205	13 2 7 2 4 7 4 7 4 7 4 7 4 7 2 7 11 3 0 2 0 3 1 0 0 3 4 0 0 0 3 4 0 3 4 0 3 4 0 3 4 0 3 4 2 0 3 4 2 0 3 4 2 0 3 4 2 0 3 4 0 3 4 0 3 4 0 3 0 4 0 0 3 0 4 0 0 0 3 4 0 3 4 0 3 0 4 0 0 0 3 4 0 3 0 4 0 0 0 3 0 4 0 0 6 4 5 2 5 2 4 7 3 1 0 0 2 7 1 0 0 2 7 0 17 18 2 7 0 0 0 9 3 4 0 0 0 0 3 0 0 10 0 0 9 2 7 0 0 2 7 2 0 17 18 2 7 0 0 0 9 3 0 0 0 0 0 3 0 1 0 0 0 3 1 0 0 0 9 3 0 1 2 3 1 0 0 3 1 0 0 8 0 6 5 2 3 1 0 0 6 5 2 3 1 0 0 6 2 5 2 8 0 0 1 0 0 6 5 4 3 1 0 0 4 4 
206	23 6 2 
207	13 2 7 0 0 4 7 11 5 4 5 2 3 0 4 0 17 18 2 7 0 0 0 9 3 0 0 0 0 0 6 4 5 4 2 7 1 0 0 4 7 4 0 0 3 1 1 4 0 1 17 18 2 7 1 0 0 0 9 3 0 0 4 6 6 2 8 4 7 4 0 17 18 2 7 0 0 0 9 3 0 0 4 0 0 0 8 0 6 5 4 17 18 2 7 0 0 0 9 3 0 0 1 0 4 
208	13 2 7 2 7 11 5 4 3 0 2 0 2 7 1 0 10 0 9 3 0 10 0 0 9 4 7 0 15 4 0 0 0 9 3 0 6 2 8 0 6 2 10 1 9 15 4 8 0 4 
209	13 11 5 4 4 7 4 19 9 4 7 4 0 10 1 9 14 3 1 0 3 1 4 1 4 4 
210	13 6 4 5 4 5 4 5 2 4 7 4 1 1 1 3 4 1 0 0 8 0 
211	13 4 7 4 7 2 7 4 7 11 5 4 5 4 3 0 4 3 0 4 3 0 0 4 7 1 19 1 9 4 7 4 1 4 7 1 10 0 9 3 1 1 0 17 18 2 7 0 0 0 9 3 1 0 0 3 1 3 1 1 3 0 1 0 6 4 8 0 6 2 8 0 6 5 2 3 1 0 6 5 4 4 7 1 19 1 9 3 4 1 4 4 
212	13 2 7 2 7 2 2 7 2 7 0 0 11 5 2 5 2 3 3 1 0 0 0 0 0 11 3 0 2 0 6 4 5 2 5 2 4 7 4 0 0 0 2 7 17 18 2 7 0 0 0 9 3 0 0 4 10 0 0 9 2 7 1 0 0 0 3 1 0 0 0 0 0 0 10 0 0 9 3 1 0 0 0 0 0 0 9 3 1 0 0 0 0 3 0 0 8 0 6 2 5 4 2 7 1 2 7 0 0 0 2 7 0 0 17 18 0 0 0 9 3 1 1 8 0 6 4 5 4 5 2 4 7 4 17 18 2 7 0 0 0 9 3 0 0 1 0 2 7 1 4 7 4 1 0 17 18 2 7 0 0 0 9 3 0 0 4 0 0 8 0 6 4 5 4 4 7 4 17 18 2 7 0 0 0 9 2 7 0 0 1 17 18 2 7 0 0 0 9 3 1 4 0 0 8 0 6 5 4 5 2 5 2 2 7 0 0 2 7 0 0 2 7 0 0 0 10 0 0 9 3 1 4 0 0 0 0 0 9 2 7 3 1 4 0 0 0 0 0 0 0 3 0 0 0 17 18 2 7 0 0 0 0 9 3 1 4 0 0 0 0 0 3 0 0 3 1 4 0 0 0 0 0 0 6 2 5 2 8 0 0 6 4 4 7 4 3 1 0 0 8 0 6 2 5 2 8 0 0 0 6 5 4 3 1 0 6 2 8 0 4 4 
213	13 11 5 4 3 1 4 1 4 4 
214	13 4 7 4 2 7 2 7 4 7 4 4 7 4 4 7 4 2 7 2 7 2 7 0 0 2 7 2 7 4 7 4 11 11 5 4 3 1 0 6 4 5 4 8 1 4 0 0 6 4 5 4 8 1 4 0 0 6 4 10 0 0 9 3 0 0 4 6 4 8 4 0 6 4 8 0 6 2 5 4 10 0 4 4 9 8 4 4 7 4 4 0 4 7 1 4 7 1 4 1 0 8 0 1 1 0 0 6 2 5 4 10 0 4 4 9 8 4 4 7 4 4 0 4 7 1 4 7 1 4 1 0 10 0 1 1 0 0 9 3 1 0 8 8 6 2 8 1 6 3 1 8 0 0 6 4 10 0 0 9 3 0 0 4 6 4 8 4 0 6 4 8 1 0 6 2 8 1 6 2 5 4 8 1 0 6 2 5 4 2 7 0 3 1 0 8 0 0 6 3 1 8 0 0 6 4 10 0 0 9 3 0 0 4 6 4 8 4 0 6 4 8 1 0 6 2 8 1 6 2 5 4 8 1 0 6 2 5 4 2 7 0 3 1 0 8 0 0 6 2 5 4 2 7 4 7 1 19 1 9 10 1 1 9 3 0 8 0 6 3 1 8 0 0 6 4 5 4 5 2 4 7 1 0 0 4 7 10 0 9 3 0 1 1 0 3 1 0 8 0 6 4 5 4 5 2 3 1 0 0 4 7 1 0 0 8 0 1 1 0 6 2 5 2 8 0 0 6 4 5 4 5 2 4 7 4 7 0 0 19 0 9 2 7 1 0 1 0 10 0 9 3 0 0 14 9 3 0 0 1 0 1 0 8 0 6 2 5 4 5 4 8 4 0 6 4 5 4 5 2 4 7 0 10 0 9 19 1 0 9 3 0 1 0 8 0 6 4 5 4 5 2 4 7 10 0 9 3 0 10 1 0 9 3 0 1 1 0 0 9 4 7 1 0 4 7 0 19 0 0 1 0 9 3 0 0 3 0 1 0 3 0 0 8 0 6 5 4 5 4 5 2 10 0 9 10 0 9 3 1 0 9 3 1 0 0 6 2 5 4 5 2 8 0 1 0 6 2 5 4 5 2 8 0 1 0 6 5 4 5 2 10 0 9 3 1 0 6 5 4 5 2 10 0 9 3 1 0 6 4 5 4 5 2 8 1 1 0 0 0 6 4 5 4 5 2 8 0 1 0 6 4 5 4 5 2 8 0 1 0 6 4 5 4 5 2 8 0 1 0 6 2 5 4 5 2 8 0 1 0 0 1 1 0 0 6 2 5 4 5 2 8 0 1 0 0 1 1 0 0 6 5 4 5 2 4 7 1 0 3 1 1 0 0 10 1 0 9 3 1 1 0 0 0 3 1 1 0 0 10 1 0 9 3 0 0 0 10 1 1 0 0 0 9 3 1 1 0 0 0 9 3 1 1 0 0 0 3 1 0 0 3 1 0 0 6 5 4 5 2 4 7 1 0 3 1 1 0 0 10 1 0 9 3 1 1 0 0 0 3 1 1 0 0 10 1 0 9 3 0 0 0 10 1 1 0 0 0 9 3 1 1 0 0 0 9 3 1 1 0 0 0 3 1 0 0 3 1 0 0 6 5 4 5 2 4 7 0 3 1 0 0 19 0 0 0 0 1 1 0 0 9 10 1 1 0 0 0 9 4 7 1 1 0 0 0 10 1 0 0 9 3 1 1 0 0 0 3 1 0 0 3 1 1 0 0 0 3 0 1 0 0 9 10 1 0 0 9 3 0 1 0 0 3 1 0 0 3 1 1 0 0 0 3 1 1 0 0 0 10 1 0 0 9 3 1 1 0 0 0 9 4 7 1 1 0 0 0 10 1 0 0 9 3 1 1 0 0 0 3 1 0 0 3 1 1 0 0 0 3 0 1 0 0 9 10 1 0 0 9 3 0 1 0 0 3 1 0 0 3 1 1 0 0 0 3 1 1 0 0 0 10 1 0 0 9 3 1 1 0 0 0 3 1 0 0 0 6 5 4 17 18 2 7 0 0 0 0 9 10 1 0 1 0 9 3 1 1 0 0 0 0 4 7 1 0 1 0 1 0 10 0 9 3 1 1 0 0 10 1 0 9 3 0 0 0 10 0 1 1 0 0 9 3 1 1 0 0 0 9 3 1 1 0 0 0 3 1 0 3 1 0 3 1 0 10 1 0 0 9 3 1 0 0 9 10 1 0 9 3 0 0 9 10 1 0 0 9 3 1 0 0 10 1 0 9 10 0 1 1 0 0 9 3 1 1 0 0 9 3 1 1 0 0 3 1 0 3 1 6 5 4 5 2 4 7 0 19 0 0 0 1 0 0 9 10 1 0 0 9 4 7 1 1 0 0 0 10 1 0 0 9 3 1 0 0 3 1 1 0 0 0 3 1 1 0 0 0 3 0 1 1 0 0 0 10 1 1 0 0 0 1 1 0 0 0 9 3 1 0 0 3 0 1 0 0 9 10 1 1 0 0 0 9 3 1 1 0 0 0 3 1 0 0 3 1 0 0 3 0 1 1 0 0 0 3 1 1 0 0 0 0 3 1 1 0 0 0 3 1 1 0 0 0 3 1 1 0 0 0 3 0 0 0 9 4 7 1 1 0 0 0 10 1 0 0 9 3 1 0 0 3 1 1 0 0 0 3 1 1 0 0 0 3 0 1 1 0 0 0 10 1 1 0 0 0 1 1 0 0 0 9 3 1 0 0 3 0 1 0 0 9 10 1 1 0 0 0 9 3 1 1 0 0 0 3 1 0 0 3 1 0 0 3 0 1 1 0 0 0 3 1 1 0 0 0 0 3 1 1 0 0 0 3 1 1 0 0 0 3 1 1 0 0 0 3 0 0 0 3 1 0 0 6 5 4 5 4 5 2 4 7 1 0 4 7 1 0 4 7 1 0 4 7 1 0 4 7 1 0 4 7 1 0 2 7 1 0 0 1 1 0 0 2 7 1 0 0 1 1 0 0 10 0 0 9 3 1 0 0 10 0 9 3 1 0 0 3 1 0 0 9 3 1 0 0 3 1 0 0 9 3 1 0 0 10 0 9 10 0 9 3 1 0 0 9 3 1 0 0 3 1 0 0 3 1 0 0 10 0 0 9 3 1 0 0 10 0 9 3 1 0 0 3 1 0 0 9 3 1 0 0 3 1 0 0 9 3 1 0 0 10 0 9 10 0 9 3 1 0 0 9 3 1 0 0 3 1 0 0 3 1 0 0 10 1 0 9 3 1 1 0 0 0 10 1 0 9 3 1 1 0 0 0 10 1 0 9 3 1 1 0 0 0 10 1 0 9 3 1 1 0 0 0 3 1 0 0 10 0 0 0 9 3 0 0 0 10 0 0 0 9 3 0 0 0 6 5 4 5 2 10 0 9 15 4 0 0 10 0 4 9 15 4 0 0 6 5 4 3 1 0 0 6 5 4 3 1 0 0 6 5 4 5 4 3 1 0 3 1 0 6 3 0 6 3 1 3 0 6 3 1 3 0 6 5 4 4 7 0 0 19 9 2 7 1 1 0 1 0 10 0 9 15 4 1 0 10 0 9 10 1 0 9 3 0 1 0 9 3 1 0 0 3 1 0 0 3 1 0 0 14 9 10 1 0 9 3 0 1 0 9 3 1 0 0 3 1 0 0 3 1 0 0 14 6 2 8 0 6 2 5 4 3 1 0 8 1 4 0 0 6 2 5 4 3 1 0 8 1 4 0 0 6 4 5 4 8 1 4 0 0 6 4 5 4 5 4 3 1 0 0 4 7 0 0 10 0 9 4 7 4 4 0 4 0 3 0 0 0 3 0 0 0 3 1 9 19 9 2 7 1 4 0 1 0 10 0 9 15 4 0 10 0 9 10 1 0 9 3 0 1 0 9 4 7 4 4 0 4 0 3 1 0 3 1 0 0 3 1 0 0 3 1 0 0 3 1 14 9 10 1 0 9 3 0 1 0 9 4 7 4 4 0 4 0 3 1 0 3 1 0 0 3 1 0 0 3 1 0 0 3 1 14 8 6 4 5 4 8 1 4 0 0 6 3 1 3 0 3 0 0 3 0 0 6 4 10 0 0 9 3 0 0 4 6 4 8 4 0 6 4 8 1 0 6 2 8 1 6 2 5 4 8 1 0 6 2 5 4 2 7 0 3 1 0 8 0 0 6 3 1 8 0 0 6 4 10 0 0 9 3 0 0 4 6 4 8 4 0 6 4 8 1 0 6 2 8 1 6 2 5 4 8 1 0 6 2 5 4 2 7 0 3 1 0 8 0 0 6 2 5 4 2 7 4 7 1 19 1 9 10 1 1 9 3 0 8 0 6 3 1 8 0 0 6 4 10 0 0 9 3 0 0 4 6 4 8 4 0 6 4 8 0 6 2 5 4 10 0 4 4 9 8 4 4 7 4 4 0 4 7 1 4 7 1 4 1 0 8 0 1 1 0 0 6 2 5 4 10 0 4 4 9 8 4 4 7 4 4 0 4 7 1 4 7 1 4 1 0 10 0 1 1 0 0 9 3 1 0 8 8 6 2 8 1 6 3 1 8 0 0 13 2 7 4 7 4 7 2 7 11 5 2 3 0 0 3 0 0 3 0 3 0 1 0 0 0 6 4 6 2 8 0 6 4 10 0 9 15 4 10 0 0 9 15 4 3 0 0 3 0 1 0 0 8 1 6 10 0 9 15 4 10 0 0 9 15 4 3 1 0 3 0 3 0 13 4 7 4 7 4 7 4 7 2 7 2 7 2 7 11 5 4 5 4 3 0 4 0 0 3 0 4 3 0 4 3 0 4 3 0 2 3 0 6 4 5 2 8 0 0 6 5 4 5 2 3 0 0 0 6 4 5 2 8 0 0 6 5 4 5 2 3 0 0 0 6 4 5 2 8 0 0 6 5 4 5 2 3 0 0 0 6 4 5 2 8 0 0 6 5 4 5 2 3 0 0 0 0 3 0 0 0 0 3 0 0 0 0 6 2 5 2 8 0 0 6 2 5 2 8 0 0 6 5 2 3 0 0 6 5 2 3 0 0 6 5 4 5 2 3 0 0 0 0 6 4 8 0 0 6 4 8 0 0 6 4 5 4 15 4 6 2 5 4 10 0 9 8 10 0 4 4 9 8 4 4 7 4 4 0 8 0 0 1 1 0 0 1 1 6 2 10 0 9 3 0 0 0 1 0 0 1 3 0 8 0 4 4 4 4 
215	13 2 7 2 7 11 5 2 3 0 0 2 7 2 7 0 10 0 9 19 0 9 3 0 3 0 3 0 0 6 2 5 2 8 1 0 0 6 2 5 2 8 2 1 0 6 2 5 2 8 0 0 6 2 5 2 8 2 1 0 6 2 5 2 8 0 0 6 2 5 2 8 0 0 0 6 2 5 2 5 2 8 0 0 0 0 0 6 2 5 2 5 2 8 2 1 0 0 6 2 5 2 8 0 0 6 2 5 2 8 2 1 0 6 2 5 2 8 2 1 0 6 2 5 2 8 0 0 6 2 5 2 8 2 1 0 6 2 5 2 8 2 1 0 6 2 5 2 5 2 8 0 1 0 1 0 6 2 5 2 5 2 8 0 1 0 1 0 6 2 5 2 5 2 8 0 1 0 1 0 
216	13 2 7 2 7 2 7 11 5 2 3 0 0 11 5 2 5 2 10 0 9 15 4 3 0 0 3 1 0 11 5 2 5 2 3 0 3 1 0 11 5 2 5 2 5 2 3 0 0 3 1 0 6 2 8 0 6 5 2 3 0 0 6 5 2 5 2 3 1 0 3 1 0 6 5 2 3 0 0 0 6 5 4 3 0 1 0 0 6 5 2 3 0 0 0 6 4 8 1 0 4 
217	23 6 5 2 6 5 4 6 5 2 6 4 
218	13 11 6 5 2 5 2 5 4 5 2 10 0 0 0 9 15 4 0 0 10 0 9 15 4 2 7 0 0 4 7 4 17 18 2 7 0 0 0 0 9 2 7 0 0 10 0 9 3 0 3 1 1 1 0 17 18 2 7 0 0 9 10 0 0 9 3 1 1 0 0 0 9 3 1 3 1 17 18 2 7 0 0 0 9 10 0 0 0 0 0 0 9 3 1 2 0 0 0 9 3 1 3 1 0 3 1 1 1 3 1 3 1 3 0 0 4 7 1 4 7 4 4 7 4 2 7 2 7 6 4 5 2 3 1 17 18 2 7 0 0 9 3 1 0 2 0 0 0 8 0 6 4 5 2 3 1 17 18 2 7 0 0 9 3 1 0 0 0 0 8 0 6 4 5 2 4 7 4 3 1 17 18 2 7 0 0 0 9 3 1 1 0 0 3 1 3 1 8 1 6 4 5 2 8 1 0 6 4 5 2 8 1 0 6 4 5 2 8 1 0 6 4 5 2 5 2 4 7 4 0 17 18 2 7 0 0 0 9 3 1 0 2 0 0 0 0 8 1 
219	13 2 7 2 7 11 5 2 10 0 9 15 4 3 0 0 11 5 2 5 2 3 0 3 1 0 11 5 2 5 2 3 0 3 1 0 11 5 2 5 2 5 2 3 0 3 1 0 0 6 2 8 0 6 5 2 3 0 0 6 5 2 5 2 3 0 0 3 1 0 6 5 2 3 0 1 0 0 6 5 4 3 0 1 0 6 5 2 3 1 0 0 0 6 4 8 1 0 4 
220	13 2 7 2 7 2 7 11 3 0 11 5 4 3 0 3 1 0 0 0 3 0 0 11 5 2 3 0 2 0 3 0 6 5 2 5 2 10 0 0 9 15 4 10 0 0 9 3 1 0 9 10 0 0 9 3 1 0 3 1 0 0 0 0 0 0 3 0 0 0 3 0 6 2 5 2 10 0 0 9 3 1 0 3 0 0 0 8 6 2 5 4 10 0 9 10 0 0 0 9 3 1 0 0 3 1 0 0 0 0 3 0 0 8 6 2 5 2 5 4 10 0 0 9 15 4 10 0 9 10 0 0 0 9 3 1 0 0 3 1 0 0 0 0 0 0 0 3 1 0 0 0 0 3 0 0 8 6 3 0 6 2 5 2 2 7 17 18 2 7 0 0 0 0 9 10 0 0 0 9 3 0 8 0 6 2 5 4 2 7 10 0 9 17 18 2 7 0 0 0 0 9 10 1 0 0 9 3 0 8 0 6 2 5 4 2 7 0 10 0 0 1 1 9 4 7 4 0 10 0 0 9 3 0 17 18 2 7 0 0 0 0 9 3 0 0 0 0 0 8 0 6 2 5 2 10 0 0 9 15 4 8 0 0 6 2 2 7 17 18 2 7 0 0 0 9 3 0 0 0 0 8 0 6 2 5 2 2 7 17 18 0 0 0 9 10 0 0 0 9 14 10 0 0 9 8 0 6 2 8 0 6 2 5 2 2 7 0 17 18 0 0 9 10 0 0 0 9 14 8 0 6 2 5 2 10 0 0 9 15 4 2 7 0 0 3 1 0 0 0 0 0 0 3 0 8 0 6 2 5 2 2 7 17 18 2 7 0 0 0 0 9 10 0 0 0 9 3 1 0 0 0 0 0 0 3 0 3 0 8 0 6 2 5 4 2 7 17 18 2 7 0 0 0 9 10 1 0 0 9 3 0 8 0 6 2 5 4 2 7 17 18 2 7 0 0 9 10 1 0 0 9 3 1 0 3 0 9 3 0 8 0 6 2 5 2 5 2 10 0 0 9 15 4 2 7 0 0 3 0 0 0 8 0 6 2 8 0 6 2 2 7 2 0 3 1 0 0 0 8 0 6 2 5 2 2 7 10 0 0 9 3 1 0 0 0 3 0 0 9 3 0 1 8 0 6 5 2 2 7 0 0 0 0 2 7 2 0 3 1 0 0 0 3 0 0 
221	13 11 6 2 5 2 5 2 8 2 1 0 0 0 6 2 5 2 5 2 5 2 2 7 2 0 17 18 2 7 0 0 0 9 3 0 0 1 0 0 0 8 0 6 2 5 2 5 2 2 7 2 1 0 0 0 2 7 1 0 0 0 8 0 6 2 5 2 8 1 0 6 2 5 2 5 2 8 2 1 0 0 0 6 2 5 2 8 1 0 6 2 5 2 5 2 8 1 0 0 0 6 2 5 2 8 1 0 6 2 5 2 5 2 8 1 1 0 0 0 6 2 5 2 8 1 0 6 5 2 5 2 5 2 3 1 0 0 0 0 6 5 2 5 2 5 2 3 1 0 0 0 0 17 18 2 7 0 0 0 9 3 1 0 0 0 0 0 0 6 5 2 5 2 3 1 0 0 6 5 2 5 2 5 2 3 1 0 0 0 0 6 5 2 5 2 3 1 0 0 6 5 2 5 2 5 2 3 1 0 0 0 0 6 5 2 5 2 3 1 0 0 6 5 2 5 2 5 2 3 1 0 0 1 0 0 6 5 2 5 2 3 1 0 0 13 11 3 4 6 2 5 4 8 1 1 0 0 6 2 5 4 8 1 1 0 0 6 2 5 4 8 1 1 0 0 2 7 2 0 2 7 2 0 2 7 2 0 6 2 5 4 5 2 2 7 24 0 16 3 0 0 14 16 3 0 0 14 16 3 0 0 14 16 3 0 2 0 14 2 7 1 0 10 0 9 3 1 0 2 10 0 0 9 15 4 8 0 6 2 5 2 5 2 5 2 2 7 17 18 2 7 0 0 0 0 0 9 3 0 3 0 0 0 8 0 6 5 2 5 2 5 2 5 2 2 7 0 0 2 7 0 17 18 2 7 0 0 0 0 9 3 0 0 2 0 3 0 6 2 5 2 8 0 2 0 2 0 2 6 2 5 2 5 2 8 2 1 0 0 0 6 2 5 2 8 1 0 6 2 5 2 5 2 5 2 2 7 2 0 3 1 0 0 0 0 8 0 4 
222	23 2 7 2 7 2 7 2 7 2 7 
223	13 2 7 2 7 11 5 2 10 0 9 15 4 0 3 0 0 11 5 2 5 2 3 0 3 1 0 11 5 2 5 2 3 0 3 1 0 11 5 2 5 2 5 2 3 0 3 1 0 0 6 2 8 0 6 5 2 3 0 0 6 5 2 5 2 3 0 0 3 1 0 6 5 2 3 0 1 0 0 6 5 4 3 0 1 0 6 5 2 3 1 0 0 0 6 4 8 1 0 4 
224	13 4 7 1 4 7 4 11 6 4 5 4 8 1 1 6 4 5 4 4 7 10 1 0 9 3 0 4 1 0 9 3 0 4 1 0 3 1 0 0 8 0 
225	13 4 7 2 7 2 7 2 7 2 7 2 7 11 5 4 3 0 0 6 5 2 5 4 10 0 0 9 10 1 9 3 1 0 10 0 0 9 10 1 9 3 1 0 10 0 0 9 10 1 9 3 1 0 10 0 0 9 10 1 9 3 1 0 10 0 0 9 10 1 9 3 1 0 9 10 1 9 3 1 0 6 2 5 4 5 2 10 0 0 9 10 1 9 8 10 0 0 9 10 1 9 8 10 0 0 9 10 1 9 8 10 0 0 9 10 1 9 8 10 0 0 9 10 1 9 8 8 6 5 2 5 4 5 4 10 1 0 0 9 3 1 0 1 0 1 0 4 6 5 2 5 4 5 4 5 4 10 1 0 0 9 3 1 0 1 0 1 0 1 0 4 6 5 2 5 4 5 4 5 4 5 4 10 1 0 0 9 3 1 0 1 0 1 0 1 0 1 0 4 6 5 2 5 4 5 4 5 4 5 4 5 4 10 1 0 0 9 3 1 0 1 0 1 0 1 0 1 0 1 0 4 6 5 2 5 4 5 4 5 4 5 4 5 4 5 4 10 1 0 0 9 3 1 0 1 0 1 0 1 0 1 0 1 0 1 0 4 6 5 2 5 4 5 4 5 4 5 4 5 4 5 4 5 4 10 1 0 0 9 3 1 0 1 0 1 0 1 0 1 0 1 0 1 0 1 0 4 6 5 2 5 4 5 4 5 4 5 4 5 4 5 4 5 4 5 4 10 1 0 0 9 3 1 0 1 0 1 0 1 0 1 0 1 0 1 0 1 0 1 0 4 6 5 2 5 4 5 4 3 1 0 0 0 6 5 2 5 4 5 4 5 4 10 1 0 0 9 3 1 0 1 0 1 0 4 0 6 5 2 5 4 5 4 5 4 5 4 10 1 0 0 9 3 1 0 1 0 1 0 1 0 4 0 6 5 2 5 4 5 4 5 4 5 4 5 4 10 1 0 0 9 3 1 0 1 0 1 0 1 0 1 0 4 0 6 5 2 5 4 5 4 5 4 5 4 5 4 5 4 10 1 0 0 9 3 1 0 1 0 1 0 1 0 1 0 1 0 4 0 6 5 2 5 4 5 4 5 4 5 4 5 4 5 4 5 4 10 1 0 0 9 3 1 0 1 0 1 0 1 0 1 0 1 0 1 0 4 0 6 5 2 5 4 5 4 5 4 5 4 5 4 5 4 5 4 5 4 10 1 0 0 9 3 1 0 1 0 1 0 1 0 1 0 1 0 1 0 1 0 4 0 6 5 2 5 4 5 4 5 4 5 4 5 4 5 4 5 4 5 4 5 4 10 1 0 0 9 3 1 0 1 0 1 0 1 0 1 0 1 0 1 0 1 0 1 0 4 0 6 5 2 5 4 5 4 3 1 0 0 4 0 6 5 2 5 4 5 4 5 4 3 1 0 0 4 0 0 6 5 2 5 4 5 4 5 4 5 4 3 1 0 0 4 0 0 0 6 5 2 5 4 5 4 5 4 5 4 5 4 3 1 0 0 4 0 0 0 0 6 5 2 5 4 5 4 10 1 0 0 9 4 7 1 0 10 0 0 4 9 3 1 0 1 0 0 4 0 0 9 3 1 0 1 0 0 6 4 5 4 4 7 4 17 18 2 7 0 0 0 9 3 1 1 0 0 8 4 1 4 1 6 4 5 4 4 7 4 10 0 2 9 2 7 2 0 17 18 2 7 0 0 0 9 3 1 4 0 0 10 0 2 9 2 7 2 0 17 18 2 7 0 0 0 9 3 1 4 0 0 10 0 2 9 2 7 2 0 17 18 2 7 0 0 0 9 3 1 4 0 0 10 0 2 9 2 7 2 0 17 18 2 7 0 0 0 9 3 1 4 0 0 10 0 2 9 2 7 2 0 17 18 2 7 0 0 0 9 3 1 4 0 0 10 0 2 9 2 7 2 0 17 18 2 7 0 0 0 9 3 1 4 0 0 10 0 2 9 2 7 2 0 17 18 2 7 0 0 0 9 3 1 4 0 0 10 0 4 9 4 7 4 0 17 18 2 7 0 0 0 9 3 1 0 0 9 3 1 0 8 0 
226	13 2 7 2 7 11 5 2 10 0 9 15 4 0 3 0 0 11 5 2 5 2 3 0 3 1 0 11 5 2 5 2 3 0 3 1 0 11 5 2 5 2 5 2 3 0 3 1 0 0 6 2 8 0 6 5 2 3 0 0 6 5 2 5 2 3 0 0 3 1 0 6 5 2 3 0 1 0 0 6 5 4 3 0 1 0 6 5 2 3 1 0 0 0 6 4 8 1 0 4 
227	13 11 6 4 5 2 5 2 5 2 10 0 0 0 9 15 4 10 0 0 0 0 9 15 4 2 7 2 0 17 18 2 7 0 0 0 9 3 0 0 0 0 3 0 8 4 0 6 4 5 2 8 1 0 0 6 5 4 5 2 5 2 2 7 1 17 18 2 7 0 0 0 9 3 0 0 0 2 1 0 6 5 4 5 2 5 2 2 7 1 17 18 2 7 0 0 0 9 2 7 1 0 3 0 0 0 2 0 3 0 0 0 2 0 6 4 5 4 5 4 2 7 4 7 4 17 18 2 7 0 1 0 9 10 1 0 9 10 0 0 9 3 1 10 0 0 4 0 1 9 3 0 1 4 0 0 1 0 0 9 3 1 0 0 1 9 10 1 0 0 1 1 0 9 3 1 3 0 9 3 1 1 0 8 1 6 2 5 4 5 4 5 4 4 7 1 10 1 1 1 9 3 1 1 1 10 1 1 1 1 9 3 1 1 1 3 1 0 0 4 8 3 1 0 0 4 8 10 1 1 9 10 1 1 1 9 3 1 1 1 3 1 0 0 4 8 3 1 0 0 4 8 
