0	62
1	67
2	531
2	585
2	680
3	575
3	639
3	663
3	10
3	136
3	590
4	173
4	639
4	117
4	2
4	134
5	684
5	102
5	531
5	573
5	173
5	116
5	639
5	585
5	117
5	101
5	680
5	2
5	136
5	134
5	4
5	574
6	444
6	173
6	639
6	537
6	585
6	117
6	67
6	586
6	680
6	539
6	2
6	14
6	134
6	588
6	424
6	4
7	4
8	173
8	639
8	117
8	680
8	2
8	13
8	14
8	7
8	134
8	4
9	173
9	639
9	117
9	67
9	680
9	2
9	13
9	14
9	7
9	134
9	4
11	4
10	11
10	4
12	639
12	11
12	67
12	2
12	136
12	588
12	4
13	684
13	443
13	67
13	682
13	680
13	2
13	417
13	424
14	684
14	578
14	676
14	531
14	155
14	173
14	82
14	606
14	585
14	682
14	680
14	597
14	485
14	679
14	418
14	134
14	425
14	417
14	424
14	673
15	446
16	443
16	577
16	2
16	610
16	22
16	424
17	680
17	679
17	673
18	578
18	676
18	15
18	529
18	585
18	577
18	67
18	680
18	2
18	679
18	583
18	425
18	424
18	673
19	15
19	577
20	15
20	577
20	513
21	15
21	545
21	577
22	180
22	545
22	577
22	18
22	680
22	2
22	679
22	516
22	20
22	673
23	2
23	446
23	417
24	84
24	489
24	486
24	173
24	529
24	585
24	103
24	117
24	539
24	14
24	109
25	531
25	173
25	529
25	585
25	103
25	117
25	680
25	485
25	583
25	163
25	132
25	14
27	26
27	67
29	426
29	450
29	30
29	437
29	548
29	550
29	438
29	418
29	515
29	425
29	419
29	533
29	538
29	439
28	31
28	26
28	67
33	450
33	30
33	437
33	26
33	425
33	29
33	538
34	450
34	437
34	425
34	29
35	33
35	441
35	27
35	34
35	28
35	26
35	2
35	32
35	425
35	674
35	417
36	58
36	93
36	117
36	134
36	532
36	65
37	58
37	547
37	119
37	117
37	118
37	532
37	65
38	58
38	117
38	134
38	89
38	65
39	102
39	58
39	54
39	123
39	117
39	101
39	113
40	111
40	102
40	99
40	58
40	116
40	119
40	96
40	92
40	90
40	54
40	123
40	117
40	101
40	113
40	94
40	91
40	122
40	106
40	134
40	118
40	109
40	532
40	97
40	98
40	114
41	58
41	54
41	117
41	113
41	134
42	58
42	54
42	123
42	117
42	134
43	44
44	60
44	58
44	511
44	541
44	117
44	67
44	539
44	513
44	65
45	58
45	130
45	117
45	67
45	63
45	64
45	134
45	532
45	65
46	60
46	58
46	116
46	529
46	103
46	66
46	54
46	117
46	67
46	141
46	583
46	64
46	136
46	134
46	109
46	532
46	65
47	58
47	117
47	131
47	134
47	65
48	531
48	58
48	117
48	539
48	132
48	134
48	532
48	65
49	58
49	117
49	583
49	61
49	134
49	140
49	65
50	58
50	117
50	49
50	583
50	61
50	134
50	140
50	65
51	65
52	60
52	58
52	135
52	66
52	117
52	136
52	134
52	532
52	65
53	58
53	116
53	54
53	117
53	134
54	58
54	117
54	64
54	532
54	65
55	58
55	37
55	54
55	117
55	118
55	65
56	58
56	54
58	60
58	575
58	547
58	128
58	573
58	3
58	522
58	523
58	529
58	66
58	117
58	67
58	507
58	583
58	64
58	136
58	590
58	134
58	52
58	107
58	532
58	65
58	543
58	127
58	620
59	539
59	57
60	458
60	58
60	511
60	173
60	541
60	67
60	539
60	177
60	57
60	59
60	425
60	172
60	513
60	510
61	116
61	134
61	140
63	84
63	531
63	58
63	529
63	537
63	534
63	117
63	67
63	583
63	546
64	531
64	66
64	63
64	65
65	58
65	117
65	517
65	67
65	63
65	64
66	50
66	531
66	46
66	56
66	48
66	44
66	37
66	39
66	54
66	51
66	55
66	38
66	63
66	41
66	45
66	43
66	49
66	53
66	40
66	64
66	36
66	52
66	47
66	65
66	42
67	724
67	472
69	68
70	68
71	68
72	68
73	68
74	68
75	68
76	68
77	68
78	68
79	475
80	79
81	80
81	489
81	486
82	173
82	482
82	548
82	585
82	480
82	680
82	485
82	417
84	58
84	85
84	529
84	585
84	117
84	142
84	143
84	67
84	87
84	583
84	515
84	533
84	86
85	529
85	585
85	142
85	143
85	515
86	85
86	529
86	585
86	143
86	515
87	575
87	625
87	573
87	85
87	529
87	585
87	143
87	680
87	583
87	515
87	590
87	587
83	575
83	707
83	639
83	663
83	590
83	636
83	603
88	509
89	531
89	117
89	136
90	173
90	116
90	585
90	117
90	163
90	153
91	676
91	531
91	169
91	573
91	137
91	173
91	116
91	581
91	585
91	117
91	517
91	113
91	94
91	680
91	126
91	485
91	583
91	136
91	107
91	417
91	153
91	424
92	84
92	99
92	531
92	173
92	482
92	480
92	117
92	485
93	531
93	121
93	173
93	92
93	117
93	67
93	136
94	531
94	173
94	116
94	581
94	585
94	123
94	117
94	113
94	143
94	680
94	126
94	163
94	136
94	107
94	153
95	173
95	529
95	585
95	117
95	680
95	125
95	583
95	163
95	153
96	481
96	173
96	117
96	485
96	153
97	121
97	155
97	173
97	82
97	585
97	117
97	485
97	417
97	153
98	575
98	449
98	573
98	173
98	529
98	82
98	585
98	117
98	143
98	680
98	178
98	485
98	583
98	136
98	590
98	425
98	417
98	153
98	424
99	84
99	531
99	121
99	173
99	529
99	585
99	480
99	117
99	143
99	485
99	163
99	136
99	153
100	117
101	102
101	173
101	585
101	123
101	117
101	680
102	531
102	173
102	116
102	581
102	585
102	10
102	11
102	123
102	117
102	113
102	680
102	136
102	153
103	84
103	173
103	135
103	529
103	585
103	10
103	117
103	143
103	67
103	485
103	136
103	106
103	134
103	104
103	109
103	4
103	12
104	173
104	119
104	537
104	10
104	11
104	117
104	67
104	136
104	105
105	117
106	173
106	117
106	153
107	676
107	575
107	573
107	173
107	585
107	117
107	517
107	143
107	680
107	583
107	580
107	164
107	136
107	590
107	115
107	417
107	153
107	424
107	574
108	575
108	573
108	173
108	529
108	585
108	117
108	143
108	680
108	583
108	136
108	590
108	153
109	84
109	121
109	173
109	529
109	537
109	585
109	480
109	117
109	143
109	131
109	485
109	136
110	173
110	117
110	67
110	163
110	153
111	84
111	578
111	575
111	573
111	173
111	529
111	157
111	585
111	158
111	117
111	143
111	680
111	485
111	583
111	163
111	515
111	136
111	590
111	425
111	417
111	153
111	533
111	552
111	524
112	117
114	84
114	173
114	529
114	585
114	117
114	485
114	163
114	136
114	153
113	531
113	173
113	116
113	581
113	585
113	123
113	117
113	680
113	136
113	153
115	84
115	117
115	583
115	136
116	531
116	169
116	173
116	135
116	585
116	117
116	583
116	136
116	134
116	153
117	582
117	173
117	116
117	135
117	529
117	585
117	480
117	142
117	143
117	67
117	131
117	141
117	485
117	136
117	134
117	543
117	574
118	117
119	173
119	117
119	485
119	153
120	173
120	109
121	531
121	173
121	93
121	117
121	136
121	153
122	575
122	573
122	173
122	529
122	585
122	117
122	143
122	680
122	485
122	583
122	136
122	590
122	153
123	60
123	684
123	575
123	531
123	573
123	173
123	529
123	119
123	581
123	585
123	117
123	143
123	682
123	680
123	683
123	583
123	122
123	136
123	590
123	134
123	153
123	574
124	173
124	581
124	585
124	123
124	680
124	583
124	145
125	575
125	573
125	117
125	143
125	583
125	136
125	590
126	60
126	684
126	575
126	531
126	573
126	173
126	529
126	585
126	123
126	117
126	143
126	682
126	680
126	583
126	136
126	590
126	153
126	574
127	578
127	676
127	672
127	573
127	548
127	529
127	585
127	545
127	67
127	680
127	668
127	580
127	425
127	417
127	424
127	664
128	684
128	531
128	672
128	573
128	665
128	529
128	585
128	117
128	67
128	680
128	668
128	136
128	134
128	532
128	664
129	676
129	531
129	573
129	173
129	160
129	548
129	529
129	585
129	605
129	680
129	668
129	417
129	424
129	664
129	614
129	574
130	531
130	117
130	583
130	136
130	134
131	117
131	136
132	531
132	117
132	67
132	515
132	136
132	484
132	483
133	575
133	600
133	531
133	707
133	139
133	573
133	599
133	708
133	529
133	123
133	117
133	124
133	545
133	143
133	67
133	583
133	592
133	136
133	590
133	83
133	107
133	616
133	574
133	611
133	603
133	615
134	531
134	116
134	93
134	130
134	135
134	537
134	123
134	117
134	545
134	113
134	143
134	131
134	539
134	136
134	132
134	140
134	89
135	116
135	93
135	130
135	123
135	131
135	136
135	132
135	134
135	140
135	89
136	531
136	137
136	173
136	116
136	93
136	130
136	135
136	529
136	585
136	10
136	66
136	123
136	117
136	67
136	91
136	131
136	583
136	122
136	132
136	134
136	140
136	107
136	417
136	89
137	531
137	573
137	116
137	135
137	529
137	585
137	117
137	138
137	680
137	583
137	679
137	136
137	712
137	711
137	417
138	531
138	116
138	135
138	585
138	117
138	711
139	575
139	531
139	707
139	590
140	116
140	583
140	136
140	134
142	143
143	84
143	103
143	123
143	117
143	590
143	109
144	531
144	173
144	581
144	585
144	123
144	680
144	163
145	573
145	585
145	123
145	680
145	583
146	173
146	117
146	680
146	583
146	149
147	173
148	531
148	146
148	173
148	116
148	119
148	585
148	117
148	680
148	154
148	583
148	446
148	136
148	417
148	424
148	147
148	149
148	152
149	173
149	117
149	680
149	583
150	154
150	147
150	149
151	146
151	150
152	154
152	151
153	531
153	146
153	173
153	585
153	117
153	150
153	680
153	154
153	583
153	151
153	417
153	147
153	149
153	152
154	531
154	173
154	117
155	548
155	82
155	480
155	485
155	417
156	578
156	111
156	585
156	417
157	578
157	111
157	156
157	585
157	425
159	531
159	130
159	585
159	67
159	583
159	607
159	603
160	676
160	531
160	548
160	529
160	585
160	117
160	136
160	162
161	676
161	531
161	573
161	548
161	130
161	159
161	529
161	585
161	605
161	545
161	67
161	680
161	595
161	583
161	419
161	417
161	424
161	603
162	578
162	676
162	531
162	548
162	130
162	159
162	529
162	585
162	605
162	545
162	680
162	583
162	425
162	417
162	424
162	603
163	173
163	67
165	173
165	529
165	583
165	163
164	529
164	585
164	680
164	583
164	417
164	424
164	165
166	173
166	158
167	520
167	486
168	489
168	486
168	173
168	132
169	531
169	528
169	173
169	116
169	117
169	67
169	583
169	527
177	173
177	67
175	173
175	482
175	157
175	581
175	585
175	480
175	517
175	545
175	507
175	485
175	174
175	527
175	424
175	524
176	116
176	117
176	501
170	176
171	426
171	458
171	173
171	585
171	67
171	453
171	485
171	425
171	417
172	168
172	511
172	489
172	512
172	486
172	541
172	545
172	67
172	132
172	513
172	510
173	426
173	84
173	60
173	578
173	531
173	489
173	512
173	169
173	144
173	528
173	155
173	176
173	486
173	505
173	492
173	494
173	116
173	639
173	160
173	526
173	93
173	135
173	529
173	119
173	157
173	581
173	585
173	497
173	123
173	576
173	480
173	117
173	545
173	67
173	680
173	507
173	485
173	2
173	490
173	583
173	179
173	163
173	580
173	171
173	136
173	132
173	499
173	540
173	174
173	134
173	115
173	527
173	425
173	140
173	107
173	496
173	532
173	170
173	513
173	417
173	153
173	424
173	175
173	571
173	165
173	147
173	510
173	487
173	501
173	12
173	611
173	524
178	449
178	173
178	82
178	585
178	480
178	485
178	417
179	176
179	173
179	116
179	443
179	585
179	117
179	417
179	424
181	148
181	173
181	545
181	150
181	67
181	472
181	62
181	153
181	510
183	186
183	188
183	392
183	485
183	418
184	187
184	183
186	183
187	188
187	183
187	485
187	418
189	316
189	323
189	192
189	191
190	426
190	398
190	188
190	401
190	183
190	323
190	485
190	396
190	387
190	417
190	378
190	386
191	323
191	193
191	194
193	192
194	192
195	294
195	345
195	226
195	346
195	293
195	272
195	335
195	319
195	327
195	210
196	294
196	345
196	255
196	226
196	198
196	346
196	293
196	272
196	319
196	327
196	282
196	232
196	347
196	289
197	294
197	345
197	226
197	346
197	293
197	272
197	319
197	327
197	273
197	232
198	294
198	298
198	345
198	255
198	226
198	346
198	293
198	272
198	319
198	327
198	282
198	273
198	232
198	244
198	347
198	289
199	294
199	345
199	346
199	293
199	272
199	258
199	319
199	327
199	292
199	244
199	347
199	295
199	278
200	294
200	285
200	339
200	345
200	226
200	340
200	235
200	346
200	293
200	272
200	258
200	335
200	319
200	323
200	327
200	332
200	210
200	292
200	244
200	347
200	278
201	226
202	294
202	272
202	244
202	347
202	278
203	294
203	316
203	298
203	314
203	345
203	346
203	293
203	272
203	319
203	323
203	297
203	327
203	317
203	278
203	305
204	294
204	205
204	226
204	272
204	284
205	294
205	345
205	226
205	346
205	293
205	272
205	319
205	253
205	327
205	210
205	204
206	294
206	345
206	226
206	346
206	293
206	272
206	319
206	323
206	327
206	210
206	328
207	345
207	226
207	346
207	293
207	319
207	327
207	278
207	237
208	345
208	226
208	346
208	293
208	319
208	327
208	232
209	294
209	345
209	346
209	293
209	272
209	319
209	323
209	327
209	292
209	244
209	347
209	295
209	278
210	294
210	345
210	288
210	226
210	340
210	318
210	346
210	293
210	272
210	335
210	319
210	323
210	327
210	232
210	329
211	226
211	319
211	327
211	278
211	237
212	294
212	345
212	266
212	226
212	346
212	293
212	272
212	319
212	323
212	297
212	327
212	232
212	244
212	311
212	347
212	237
213	310
214	294
214	345
214	346
214	293
214	272
214	319
214	327
214	244
216	345
216	226
216	346
216	293
216	319
216	327
216	210
216	278
216	237
218	345
218	226
218	346
218	293
218	319
218	327
218	210
218	232
218	278
218	237
219	252
219	294
219	345
219	346
219	293
219	272
219	319
219	327
219	244
219	347
219	305
220	294
220	345
220	339
220	226
220	340
220	346
220	293
220	272
220	335
220	319
220	327
220	332
220	210
220	244
220	347
221	319
221	327
221	278
221	237
222	294
222	298
222	345
222	346
222	293
222	272
222	319
222	327
222	278
223	294
223	345
223	226
223	346
223	293
223	319
223	253
223	323
223	327
223	210
223	292
223	278
223	237
224	294
224	345
224	226
224	346
224	293
224	272
224	319
224	253
224	323
224	327
224	278
224	237
225	294
225	338
225	339
225	345
225	226
225	340
225	318
225	336
225	346
225	293
225	272
225	335
225	319
225	343
225	327
225	325
225	332
225	210
225	232
225	395
226	294
226	345
226	318
226	346
226	293
226	272
226	310
226	319
226	323
226	327
226	332
226	328
226	232
227	294
227	345
227	346
227	293
227	272
227	319
227	327
227	244
229	294
229	345
229	339
229	226
229	346
229	293
229	272
229	319
229	327
229	332
229	210
229	275
230	294
230	345
230	339
230	226
230	281
230	346
230	293
230	272
230	335
230	319
230	327
230	332
230	210
228	294
228	345
228	226
228	346
228	293
228	272
228	335
228	319
228	327
228	210
231	226
231	319
231	327
231	278
231	237
233	307
233	294
233	285
233	339
233	345
233	226
233	340
233	235
233	346
233	293
233	272
233	335
233	319
233	323
233	327
233	332
233	210
233	244
233	347
234	294
234	338
234	345
234	226
234	346
234	293
234	272
234	319
234	253
234	343
234	327
234	210
234	292
234	278
234	237
235	294
235	345
235	226
235	346
235	293
235	272
235	319
235	327
236	398
236	294
236	345
236	226
236	346
236	293
236	272
236	319
236	253
236	323
236	327
236	347
236	278
236	237
237	398
237	294
237	316
237	339
237	345
237	226
237	337
237	318
237	346
237	293
237	272
237	319
237	323
237	327
237	325
237	210
237	328
237	232
237	278
237	329
238	226
238	319
238	327
238	278
238	237
239	345
239	255
239	226
239	346
239	293
239	319
239	327
239	240
239	282
239	232
239	289
240	239
241	294
241	345
241	226
241	318
241	346
241	293
241	272
241	319
241	327
241	210
241	244
241	347
242	307
242	294
242	316
242	298
242	345
242	286
242	268
242	346
242	293
242	272
242	319
242	323
242	327
242	292
243	307
243	294
243	316
243	298
243	345
243	286
243	268
243	346
243	293
243	272
243	319
243	323
243	327
243	292
244	294
244	345
244	346
244	293
244	272
244	319
244	323
244	327
245	345
245	226
245	346
245	293
245	319
245	327
246	294
246	298
246	345
246	226
246	346
246	293
246	272
246	319
246	343
246	327
246	332
246	273
246	210
246	347
246	278
247	294
247	345
247	226
247	346
247	293
247	272
247	319
247	253
247	343
247	327
247	210
247	347
247	278
247	237
248	239
249	345
249	226
249	346
249	293
249	319
249	343
249	327
249	210
249	278
249	237
249	324
250	344
250	319
250	327
250	320
250	278
250	237
251	294
251	345
251	226
251	346
251	293
251	272
251	319
251	327
251	244
251	204
251	347
252	307
252	294
252	345
252	251
252	315
252	346
252	293
252	272
252	319
252	327
252	244
252	347
252	278
252	305
253	345
253	226
253	346
253	293
253	319
253	327
254	259
254	319
254	327
254	278
255	294
255	345
255	346
255	293
255	319
255	327
255	273
255	289
255	295
256	294
256	345
256	263
256	226
256	346
256	293
256	272
256	319
256	327
256	210
256	328
256	232
257	294
257	345
257	346
257	293
257	272
257	319
257	297
257	327
257	244
258	294
258	316
258	298
258	255
258	197
258	239
258	217
258	272
258	319
258	330
258	327
258	273
258	292
258	347
258	289
258	295
258	278
258	296
259	294
259	345
259	226
259	346
259	293
259	319
259	327
259	278
259	237
260	259
260	319
260	327
260	278
261	294
261	298
261	345
261	346
261	293
261	272
261	319
261	327
262	259
262	319
262	327
262	278
263	226
263	319
263	327
263	232
263	278
263	237
264	294
264	338
264	316
264	331
264	345
264	205
264	308
264	226
264	346
264	293
264	272
264	310
264	319
264	327
264	273
264	210
264	292
264	244
264	213
264	326
264	347
265	345
265	226
265	346
265	293
265	319
265	327
265	278
265	237
266	294
266	345
266	346
266	293
266	272
266	319
266	323
266	327
266	244
266	347
267	294
267	298
267	479
267	272
267	319
267	323
267	327
267	292
267	347
267	278
268	294
268	339
268	345
268	308
268	226
268	346
268	293
268	272
268	319
268	327
268	210
268	292
268	295
268	278
269	345
269	308
269	268
269	226
269	310
269	319
269	327
269	332
269	213
269	278
270	294
270	345
270	288
270	226
270	281
270	346
270	293
270	272
270	319
270	327
271	294
271	298
271	345
271	255
271	226
271	198
271	346
271	293
271	272
271	319
271	327
271	282
271	273
271	232
271	244
271	347
271	289
272	307
272	252
272	294
272	316
272	345
272	215
272	308
272	268
272	226
272	217
272	346
272	293
272	388
272	323
272	297
272	273
272	292
272	328
272	304
272	267
272	295
272	278
273	345
273	226
273	346
273	293
273	319
273	327
274	344
274	319
274	327
274	320
274	278
274	237
275	229
275	294
275	316
275	298
275	195
275	339
275	345
275	344
275	308
275	288
275	230
275	301
275	226
275	340
275	318
275	270
275	336
275	250
275	274
275	346
275	293
275	272
275	310
275	247
275	319
275	225
275	327
275	325
275	273
275	210
275	292
275	208
275	213
275	347
275	289
275	278
275	237
275	324
276	294
276	345
276	226
276	346
276	293
276	272
276	319
276	327
276	244
276	204
277	345
277	226
277	346
277	293
277	319
277	327
277	232
277	275
277	289
279	345
279	226
279	346
279	293
279	319
279	327
280	294
280	338
280	339
280	345
280	308
280	226
280	340
280	318
280	346
280	293
280	272
280	310
280	335
280	319
280	323
280	327
280	325
280	332
280	210
280	328
280	232
280	395
281	226
282	255
283	226
283	319
283	327
283	278
283	237
284	345
284	226
284	346
284	293
284	319
284	327
284	204
285	294
285	316
285	200
285	345
285	333
285	308
285	226
285	233
285	346
285	293
285	272
285	310
285	319
285	343
285	327
285	325
285	210
285	292
285	309
285	244
285	334
285	213
285	204
285	320
285	347
286	316
287	294
287	345
287	226
287	346
287	293
287	319
287	323
287	327
287	210
287	278
287	237
288	294
288	316
288	345
288	230
288	301
288	226
288	270
288	281
288	346
288	293
288	272
288	319
288	271
288	327
288	416
288	275
289	294
289	316
289	345
289	288
289	226
289	346
289	293
289	272
289	319
289	327
289	282
289	416
289	232
289	347
289	275
290	294
290	345
290	226
290	346
290	293
290	319
290	323
290	327
290	278
290	237
291	345
291	226
291	319
291	327
291	278
291	237
292	307
292	222
292	294
292	316
292	243
292	298
292	345
292	203
292	312
292	308
292	286
292	268
292	346
292	293
292	272
292	258
292	319
292	323
292	327
292	246
292	261
292	267
292	347
292	295
292	278
293	307
293	222
293	294
293	203
293	308
293	268
293	292
293	328
293	295
293	278
294	307
294	316
294	200
294	345
294	196
294	264
294	212
294	308
294	268
294	266
294	209
294	217
294	346
294	293
294	272
294	319
294	323
294	297
294	327
294	241
294	282
294	292
294	306
294	311
294	295
294	278
295	252
295	294
295	298
295	345
295	226
295	346
295	293
295	272
295	319
295	323
295	327
295	273
295	292
295	347
295	278
296	294
296	255
296	226
296	258
296	319
296	327
296	273
296	232
296	295
297	252
297	294
297	272
297	319
297	327
297	244
297	347
298	294
298	345
298	346
298	293
298	272
298	319
298	323
298	327
298	347
299	294
299	345
299	226
299	346
299	293
299	272
299	319
299	343
299	327
299	210
299	244
299	204
299	347
300	294
300	345
300	226
300	346
300	293
300	272
300	319
300	327
300	210
300	328
301	294
301	345
301	288
301	226
301	346
301	293
301	272
301	352
301	319
301	327
301	210
302	345
302	226
302	346
302	293
302	319
302	343
302	327
302	210
302	278
302	237
303	307
303	294
303	345
303	308
303	268
303	226
303	346
303	293
303	272
303	310
303	319
303	323
303	327
303	269
303	292
303	309
303	278
304	294
304	345
304	227
304	346
304	293
304	272
304	319
304	323
304	327
304	347
304	278
305	294
305	345
305	203
305	346
305	293
305	272
305	319
305	327
305	244
305	278
306	294
306	345
306	226
306	346
306	293
306	272
306	319
306	327
306	210
306	244
306	347
307	294
307	338
307	345
307	308
307	226
307	318
307	346
307	293
307	272
307	335
307	319
307	327
307	325
307	292
307	278
308	294
308	298
308	345
308	226
308	272
308	310
308	319
308	327
308	347
308	278
309	307
309	345
309	308
309	226
309	310
309	319
309	327
309	332
309	213
310	294
310	298
310	345
310	308
310	226
310	346
310	293
310	213
310	278
311	294
311	345
311	226
311	318
311	346
311	293
311	272
311	319
311	323
311	327
311	210
311	244
311	347
312	294
312	316
312	298
312	345
312	346
312	293
312	272
312	319
312	327
312	347
312	278
313	294
313	345
313	339
313	226
313	346
313	293
313	272
313	319
313	327
313	210
313	244
313	347
313	278
316	294
316	286
316	293
316	272
316	323
316	292
316	347
316	278
314	252
314	294
314	345
314	205
314	212
314	308
314	251
314	226
314	346
314	293
314	272
314	319
314	297
314	327
314	241
314	244
314	204
314	220
314	347
314	278
314	305
315	294
315	314
315	345
315	205
315	346
315	293
315	272
315	319
315	323
315	327
315	244
315	347
315	278
315	305
317	327
317	347
318	338
318	339
318	345
318	272
318	319
318	323
318	343
318	327
319	294
319	272
319	292
320	327
320	347
322	321
323	294
323	292
324	319
324	292
325	338
325	339
325	345
325	318
325	336
325	272
325	319
325	323
325	343
325	327
325	232
326	327
327	217
327	342
328	345
330	327
331	319
331	292
332	338
332	339
332	345
332	337
332	318
332	272
332	335
332	319
332	323
332	343
332	327
332	232
333	319
333	292
334	319
334	292
335	338
335	339
335	345
335	337
335	318
335	272
335	319
335	323
335	343
335	327
335	332
335	232
336	345
337	398
337	345
337	272
337	319
337	323
337	343
337	327
337	347
338	339
338	345
338	318
338	336
338	272
338	319
338	323
338	343
338	327
338	325
338	232
339	338
339	345
339	340
339	337
339	318
339	272
339	335
339	319
339	323
339	343
339	327
339	332
339	232
340	338
340	339
340	345
340	337
340	318
340	272
340	319
340	323
340	343
340	327
340	332
340	232
340	347
341	327
342	323
343	338
343	339
343	345
343	318
343	272
343	319
343	323
343	327
343	232
344	327
345	338
345	339
345	340
345	337
345	318
345	217
345	272
345	335
345	319
345	323
345	343
345	327
345	325
345	332
345	232
345	348
346	294
346	323
348	345
348	272
348	319
348	323
348	343
348	327
349	390
349	434
349	418
350	426
350	390
350	186
350	458
350	188
350	392
350	437
350	379
350	548
350	183
350	388
350	485
350	418
350	459
350	419
350	417
350	378
350	439
350	386
351	187
351	183
351	418
351	373
352	416
354	182
355	418
355	387
356	390
356	415
356	434
356	418
356	387
356	355
358	186
358	188
358	392
358	183
358	485
358	418
358	459
358	378
359	363
360	426
360	186
360	392
360	437
360	183
360	387
360	417
360	378
357	390
357	187
357	183
357	184
357	387
357	386
361	390
361	415
361	434
361	418
361	368
362	364
366	390
366	434
366	418
366	423
365	364
365	434
365	418
365	383
367	390
367	434
367	418
368	392
368	358
368	183
368	415
368	434
368	418
368	378
369	426
369	188
369	358
369	437
369	187
369	371
369	183
369	184
369	385
369	485
369	381
369	418
369	387
369	425
369	417
369	378
369	386
370	390
370	434
370	418
371	186
371	188
371	392
371	358
371	437
371	379
371	183
371	485
371	350
371	418
371	538
372	187
372	183
372	415
372	418
372	373
373	187
373	183
373	352
373	418
374	390
374	185
375	188
375	183
375	376
375	354
375	182
375	387
376	398
376	188
376	187
376	183
376	375
376	387
377	390
377	434
377	418
378	426
378	390
378	450
378	186
378	458
378	188
378	392
378	359
378	437
378	441
378	481
378	379
378	550
378	361
378	183
378	480
378	517
378	438
378	353
378	435
378	485
378	350
378	434
378	418
378	446
378	459
378	416
378	499
378	425
378	417
378	386
379	186
379	188
379	392
379	441
379	548
379	183
379	480
379	353
379	549
379	485
379	477
379	434
379	418
379	419
379	417
379	386
380	187
380	183
380	418
380	373
381	434
381	418
382	390
382	376
382	375
382	434
382	418
383	390
383	434
383	418
384	183
385	390
385	183
385	434
385	418
386	426
386	403
386	359
386	441
386	550
386	545
386	539
386	472
386	417
386	378
386	422
387	390
387	188
387	392
387	397
387	358
387	505
387	187
387	401
387	183
387	184
387	480
387	393
387	485
387	418
387	396
387	378
387	368
388	392
389	183
390	426
390	349
390	358
390	437
390	187
390	371
390	183
390	480
390	485
390	381
390	418
390	394
390	425
390	417
390	378
390	383
390	395
397	477
400	399
401	500
401	486
401	505
401	492
401	498
401	497
401	485
401	493
401	499
401	496
401	405
402	399
403	378
404	481
404	480
404	485
405	391
406	412
406	409
407	294
407	316
407	215
407	286
407	272
407	292
407	413
407	408
407	409
408	187
408	323
408	411
408	409
412	410
412	411
409	398
409	316
409	412
409	286
409	407
409	187
409	410
409	323
409	411
409	413
409	408
410	426
410	186
410	359
410	360
410	183
410	323
410	485
410	411
410	387
410	417
410	378
410	386
411	426
411	186
411	188
411	392
411	414
411	505
411	187
411	360
411	401
411	183
411	184
411	404
411	323
411	393
411	485
411	387
411	417
411	378
411	409
411	386
413	316
413	403
413	323
413	347
414	426
414	359
414	441
414	550
414	183
414	323
414	417
414	378
414	386
417	548
417	418
417	419
420	422
422	472
424	425
424	417
425	426
425	420
425	529
425	550
425	472
425	427
425	417
425	424
425	423
426	417
427	428
428	429
429	428
430	472
431	472
432	431
433	448
435	445
435	518
435	418
435	417
434	545
434	418
436	445
436	417
437	426
437	450
437	441
437	548
437	550
437	507
437	472
437	418
437	446
437	425
437	419
437	417
437	538
437	422
438	426
438	550
438	472
438	434
438	418
438	416
438	425
438	439
438	422
439	426
439	437
439	550
439	472
439	416
439	425
439	419
439	422
440	426
440	450
440	430
440	548
440	452
440	550
440	453
440	448
440	418
440	515
440	425
440	419
440	417
441	426
441	450
441	458
441	437
441	457
441	452
441	529
441	550
441	545
441	453
441	539
441	456
441	472
441	454
441	446
441	460
441	425
441	417
441	424
441	423
441	538
441	422
442	417
443	545
443	421
443	417
443	424
444	445
444	417
444	424
446	436
446	548
446	421
446	417
446	442
447	448
448	518
449	548
449	523
449	417
450	451
453	452
453	431
453	472
453	540
454	452
454	431
454	545
454	453
454	472
456	426
456	450
456	531
456	437
456	457
456	547
456	441
456	548
456	452
456	550
456	541
456	438
456	472
456	515
456	425
456	417
456	533
456	538
457	422
458	426
458	450
458	437
458	449
458	441
458	548
458	452
458	550
458	537
458	517
458	545
458	518
458	438
458	453
458	539
458	448
458	472
458	515
458	425
458	417
458	455
458	538
459	426
459	450
459	458
459	437
459	548
459	550
459	480
459	517
459	448
459	549
459	485
459	515
459	425
459	417
459	538
459	451
460	426
460	458
460	437
460	550
460	537
460	517
460	518
460	515
460	425
460	538
462	461
463	461
464	461
465	461
466	461
467	461
468	461
469	461
470	461
471	461
474	508
474	545
474	539
474	472
476	534
477	475
477	482
477	485
479	478
479	545
480	482
483	479
483	545
483	472
485	475
485	481
485	486
485	505
485	482
485	480
486	475
487	475
487	482
487	488
487	507
487	472
487	485
487	490
487	473
489	486
489	545
489	472
489	485
491	490
492	494
492	473
492	487
493	474
493	482
493	479
493	507
493	472
493	473
493	476
493	495
493	542
493	484
493	487
493	483
494	487
494	501
495	503
495	511
495	474
495	482
495	491
495	479
495	541
495	545
495	507
495	472
495	490
495	504
495	473
495	515
495	502
495	513
495	484
495	487
495	483
496	494
496	487
497	495
497	487
498	489
498	475
498	500
498	481
498	486
498	505
498	482
498	480
498	485
498	473
498	487
498	483
499	494
499	482
499	488
499	507
499	473
499	487
499	501
500	474
500	482
500	479
500	507
500	472
500	495
500	487
506	513
511	514
511	513
511	510
512	547
512	472
513	472
513	446
513	515
513	533
513	525
510	545
510	472
510	532
515	547
517	518
519	545
519	539
519	472
519	532
526	545
526	472
527	528
530	529
531	521
531	529
531	472
531	546
533	526
533	515
536	535
539	544
541	511
541	506
541	523
541	513
544	472
543	472
549	548
550	548
550	515
551	548
551	550
551	549
551	515
553	552
554	552
555	552
556	552
557	552
558	552
559	552
560	552
561	552
562	552
563	552
564	552
565	552
566	552
567	552
568	552
569	552
570	552
571	531
571	680
572	530
572	529
572	585
572	680
572	583
573	676
573	575
573	724
573	548
573	589
573	585
573	680
573	590
573	417
573	424
573	574
575	573
576	639
577	511
577	724
577	585
577	596
578	724
578	585
578	425
578	417
578	424
578	423
578	524
580	426
580	585
580	539
580	417
580	579
581	531
581	724
581	529
581	585
581	123
581	117
581	680
581	136
581	134
582	585
583	575
583	625
583	724
583	573
583	663
583	529
583	585
583	545
583	680
583	618
583	590
583	532
583	510
583	620
583	574
584	530
584	529
584	585
584	680
584	583
585	426
585	612
585	724
585	528
585	675
585	529
585	550
585	581
585	517
585	67
585	518
585	2
585	580
585	460
585	607
585	527
585	425
585	532
585	417
585	424
585	423
585	510
585	603
585	524
586	573
586	574
587	529
587	583
588	586
589	575
589	590
590	701
590	684
590	575
590	707
590	573
590	663
590	706
590	679
590	712
590	711
590	614
590	603
591	595
591	618
591	417
591	603
592	575
592	724
592	573
592	585
592	618
592	590
592	419
592	417
592	616
592	608
592	574
592	603
592	615
593	529
593	581
593	585
593	595
593	618
593	623
593	424
593	603
594	585
594	618
594	417
594	603
595	529
595	618
595	593
595	419
595	417
595	424
595	603
597	573
597	529
597	581
597	585
597	618
597	419
597	417
597	623
597	424
597	603
598	676
598	575
598	573
598	599
598	529
598	585
598	605
598	590
598	593
598	608
598	574
598	603
599	676
599	575
599	573
599	529
599	581
599	585
599	605
599	545
599	680
599	590
599	608
599	574
599	603
600	676
600	575
600	707
600	573
600	599
600	529
600	585
600	605
600	618
600	592
600	590
600	616
600	608
600	574
600	603
601	575
601	704
601	689
601	707
601	573
601	646
601	663
601	703
601	679
601	696
601	590
601	700
601	697
601	652
601	695
601	603
602	545
602	424
603	612
603	676
603	575
603	724
603	573
603	529
603	581
603	585
603	602
603	605
603	680
603	618
603	590
603	425
603	417
603	424
603	423
603	608
603	574
603	615
604	581
604	585
604	680
604	618
604	679
604	711
604	419
604	417
604	623
604	603
604	615
605	578
605	573
605	585
605	680
605	425
605	417
605	424
605	608
605	524
606	612
606	573
606	585
606	595
606	618
606	418
606	593
606	419
606	417
606	623
606	424
606	603
606	615
607	573
607	595
607	618
607	419
607	417
607	623
607	603
607	615
610	578
610	425
609	585
609	418
609	592
609	417
609	616
609	603
611	529
611	585
611	618
611	417
611	603
612	585
613	573
613	585
613	680
613	595
613	679
613	419
613	574
613	603
614	575
614	600
614	601
614	573
614	613
614	529
614	585
614	602
614	545
614	618
614	592
614	590
614	417
614	623
614	424
614	616
614	608
614	574
614	603
614	615
615	600
615	724
615	573
615	604
615	609
615	606
615	709
615	710
615	617
615	595
615	597
615	618
615	679
615	592
615	711
615	607
615	591
615	594
615	623
615	424
615	616
615	574
615	611
615	603
616	575
616	573
616	529
616	581
616	585
616	618
616	592
616	590
616	623
616	574
616	603
616	615
617	529
617	618
617	592
617	616
617	615
618	701
618	684
618	689
618	702
618	531
618	672
618	707
618	692
618	688
618	724
618	573
618	528
618	694
618	693
618	699
618	639
618	663
618	698
618	529
618	687
618	690
618	710
618	619
618	706
618	691
618	703
618	679
618	696
618	712
618	700
618	711
618	697
618	532
618	695
618	705
618	623
618	424
618	620
618	614
618	603
618	615
619	663
620	573
620	663
620	619
620	621
622	625
622	528
622	529
622	618
622	621
622	623
622	624
623	724
623	528
623	624
625	684
625	622
625	724
625	528
625	529
625	586
625	618
625	679
625	621
625	588
625	623
626	529
626	629
626	583
626	627
627	724
627	529
627	585
627	680
627	583
627	630
629	530
630	724
630	680
630	628
631	573
631	585
631	680
631	668
631	673
632	573
632	585
632	680
632	668
632	679
633	684
633	672
633	724
633	573
633	665
633	585
633	680
633	668
633	667
633	664
634	573
634	585
634	680
634	668
634	664
634	673
635	573
635	585
635	680
635	668
635	679
635	424
636	612
636	676
636	663
636	585
636	680
636	425
636	424
636	603
637	684
637	585
637	680
637	666
637	417
638	531
638	573
638	173
638	529
638	585
638	576
638	680
638	668
638	136
638	673
639	575
639	672
639	724
639	573
639	663
639	585
639	576
639	680
639	590
639	678
639	574
640	573
640	529
640	585
640	576
640	680
640	668
640	621
640	673
641	663
641	585
641	680
641	673
642	573
642	585
642	680
642	668
642	679
643	684
643	585
643	680
643	666
644	578
644	676
644	573
644	548
644	537
644	585
644	680
644	668
644	425
644	417
644	424
645	573
645	585
645	680
645	668
645	417
645	673
646	612
646	663
646	585
646	680
646	618
646	679
646	424
647	684
647	585
647	680
647	666
647	417
648	684
648	585
648	680
648	666
648	417
649	684
649	548
649	585
649	680
649	666
649	417
650	573
650	585
650	680
650	668
650	673
651	585
651	680
651	679
651	666
652	612
652	663
652	585
652	545
652	680
652	618
652	679
652	424
653	684
653	585
653	680
653	666
653	417
654	573
654	585
654	680
654	668
654	679
655	573
655	548
655	585
655	680
655	668
655	664
655	673
656	684
656	548
656	585
656	680
656	666
657	548
657	585
657	680
657	679
657	666
658	684
658	672
658	724
658	573
658	665
658	548
658	585
658	680
658	668
658	664
659	684
659	573
659	548
659	585
659	680
659	668
659	664
660	684
660	573
660	585
660	680
660	668
660	664
661	573
661	548
661	585
661	680
661	668
661	679
661	417
661	424
662	684
662	573
662	529
662	585
662	545
662	680
662	668
662	679
669	684
669	573
669	665
669	585
669	680
669	668
669	664
670	663
670	585
670	680
670	673
671	684
671	573
671	585
671	680
671	668
671	417
663	575
663	672
663	724
663	573
663	585
663	680
663	618
663	590
664	575
664	672
664	724
664	573
664	668
664	590
664	574
665	575
665	672
665	724
665	573
665	590
665	664
665	574
666	684
666	672
666	724
666	573
666	548
666	585
666	680
666	668
666	417
667	575
667	672
667	724
667	573
667	665
667	590
667	574
668	575
668	672
668	724
668	573
668	663
668	590
668	574
673	545
673	680
673	674
674	545
674	680
674	673
675	684
675	686
675	548
675	550
675	685
675	515
676	684
676	578
676	444
676	548
676	443
676	605
676	545
676	680
676	515
676	425
676	417
676	424
676	524
677	578
677	676
677	585
677	605
677	680
677	425
678	676
678	585
678	680
679	575
679	585
679	545
679	680
679	590
680	578
680	575
680	724
680	573
680	681
680	675
680	548
680	550
680	585
680	586
680	515
680	590
680	417
680	424
680	574
681	684
681	676
681	606
681	585
681	545
681	680
681	418
681	679
681	677
681	425
681	417
681	424
681	673
682	684
682	578
682	573
682	444
682	548
682	443
682	585
682	545
682	680
682	610
682	515
682	425
682	417
682	424
682	574
683	684
683	724
683	573
683	548
683	585
683	682
683	680
683	424
684	676
684	575
684	547
684	675
684	548
684	550
684	585
684	545
684	680
684	679
684	590
684	417
685	684
685	724
685	680
685	515
686	684
686	676
686	547
686	724
686	675
686	548
686	550
686	680
686	679
686	515
687	701
687	573
687	585
687	680
687	673
688	573
688	585
688	706
688	680
688	673
689	701
689	573
689	585
689	680
689	679
690	701
690	573
690	585
690	680
690	673
691	701
691	680
691	673
692	701
692	680
692	673
693	701
693	680
693	673
694	701
694	680
694	673
695	701
695	573
695	585
695	680
695	679
696	701
696	573
696	585
696	680
696	679
697	701
697	573
697	585
697	680
697	679
698	573
698	585
698	706
698	680
698	679
699	701
699	680
699	673
700	573
700	585
700	706
700	680
700	679
701	575
701	573
701	585
701	680
701	590
701	574
702	701
702	573
702	585
702	680
702	673
703	701
703	573
703	585
703	680
703	679
704	701
704	680
704	679
705	684
705	548
705	706
705	680
706	575
706	573
706	585
706	680
706	590
706	574
707	676
707	575
707	531
707	724
707	573
707	529
707	581
707	585
707	123
707	117
707	545
707	680
707	583
707	136
707	590
707	134
707	425
707	608
707	574
708	676
708	707
708	573
708	585
708	605
708	680
708	425
708	417
708	424
709	585
709	680
709	679
709	711
709	419
709	417
709	615
710	575
710	573
710	585
710	680
710	679
710	590
710	711
710	417
710	424
711	612
711	575
711	573
711	585
711	680
711	679
711	416
711	590
711	419
711	417
711	574
712	575
712	573
712	585
712	680
712	679
712	590
712	711
712	574
714	713
715	713
716	713
717	713
718	713
719	713
720	713
721	713
722	713
723	713
724	472
