0	1 4 560 292 5 2 0 1 4 2 0 12 2 0 561 0 11 226 2 0 0 10 0 3 0 7 12 1 4 179 1 426 1 0 0 2 0 127 0 0 2 6 11 562 1 4 0 0 2 0 118 1 0 10 0 11 180 2 0 118 1 0 10 0 11 180 2 0 118 1 0 10 0 11 15 10 0 2 90 7 2 0 91 1 0 10 0 1 4 260 1 169 1 12 2 194 0 2 1 0 2 227 18 1 71 1 3 0 7 10 0 3 0 7 1 4 260 1 0 12 2 194 0 2 339 2 1 0 2 227 2 339 7 1 4 10 563 1 0 1 
1	5 4 1 4 169 2 169 18 1 2 0 169 1 2 0 169 18 1 1 2 0 2 0 0 100 1 0 1 25 1 6 31 0 1 25 1 35 1 6 26 0 0 5 25 1 6 181 0 1 6 564 293 1 25 1 6 113 0 1 1 4 12 2 0 1 565 2 0 100 1 0 11 6 0 1 1 
2	5 4 1 4 1 2 92 195 39 1 128 1 2 0 0 195 39 1 2 0 195 39 1 427 1 2 0 0 195 39 1 340 1 427 1 2 0 0 0 1 1 6 114 1 341 342 0 182 1 6 196 1 6 114 1 261 566 1 6 114 1 428 566 1 39 1 6 114 1 428 0 566 1 39 1 1 6 114 1 428 0 0 1 6 114 1 1 
3	567 294 1 39 1 128 1 6 195 1 0 0 294 1 39 1 6 195 1 0 294 1 39 1 427 1 6 195 1 0 0 294 1 39 1 340 1 427 1 6 195 1 0 0 0 1 
4	1 4 1 4 1 4 1 4 5 4 1 4 1 4 5 4 5 4 1 4 1 4 1 4 1 4 295 1 1 4 1 2 0 1 2 567 1 1 2 0 0 1 2 0 0 1 2 0 0 1 2 0 0 1 2 0 0 568 569 1 12 2 0 429 11 123 10 115 1 0 1 2 0 0 1 3 228 228 228 7 2 0 96 1 4 1 4 3 0 7 2 0 430 3 0 7 1 4 10 115 1 0 3 0 7 10 115 1 3 0 7 2 0 131 1 3 197 0 7 10 115 1 229 2 51 229 0 3 0 42 7 2 0 131 1 0 0 3 197 7 2 0 198 7 2 51 229 0 2 0 1 4 12 3 197 7 1 4 229 1 4 262 1 0 2 0 3 0 42 7 2 145 0 0 2 48 2 0 101 132 0 3 0 7 2 0 570 0 11 15 2 51 24 0 10 115 1 0 2 0 0 2 0 20 21 5 4 0 0 0 7 2 431 0 0 0 292 1 1 1 4 1 4 1 4 12 2 0 131 1 0 0 2 0 131 1 0 43 170 0 3 0 198 198 0 198 0 198 198 7 2 0 2 51 0 0 1 4 570 0 1 4 169 1 1 4 1 92 0 3 0 42 56 56 7 2 0 1 4 2 296 0 1 4 432 1 0 2 26 571 2 26 0 2 26 0 2 26 572 1 2 26 573 1 2 26 433 1 2 26 263 1 1 1 3 0 7 2 26 571 20 21 1 4 83 84 7 1 4 1 85 3 0 7 10 115 1 3 7 10 115 1 45 2 26 45 571 2 0 1 434 1 1 0 0 1 4 101 0 2 264 0 0 2 51 0 0 11 15 2 3 7 1 4 3 0 1 7 2 102 2 102 103 2 102 1 0 1 0 2 102 7 2 158 7 2 158 11 15 3 0 7 2 2 158 3 0 7 12 2 265 11 15 12 2 90 11 15 1 199 1 3 0 42 6 1 4 297 1 0 5 4 1 4 32 1 20 21 5 4 0 0 0 7 2 13 3 24 42 7 6 24 6 1 1 4 131 1 3 197 7 3 574 7 10 115 1 229 5 575 5 20 21 1 4 83 84 7 1 1 4 1 1 85 3 132 0 7 6 6 1 1 4 435 1 2 66 0 6 0 435 1 4 1 4 1 4 435 200 1 6 0 576 39 1 3 56 56 56 56 56 56 7 10 201 1 0 2 0 0 199 1 2 0 0 183 5 6 131 198 1 0 0 1 3 0 7 1 4 131 1 0 0 12 2 0 570 0 11 15 10 115 1 0 6 0 1 
5	1 4 92 433 1 1 1 4 32 1 5 4 266 1 4 5 4 4 20 21 0 0 0 0 0 7 16 0 0 8 2 0 9 8 2 0 9 8 2 0 9 8 2 0 9 8 2 0 0 9 8 9 3 0 7 2 13 0 0 0 0 2 13 0 2 0 2 0 0 3 0 0 7 2 13 0 0 0 0 6 24 
6	1 4 1 1 4 114 2 0 109 1 114 1 2 1 0 114 294 1 2 1 0 114 171 1 3 0 7 10 201 1 2 0 109 1 2 66 0 114 1 2 0 114 1 5 3 0 7 10 201 1 2 0 0 109 1 0 0 1 6 0 182 1 3 202 7 6 1 4 203 1 106 12 20 21 1 4 83 84 7 1 4 85 3 0 1 7 2 204 1 0 0 3 0 1 7 2 204 1 0 0 3 0 1 7 2 204 1 0 0 3 0 1 7 2 204 1 0 0 3 0 1 7 2 204 1 0 0 3 0 1 7 2 204 1 0 0 3 0 1 7 2 204 1 0 0 3 0 1 7 2 204 1 0 0 3 0 1 7 2 204 1 0 0 7 10 201 1 0 38 45 11 15 10 298 1 6 24 1 1 4 1 565 2 6 0 1 4 38 12 1 4 1 343 2 436 0 2 0 0 11 15 10 1 45 11 15 10 298 1 5 6 577 5 67 1 6 0 1 1 0 1 1 6 114 1 341 342 0 0 578 5 67 1 6 66 0 578 230 5 67 1 2 66 0 0 5 107 1 6 436 0 5 230 5 107 1 6 436 0 0 437 2 205 5 67 1 6 267 0 5 107 1 6 0 129 1 230 5 6 31 0 5 67 1 6 108 0 5 6 202 1 6 83 5 67 1 6 170 0 1 6 1 230 5 6 0 172 1 230 5 6 113 0 172 5 67 1 6 113 0 5 107 1 6 0 5 107 1 6 0 1 230 5 67 1 6 0 0 5 6 106 1 5 5 6 114 1 0 0 1 6 293 1 1 6 293 0 1 579 1 2 64 2 64 2 64 2 64 2 64 2 64 1 1 1 
7	432 432 1 2 0 1 294 1 5 1 4 203 1 12 2 0 0 11 15 6 24 1 
8	572 1 15 1 1 4 109 1 2 0 0 6 114 1 0 15 1 1 20 21 1 4 428 83 84 7 1 4 1 85 2 66 0 2 0 0 
9	1 4 1 1 1 1 4 159 0 2 0 1 31 0 3 0 7 2 0 1 0 2 26 0 0 6 0 
10	573 580 1 581 1 1 6 114 1 341 342 0 0 580 1 581 1 1 6 114 1 341 342 0 0 580 1 581 1 1 6 114 1 341 342 0 0 
11	1 4 100 1 1 4 100 1 438 438 160 1 12 2 0 11 15 2 102 0 103 438 67 1 12 2 0 11 15 2 102 0 103 160 1 2 38 0 67 1 2 38 129 1 1 1 4 12 1 4 1 31 0 3 0 7 2 0 31 31 0 11 15 2 102 0 103 6 0 1 1 4 20 21 5 4 0 0 0 7 5 4 0 0 439 3 0 582 0 7 2 26 0 0 45 0 0 2 26 0 0 45 0 
12	40 2 48 40 583 1 2 48 0 40 52 1 2 48 0 299 25 1 35 1 2 145 0 0 300 25 1 35 1 2 301 0 0 302 25 1 2 344 0 138 1 2 440 0 303 1 25 1 6 92 0 97 5 18 1 579 1 231 1 1 6 93 0 0 0 179 1 304 1 0 97 5 18 1 71 1 231 1 1 1 4 1 4 12 2 0 68 0 0 2 0 179 1 426 1 0 0 11 562 1 4 0 0 10 118 1 0 6 93 0 0 0 0 97 5 18 1 71 1 231 1 173 1 1 4 12 2 0 127 0 0 11 180 10 118 1 0 11 180 10 118 1 0 3 0 7 1 4 260 1 0 2 194 0 12 12 2 48 0 11 180 10 118 1 0 11 15 10 0 11 15 2 33 17 0 0 2 146 0 0 2 227 6 6 5 133 1 231 1 174 1 18 1 71 1 3 0 0 0 0 0 7 2 33 17 6 3 184 0 0 7 2 33 17 0 6 1 4 32 1 2 13 0 2 13 20 21 5 4 0 0 0 7 2 13 2 13 0 0 2 13 12 6 93 0 0 0 24 11 441 10 0 11 345 10 0 11 226 10 0 11 123 2 33 17 0 11 346 10 0 6 347 5 82 1 18 1 71 1 6 584 0 68 0 0 0 0 347 5 82 1 86 1 18 1 71 1 1 4 101 0 0 3 0 7 2 33 17 0 6 7 2 264 0 0 6 134 1 39 1 6 101 0 134 1 39 1 86 1 6 101 0 0 5 135 1 6 232 0 348 1 6 33 161 27 1 2 33 80 0 74 27 1 2 33 70 0 147 27 1 2 33 17 0 162 27 1 2 33 34 0 442 25 1 35 1 2 0 0 5 135 1 6 0 1 
13	1 4 443 1 295 295 583 1 2 48 0 295 52 1 2 48 0 40 2 48 40 583 1 2 48 0 40 52 1 2 48 0 299 25 1 35 1 2 145 0 0 300 25 1 35 1 2 301 0 0 302 25 1 2 344 0 138 1 2 440 0 303 1 25 1 6 92 0 97 5 18 1 579 1 231 1 1 6 93 0 0 0 179 1 304 1 0 97 5 18 1 71 1 231 1 1 1 4 1 4 12 2 0 68 0 0 2 0 179 1 426 1 0 0 11 562 1 4 0 0 10 118 1 0 6 93 0 0 0 0 97 5 18 1 71 1 231 1 173 1 1 4 12 2 0 127 0 0 11 180 10 118 1 0 11 180 10 118 1 0 3 0 7 1 4 260 1 0 2 194 0 12 12 2 48 0 0 11 180 10 118 1 0 11 15 10 0 11 15 2 33 17 0 0 2 146 0 0 2 227 6 6 5 133 1 231 1 174 1 18 1 71 1 3 0 0 0 0 0 7 2 33 17 6 3 184 0 0 7 2 33 17 0 6 1 4 32 1 2 13 0 2 13 20 21 5 4 0 0 0 7 2 13 2 13 0 0 2 13 12 5 4 93 0 0 0 24 6 0 11 15 10 0 11 15 2 33 17 0 10 0 347 5 82 1 18 1 71 1 6 584 0 68 0 0 0 0 347 5 82 1 86 1 18 1 71 1 1 4 101 0 0 3 0 7 2 33 17 0 6 7 2 264 0 0 6 134 1 39 1 6 101 0 134 1 39 1 86 1 6 101 0 0 5 135 1 6 232 0 5 135 1 6 0 348 1 6 33 161 27 1 2 33 80 0 74 27 1 2 33 70 0 147 27 1 2 33 17 0 162 27 1 2 33 34 0 442 25 1 35 1 2 0 0 444 1 25 1 6 0 1 
14	1 4 109 1 1 4 109 1 1 4 109 1 1 4 109 1 1 4 109 1 1 4 585 1 5 268 1 3 0 7 6 5 4 3 0 1 7 2 1 0 2 0 3 0 1 7 2 1 0 2 0 3 0 1 7 2 1 0 2 0 3 0 1 7 2 1 0 2 0 3 0 1 7 2 1 0 2 0 6 0 268 1 2 66 0 268 1 2 66 0 268 1 2 66 0 268 1 2 66 0 268 1 2 66 0 5 268 1 3 0 7 6 5 4 3 0 1 6 113 0 3 0 1 6 113 0 3 0 1 6 113 0 3 0 1 6 113 0 3 0 1 6 113 0 6 0 1 6 83 1 6 83 1 6 83 1 6 83 1 6 83 5 18 1 3 0 1 7 1 4 1 0 2 349 6 7 6 269 75 1 20 21 1 4 83 84 7 1 4 1 85 3 0 1 267 0 7 2 1 0 2 66 0 20 21 1 4 83 84 7 1 4 1 85 3 0 1 267 0 7 2 1 0 2 66 0 20 21 1 4 83 84 7 1 4 1 85 3 0 1 267 0 7 2 1 0 2 66 0 20 21 1 4 83 84 7 1 4 1 85 3 0 1 267 0 7 2 1 0 2 66 0 20 21 1 4 83 84 7 1 4 1 85 3 0 1 267 0 7 2 1 0 2 66 0 
15	
16	96 233 1 234 5 235 1 
17	586 1 119 1 18 1 148 1 35 1 1 4 305 1 4 0 1 4 236 2 350 0 0 1 4 0 12 1 4 1 1 0 0 0 2 351 0 0 0 6 352 11 15 10 0 11 15 10 185 0 5 119 1 18 1 587 1 588 1 1 4 305 1 4 0 1 4 236 2 350 0 0 1 4 0 12 1 4 1 1 0 0 0 2 351 0 0 0 6 1 352 11 15 10 0 11 15 10 185 0 589 1 119 1 18 1 353 1 136 1 15 1 1 4 305 1 4 0 1 4 236 2 350 0 0 1 4 0 1 4 1 1 0 0 0 0 3 0 84 0 84 7 10 0 2 351 0 0 0 6 352 445 1 119 1 18 1 354 1 355 1 356 1 1 4 305 1 4 0 1 4 236 2 350 0 0 1 4 0 12 1 4 1 1 0 0 0 0 2 351 0 0 0 6 1 352 11 15 10 0 11 15 10 185 0 590 1 119 1 18 1 148 1 171 1 124 1 74 1 6 591 446 1 1 0 0 0 0 0 0 0 592 119 1 18 1 447 1 448 1 74 1 2 591 446 1 1 0 0 0 0 0 0 593 1 119 1 18 1 148 1 171 1 136 1 74 1 6 591 446 1 1 0 0 0 0 0 0 0 1 1 119 1 18 1 1 4 305 1 4 0 1 4 236 2 350 0 0 1 4 0 12 2 351 0 0 0 6 352 11 15 10 0 11 15 10 185 0 119 1 1 3 0 7 12 2 449 0 11 15 10 185 0 1 1 1 2 0 0 2 0 0 1 1 3 0 7 20 21 1 4 0 84 7 1 4 1 85 3 7 2 206 0 
18	445 1 354 1 355 1 356 1 1 4 1 4 1 4 1 4 5 4 18 1 354 1 355 1 356 1 2 0 0 2 0 0 2 0 0 2 0 0 96 233 1 1 4 1 0 3 0 1 2 1 0 2 0 2 0 1 0 235 1 6 0 234 5 6 0 0 1 1 
19	590 1 18 1 148 1 171 1 124 1 74 1 592 5 18 1 447 1 448 1 74 1 593 1 18 1 148 1 171 1 136 1 74 1 1 4 1 4 1 4 1 4 1 4 1 4 18 1 148 1 171 1 124 1 74 1 2 0 0 2 0 0 2 0 0 2 0 0 2 0 0 96 233 1 2 0 1 0 235 1 6 0 234 5 6 0 1 1 4 1 4 1 4 1 4 5 4 18 1 447 1 448 1 74 1 2 0 0 2 0 0 2 0 0 2 0 0 96 233 1 2 0 1 0 235 1 6 234 5 6 0 1 1 4 1 4 1 4 1 4 1 4 1 4 5 4 18 1 148 1 171 1 136 1 74 1 2 0 0 2 0 0 2 0 0 2 0 0 2 0 0 96 233 1 2 0 2 0 1 0 235 1 6 0 234 5 6 0 0 1 1 
20	589 1 353 1 136 1 15 1 1 4 1 4 1 4 1 4 1 4 5 4 18 1 353 1 136 1 15 1 2 0 0 2 0 0 2 0 0 2 0 0 96 233 1 1 4 1 0 3 0 1 2 1 0 2 0 2 0 1 0 235 1 6 0 234 5 6 0 1 1 
21	5 587 1 588 1 1 4 1 4 1 4 5 4 5 4 18 1 587 1 588 1 2 0 0 2 0 0 2 0 0 96 233 1 1 4 1 0 3 0 1 2 1 0 2 0 2 0 1 0 235 1 6 594 1 0 234 5 6 0 0 1 1 
22	586 1 148 1 35 1 1 4 1 4 1 4 18 1 148 1 35 1 2 0 0 2 0 0 2 0 0 96 233 1 1 4 1 0 3 0 1 2 1 0 2 0 1 0 235 1 6 0 234 5 6 1 1 
23	357 1 358 1 6 24 359 1 6 1 
24	357 1 358 1 6 24 359 1 6 1 
25	1 4 1 1 4 1 4 357 1 358 1 359 1 586 1 148 1 35 1 3 0 7 6 0 3 0 7 6 0 3 237 0 0 7 6 0 7 6 0 270 75 1 2 0 0 2 0 149 207 68 3 0 42 7 2 0 3 0 7 12 2 237 0 11 2 33 17 0 0 2 0 1 6 0 1 1 
26	357 1 358 1 6 24 359 1 6 1 
27	357 1 358 1 6 24 359 1 6 1 
28	1 4 1 4 1 4 1 4 445 1 354 1 355 1 356 1 5 4 232 0 3 0 7 3 232 0 7 6 0 7 2 33 17 0 6 6 0 270 75 1 2 0 0 2 0 149 68 0 0 1 1 
29	445 1 354 1 355 1 356 1 3 116 116 7 6 0 5 4 170 170 3 0 7 6 0 6 43 0 0 1 
30	1 4 595 1 74 1 2 163 46 47 2 0 0 1 6 0 182 1 6 163 46 47 0 1 
31	1 4 1 4 1 4 589 1 353 1 136 1 15 1 5 4 110 0 5 4 110 0 1 4 3 0 0 7 2 0 32 1 2 13 13 38 45 2 13 13 103 2 13 0 3 0 7 2 0 32 1 2 13 13 38 45 2 13 13 103 3 0 7 2 0 32 1 2 13 13 38 45 2 13 0 7 2 0 32 1 2 13 13 38 45 6 24 1 1 1 4 12 1 4 203 1 2 0 596 1 0 2 158 0 2 265 6 24 3 0 7 2 90 270 75 1 2 0 0 1 1 
32	1 4 1 4 109 1 5 4 590 1 18 1 148 1 171 1 124 1 74 1 2 450 0 0 6 593 1 18 1 148 1 171 1 136 1 74 1 3 0 7 2 450 38 45 0 0 7 2 450 0 0 6 592 5 18 1 447 1 448 1 74 1 2 450 0 0 6 148 1 74 1 1 4 595 1 0 0 2 66 0 3 0 7 10 118 1 0 1 6 0 270 75 1 2 0 207 110 0 1 1 
33	1 4 360 18 1 2 0 0 1 451 1 6 452 0 0 1 451 1 6 452 0 0 1 451 1 6 452 0 0 0 1 451 1 6 452 0 0 0 597 1 453 1 6 0 597 1 453 1 361 1 6 0 0 0 597 1 453 1 361 1 1 1 4 32 1 5 4 0 20 21 5 4 0 0 0 7 2 13 31 24 0 0 3 0 0 7 2 13 0 3 0 0 7 2 13 0 6 24 598 1 306 1 6 0 598 1 306 1 361 1 6 0 0 0 598 1 306 1 361 1 1 1 4 32 1 5 4 106 20 21 5 4 0 0 0 7 2 13 31 0 3 0 0 7 2 13 0 3 0 0 7 2 13 0 6 24 1 5 1 6 0 0 1 5 1 1 1 4 0 3 42 0 7 2 0 43 0 42 0 6 0 362 1 4 5 4 362 1 2 0 0 1 2 0 2 0 0 6 182 1 6 0 0 599 599 1 2 0 182 1 1 4 0 0 2 6 0 1 600 1 39 1 454 1 455 1 1 4 0 0 2 26 0 362 1 0 6 600 1 39 1 454 1 455 1 1 1 4 0 0 0 2 26 0 362 1 0 6 600 1 39 1 454 1 455 1 1 1 1 4 0 0 0 0 2 26 0 362 1 0 6 1 39 1 454 1 455 1 1 4 0 0 2 26 0 599 1 0 6 1 67 1 1 3 0 7 6 0 7 6 0 
34	1 4 1 25 1 1 25 1 35 1 5 25 1 1 1 25 1 601 601 1 2 0 0 3 0 1 7 2 349 1 0 139 1 25 1 35 1 3 0 7 6 3 0 7 6 6 0 0 129 1 25 1 3 0 7 6 1 4 0 3 0 0 7 2 0 31 0 6 0 363 5 25 1 3 0 7 6 6 0 364 1 6 172 1 25 1 3 0 7 6 6 0 1 6 0 1 1 
35	139 1 25 1 35 1 129 1 25 1 363 5 25 1 364 1 172 1 25 1 
36	1 1 1 1 
37	1 4 1 4 1 4 260 107 1 2 0 0 3 0 1 7 2 0 1 7 2 0 1 0 3 0 1 7 2 0 1 0 365 160 1 2 194 0 366 2 227 367 1 6 44 368 1 6 456 369 1 25 1 6 370 0 371 25 1 67 1 2 372 0 0 373 307 1 2 339 0 374 1 6 457 375 5 6 140 376 377 5 2 458 0 139 1 25 1 35 1 6 26 0 0 459 1 25 1 35 1 6 26 0 0 129 1 25 1 6 31 0 363 5 25 1 6 181 0 364 1 6 460 172 1 25 1 6 113 0 461 1 6 0 462 1 6 378 1 379 1 3 0 7 6 349 0 6 308 1 3 0 7 6 236 6 1 
38	5 4 1 4 100 1 1 4 1 1 4 1 4 5 4 365 160 1 2 463 0 366 2 238 367 1 3 6 6 1 368 1 6 293 369 1 25 1 6 1 31 0 371 25 1 67 1 2 26 0 0 373 307 1 2 0 0 374 1 6 0 375 5 6 0 376 377 5 2 0 0 378 1 379 1 1 4 0 2 0 0 6 0 308 1 6 0 1 1 
39	378 1 379 1 308 1 
40	365 160 1 366 367 1 368 1 369 1 25 1 371 25 1 67 1 374 1 373 307 1 375 5 376 377 5 
41	461 1 462 1 459 1 25 1 35 1 
42	1 4 100 1 1 4 100 1 1 4 1 4 5 4 602 1 119 1 2 0 110 0 2 0 0 2 0 603 461 1 6 462 1 6 603 1 1 4 3 7 2 26 0 0 7 2 26 0 0 139 1 25 1 35 1 6 26 0 0 0 459 1 25 1 35 1 6 26 0 0 139 1 25 1 35 1 5 1 4 1 31 0 3 0 7 6 0 0 7 3 0 7 6 26 0 0 7 3 181 0 7 6 26 0 0 7 6 26 0 0 129 1 25 1 1 4 1 4 1 31 0 3 0 7 2 0 0 7 2 0 31 0 3 0 7 2 0 31 0 6 0 363 5 25 1 6 364 1 6 564 293 172 1 25 1 6 113 0 365 160 1 2 194 0 366 2 227 367 1 6 44 368 1 6 456 369 1 25 1 6 370 0 371 25 1 67 1 2 372 0 0 375 5 6 140 376 377 5 2 458 0 378 1 379 1 1 4 349 0 6 0 308 1 6 236 373 307 1 2 339 0 374 1 6 457 1 
43	1 4 1 4 1 4 1 1 4 131 1 0 3 197 7 10 563 1 3 7 1 4 229 1 4 0 0 1 4 1 2 0 2 2 1 4 20 21 5 4 0 0 0 7 2 0 0 0 0 7 2 229 5 199 1 1 1 3 108 0 7 6 2 102 0 1 4 0 1 4 0 3 42 7 1 4 0 0 1 4 131 1 0 2 0 0 0 0 3 197 7 2 574 2 0 0 0 0 1 4 0 1 4 12 2 0 1 0 2 64 0 11 15 2 158 3 0 7 12 2 90 11 6 1 199 1 5 4 170 0 6 0 0 43 0 1 39 1 6 108 0 0 43 108 0 0 2 102 1 464 1 1 4 0 3 309 7 2 0 1 4 1 20 21 5 4 0 0 0 7 2 0 465 0 0 3 237 0 7 2 0 465 0 7 2 0 465 0 2 0 465 0 6 0 1 141 5 6 0 0 0 0 604 1 3 0 7 20 21 5 4 0 0 0 7 1 4 1 2 0 0 7 2 
44	271 1 310 5 311 5 
45	5 4 1 4 1 4 5 4 5 4 1 4 272 27 1 15 1 380 1 82 1 5 5 2 0 0 2 0 0 2 0 0 2 0 0 2 0 0 239 1 6 0 1 2 0 0 1 6 0 311 5 6 0 310 5 6 0 271 1 6 0 381 1 1 4 32 1 2 13 103 2 13 2 13 312 0 0 2 13 13 0 13 13 0 13 6 24 1 1 
46	5 4 5 4 5 4 1 4 1 4 118 273 1 2 0 118 180 1 2 103 3 0 1 7 1 4 1 0 2 0 382 2 0 383 2 0 163 7 3 0 0 7 2 0 0 2 0 0 118 180 1 2 103 3 0 1 7 1 4 1 0 2 0 382 2 0 383 2 0 163 3 466 1 7 1 4 1 466 3 0 0 7 2 0 0 2 0 0 118 273 1 74 1 2 0 2 0 47 2 0 46 2 0 163 118 273 1 74 1 1 2 0 2 0 47 2 0 46 2 0 163 2 0 0 311 5 6 0 310 5 6 0 271 1 6 0 1 6 0 1 
47	5 4 91 273 1 2 0 91 273 1 76 1 2 0 0 91 76 1 2 0 1 
48	1 4 5 4 5 4 5 4 313 467 1 82 1 5 314 5 2 0 2 0 0 2 0 0 2 0 0 313 467 1 1 82 1 5 314 5 2 0 0 2 0 0 2 0 0 2 0 0 271 1 6 0 310 5 6 0 311 5 6 0 1 1 
49	5 4 1 4 240 273 1 2 0 2 0 240 273 1 1 2 0 2 0 0 2 605 0 240 1 2 2 0 0 2 605 0 1 6 0 1 
50	1 4 274 1 5 5 5 5 1 4 274 1 5 5 5 1 4 274 1 5 5 5 1 4 274 1 5 5 5 5 5 1 4 274 1 5 5 5 5 5 5 4 5 4 5 0 5 4 1 4 5 4 1 4 468 1 2 0 468 1 5 2 2 0 0 2 0 1 0 0 12 2 0 11 123 1 4 208 1 2 605 0 0 10 0 5 6 0 1 6 0 1 2 0 1 4 3 7 16 0 8 2 0 237 0 9 8 2 0 237 0 9 8 2 0 237 0 9 8 2 0 237 0 3 0 7 2 0 237 0 0 9 8 2 0 9 2 0 6 0 241 1 1 1 5 4 384 20 21 5 4 0 0 0 7 7 3 7 6 0 3 0 0 0 0 7 6 0 6 0 5 5 4 275 3 0 7 6 3 0 0 7 10 1 2 0 0 5 0 6 1 5 4 3 0 0 7 2 0 384 0 2 0 0 0 3 0 7 10 208 1 2 0 0 0 606 2 90 5 6 5 2 0 5 6 607 5 6 275 607 5 385 5 6 275 0 607 5 385 5 608 5 386 5 6 275 0 0 0 2 609 5 142 5 6 0 274 1 4 5 4 274 86 1 5 2 0 0 2 0 0 387 1 6 0 5 6 0 1 
51	5 4 5 4 5 4 5 4 5 4 1 4 5 4 5 4 5 4 388 71 1 2 0 0 388 5 5 2 0 0 2 0 0 5 6 0 5 6 0 388 71 1 5 5 2 0 0 3 0 10 201 1 2 0 0 2 0 0 5 0 2 0 3 0 6 3 0 6 2 64 0 0 2 0 437 2 0 10 1 2 389 3 0 7 2 265 606 3 0 6 2 265 5 6 0 0 390 107 5 3 0 7 2 64 0 7 3 0 0 3 0 2 389 2 469 2 0 0 5 0 5 5 385 5 6 0 0 0 0 390 5 608 5 386 5 3 0 7 2 64 0 0 0 6 3 0 7 6 3 0 0 7 3 0 2 389 2 469 2 64 0 0 0 6 5 4 0 4 0 0 36 0 0 7 5 4 0 0 0 0 2 143 0 0 0 0 0 2 0 0 2 0 0 3 0 0 3 0 2 389 2 469 390 5 2 64 0 0 390 160 1 608 5 386 5 3 0 7 2 64 0 0 0 6 5 4 0 4 0 0 36 0 0 7 5 4 0 0 0 0 2 0 0 0 0 0 2 0 0 2 0 0 3 0 0 3 0 2 389 2 469 390 160 1 3 0 7 2 64 0 42 71 1 2 0 0 2 205 1 
52	269 1 129 1 139 1 
53	1 4 1 4 5 4 0 269 119 1 2 0 0 2 0 175 0 0 2 0 470 1 0 20 21 5 4 0 0 0 7 2 26 610 3 33 94 7 2 33 34 0 129 1 1 4 1 31 3 0 7 2 33 34 2 0 610 6 0 139 1 2 26 0 1 
54	40 2 48 299 25 1 35 1 2 145 0 0 471 138 1 2 440 0 300 25 1 35 1 2 301 0 0 302 25 1 2 344 0 303 1 25 1 6 92 0 40 52 1 2 48 0 40 472 1 2 48 0 150 1 173 1 82 1 6 127 0 0 150 1 173 1 82 1 391 5 6 127 0 0 0 134 1 39 1 6 101 0 134 1 39 1 86 1 6 101 0 0 196 1 39 1 6 261 0 196 1 39 1 86 1 6 261 0 0 315 1 135 1 6 232 0 161 27 1 2 80 0 74 27 1 2 70 0 147 27 1 2 17 0 162 27 1 2 34 0 242 1 25 1 243 1 6 68 0 0 392 1 133 1 82 1 6 473 0 0 393 5 39 1 474 1 244 1 186 1 6 475 0 0 0 0 394 5 133 1 82 1 6 184 0 0 395 5 128 1 6 476 0 242 1 25 1 6 68 0 245 5 25 1 6 175 0 245 5 25 1 243 5 6 175 0 0 477 5 25 1 478 5 6 110 0 0 479 1 6 207 1 
55	1 4 1 4 1 4 1 4 1 4 1 4 1 4 1 4 1 4 1 4 1 4 1 4 1 4 1 4 1 4 1 4 1 4 1 4 1 4 1 4 1 4 1 4 1 4 1 4 1 4 1 4 1 4 1 4 1 4 1 4 1 4 1 4 1 4 1 4 1 4 1 4 1 4 1 4 1 4 1 4 1 4 1 4 1 4 1 4 1 4 1 4 1 4 1 4 1 4 1 4 1 4 1 4 5 4 
56	1 4 1 4 480 1 1 4 5 4 5 4 1 4 1 4 1 4 262 1 1 4 1 4 1 4 1 4 1 4 443 2 0 611 1 2 0 396 1 33 2 0 100 1 40 3 0 0 7 2 0 2 117 2 34 2 117 2 2 2 2 2 2 2 2 2 117 2 0 2 0 612 5 6 0 1 4 68 0 3 0 42 7 1 4 12 2 0 187 0 11 316 1 4 0 2 17 0 10 130 1 0 3 0 1 7 1 4 0 45 1 2 17 0 10 130 1 0 2 0 1 0 3 0 1 7 2 1 0 3 0 1 7 2 1 0 2 48 7 1 4 2 17 0 10 130 1 0 1 4 12 2 0 38 188 0 2 209 0 3 94 7 2 34 131 1 0 11 123 2 17 0 12 3 0 7 2 90 11 123 2 17 0 299 25 1 35 1 3 0 7 2 0 262 1 2 145 0 0 471 138 1 3 0 7 2 0 0 7 3 0 0 7 2 0 300 25 1 35 1 3 0 7 2 0 262 1 2 301 0 0 302 25 1 3 0 7 2 344 0 303 1 25 1 1 4 3 0 0 0 7 2 0 31 0 3 0 7 2 0 92 0 3 0 1 7 6 149 1 0 7 6 0 3 7 2 3 0 7 2 0 40 52 1 2 0 0 2 48 40 472 1 2 0 262 1 0 2 48 1 4 68 0 3 0 42 7 1 4 12 2 0 187 0 11 316 1 4 0 2 17 0 10 130 1 0 3 0 1 7 1 4 0 45 1 2 17 0 10 130 1 0 2 0 1 0 2 449 7 1 4 2 17 0 10 130 1 0 2 0 1 1 4 210 0 3 0 7 20 21 5 4 0 0 0 7 1 4 397 0 0 0 1 3 0 2 1 0 1 4 210 0 3 0 7 20 21 5 4 0 0 0 7 1 4 397 0 0 0 1 3 0 2 1 0 1 4 210 0 3 0 7 20 21 5 4 0 0 0 7 1 4 397 0 0 0 1 3 0 2 1 0 1 4 210 0 3 0 7 20 21 5 4 0 0 0 7 1 4 397 0 0 0 1 3 0 2 1 0 1 4 210 0 3 0 7 20 21 5 4 0 0 0 7 1 4 397 0 0 0 1 3 0 7 2 1 0 1 1 1 1 3 0 42 7 1 4 12 2 0 187 0 11 316 1 4 0 0 2 17 0 10 130 1 0 3 211 0 7 1 4 0 0 45 2 17 0 10 130 1 0 1 4 1 0 3 0 1 2 1 0 6 0 6 2 0 2 0 212 1 1 4 398 1 1 4 12 2 0 38 188 0 3 0 7 10 130 1 2 209 0 11 123 2 17 0 12 3 0 7 2 90 11 123 2 17 0 1 4 36 317 7 1 4 1 246 2 0 2 34 0 1 4 210 20 21 5 4 0 0 0 7 2 0 0 3 213 7 2 70 0 0 1 12 1 4 187 0 3 0 1 7 1 4 1 0 2 26 45 0 7 2 17 0 45 1 11 15 2 17 0 0 1 4 68 0 3 0 42 7 1 4 12 2 0 187 0 11 316 1 4 0 2 17 0 10 130 1 0 3 0 1 7 1 4 0 1 2 17 0 10 130 1 0 2 0 1 0 2 449 7 1 4 2 17 0 10 130 1 0 1 3 0 0 7 2 34 12 2 48 11 15 2 33 17 0 10 208 1 1 4 399 1 2 0 6 0 150 1 173 1 82 1 6 127 0 0 150 1 173 1 82 1 391 5 3 0 0 7 2 34 12 2 48 11 15 2 33 17 0 10 208 1 1 4 1 4 1 31 3 0 7 3 213 7 2 70 2 0 610 3 0 7 12 3 0 7 2 476 0 2 0 127 0 0 2 26 0 7 2 17 6 0 134 1 39 1 6 101 0 68 0 0 134 1 39 1 86 1 3 0 0 7 2 70 2 48 6 1 318 0 0 0 196 1 39 1 6 261 0 68 0 0 196 1 39 1 86 1 3 0 0 7 2 70 2 48 6 1 318 0 0 0 315 1 135 1 3 0 0 7 2 34 12 2 48 11 15 2 33 17 0 10 208 1 6 232 0 348 1 6 0 161 27 1 2 33 80 0 74 27 1 2 33 70 0 147 27 1 2 33 17 0 162 27 1 2 33 34 0 242 1 25 1 243 1 6 68 0 0 392 1 133 1 82 1 6 473 0 0 393 5 39 1 474 1 244 1 186 1 6 475 0 0 0 0 394 5 133 1 82 1 6 184 0 0 395 5 128 1 6 476 0 242 1 25 1 6 149 68 0 245 5 25 1 6 175 0 245 5 25 1 243 5 6 175 0 0 477 5 25 1 478 5 6 110 0 0 479 1 6 0 400 1 6 0 1 6 0 444 1 25 1 6 31 0 442 1 25 1 67 1 6 26 0 0 613 1 6 0 1 1 
57	161 27 1 74 27 1 147 27 1 162 27 1 
58	40 299 25 1 35 1 471 138 1 300 25 1 35 1 302 25 1 303 1 25 1 40 52 1 40 472 1 150 1 173 1 82 1 150 1 173 1 82 1 391 5 134 1 39 1 134 1 39 1 86 1 196 1 39 1 196 1 39 1 86 1 315 1 135 1 242 1 25 1 243 1 392 1 133 1 82 1 393 5 39 1 474 1 244 1 186 1 394 5 133 1 82 1 395 5 128 1 242 1 25 1 245 5 25 1 245 5 25 1 243 5 477 5 25 1 478 5 479 1 444 1 25 1 442 1 25 1 35 1 613 1 348 1 1 400 1 612 5 1 1 
59	1 4 443 1 40 2 48 612 5 6 1 6 0 299 25 1 35 1 2 145 0 0 471 138 1 2 440 0 300 25 1 35 1 2 301 0 0 302 25 1 2 344 0 303 1 25 1 6 92 0 40 52 1 2 48 0 40 472 1 2 48 0 150 1 173 1 82 1 6 127 0 0 150 1 173 1 82 1 391 5 6 127 0 0 0 134 1 39 1 6 101 0 134 1 39 1 86 1 6 101 0 0 196 1 39 1 6 261 0 196 1 39 1 86 1 6 261 0 0 315 1 135 1 6 232 0 348 1 6 33 161 27 1 2 33 80 0 74 27 1 2 33 70 0 147 27 1 2 33 17 0 162 27 1 2 33 34 0 242 1 25 1 243 1 6 68 0 0 392 1 133 1 82 1 6 473 0 0 393 5 39 1 474 1 244 1 186 1 6 475 0 0 0 0 394 5 133 1 82 1 6 184 0 0 395 5 128 1 6 476 0 242 1 25 1 6 68 0 245 5 25 1 6 175 0 245 5 25 1 243 5 6 175 0 0 477 5 25 1 478 5 6 110 0 0 479 1 6 207 400 1 6 614 308 1 6 305 444 1 25 1 6 0 613 1 6 401 1 6 0 1 
60	1 4 1 4 1 4 5 4 5 4 5 4 5 4 1 4 1 4 611 119 1 2 0 0 2 0 615 1 33 110 0 2 0 100 1 2 0 616 1 0 159 2 117 2 617 2 1 4 92 0 3 0 7 2 34 0 0 3 232 0 7 2 0 0 7 2 34 3 0 7 3 0 1 7 2 0 1 0 3 0 1 7 2 0 1 2 402 0 20 21 5 4 0 106 0 7 1 4 1 481 0 3 312 0 7 2 2 34 0 12 1 4 101 0 1 4 1 2 0 0 2 0 132 2 26 0 0 11 15 2 17 0 0 2 117 2 2 3 110 0 7 2 2 70 7 2 34 2 617 3 110 0 7 2 617 2 70 7 2 34 2 2 110 0 3 7 2 70 7 2 34 2 2 110 0 3 618 7 2 70 7 2 34 2 117 393 5 39 1 619 1 244 1 186 1 3 0 0 0 0 7 2 80 6 3 0 0 7 6 159 2 0 0 0 0 1 4 32 1 2 620 0 0 2 13 13 0 2 70 24 6 5 39 1 186 1 3 618 0 7 20 21 5 4 0 106 0 7 1 4 1 481 0 3 56 0 7 6 3 0 7 2 80 0 6 3 0 7 3 184 0 0 0 7 2 80 0 6 6 394 5 1 186 1 159 3 31 0 0 6 6 392 1 133 1 186 1 1 4 159 2 0 31 0 0 3 0 618 7 1 4 0 0 3 0 7 12 1 4 1 31 0 3 0 7 1 4 0 5 4 0 5 4 482 132 0 3 0 0 7 2 34 0 2 0 0 2 0 101 0 2 0 0 2 0 132 11 15 2 17 0 0 2 0 31 0 0 6 0 395 5 128 1 6 0 385 5 2 0 0 5 6 0 5 5 5 4 0 2 0 0 6 0 5 214 5 5 4 0 2 0 0 6 0 385 5 2 0 0 5 6 0 1 4 5 4 
61	1 4 1 4 5 4 1 4 212 1 1 4 212 1 5 4 5 4 616 119 1 2 0 0 2 0 5 133 1 619 1 244 1 128 1 1 4 621 1 0 0 0 0 2 0 5 4 3 0 7 2 26 0 0 7 2 0 181 0 3 0 483 0 7 1 4 247 0 2 26 0 0 6 7 1 4 1 247 31 0 0 3 0 7 2 2 247 26 0 0 0 6 129 1 133 1 128 1 3 483 0 7 1 4 247 0 3 0 7 1 4 1 31 0 3 0 7 6 0 1 4 1 247 31 0 0 3 0 7 6 0 6 391 5 128 1 159 3 483 0 7 1 4 1 113 0 3 0 7 6 2 205 6 6 5 2 0 0 5 2 0 0 5 2 0 0 1 128 1 6 247 0 1 128 1 5 1 4 1 31 0 3 0 0 7 2 0 0 6 0 1 128 1 1 4 212 1 1 4 3 0 26 0 0 7 2 26 0 0 6 6 0 5 128 1 3 0 7 6 3 0 7 6 6 1 133 1 128 1 3 483 0 7 1 4 247 0 3 0 7 1 4 1 31 0 3 0 7 6 1 4 1 247 31 0 0 3 0 7 6 6 621 1 4 1 4 1 4 1 4 1 4 5 4 621 133 1 619 1 244 1 186 1 2 0 0 2 0 0 2 0 0 2 0 0 5 2 0 0 5 6 0 1 6 0 1 6 0 1 128 1 1 4 1 2 0 2 0 2 0 2 0 2 0 6 0 1 3 0 7 2 0 1 12 1 4 179 1 304 1 0 2 0 127 0 0 2 48 0 11 15 2 33 17 0 0 
62	5 4 5 4 1 4 200 1 189 5 314 5 5 2 0 0 2 0 0 319 5 6 0 320 5 6 0 40 75 1 18 1 19 1 2 0 0 111 5 18 1 71 1 19 1 1 1 
63	5 4 5 4 
64	622 1 4 1 4 5 4 622 25 1 18 1 2 0 0 3 0 2 0 0 129 1 25 1 6 0 56 0 31 0 139 1 25 1 35 1 3 56 0 0 7 2 0 6 26 0 0 459 1 25 1 35 1 6 26 0 0 363 5 25 1 6 181 0 364 1 6 460 172 1 25 1 3 56 0 7 2 0 6 113 0 365 160 1 2 194 0 366 2 227 367 1 6 44 368 1 6 456 369 1 25 1 6 370 0 371 25 1 67 1 2 372 0 0 373 307 1 2 339 0 374 1 6 457 462 1 6 603 461 1 6 378 1 379 1 1 4 349 0 6 0 308 1 6 236 375 5 6 140 376 377 5 2 458 0 1 200 1 6 189 5 6 0 1 4 5 4 5 4 1 4 1 4 40 75 1 18 1 19 1 2 48 0 0 0 2 0 68 0 2 0 175 0 2 0 175 0 0 3 0 7 2 0 0 1 4 1 28 3 0 1 7 2 0 1 0 7 2 0 88 0 43 2 0 215 1 44 46 47 111 5 18 1 71 1 19 1 1 4 28 72 0 3 0 6 1 4 12 2 0 401 0 0 11 15 10 0 11 2 33 17 0 3 0 7 6 5 4 0 5 4 1 4 31 0 1 4 31 0 1 4 36 0 84 7 2 0 164 1 0 1 4 85 2 0 0 3 0 7 3 0 7 2 0 622 1 0 0 2 28 146 0 0 7 2 28 146 0 0 2 0 2 0 0 0 0 3 0 7 2 26 0 0 7 2 113 0 3 0 7 2 26 0 0 7 2 113 0 6 1 
65	1 4 1 4 200 1 6 189 5 6 0 40 75 1 18 1 19 1 2 48 0 0 0 2 0 68 0 2 0 0 2 0 68 0 2 0 0 111 5 18 1 71 1 19 1 5 4 120 20 21 5 4 0 0 0 7 1 4 28 0 3 216 0 216 0 7 3 0 0 0 2 0 0 7 2 33 17 24 2 0 0 6 5 19 1 18 1 71 1 3 0 7 2 33 17 6 1 4 72 0 3 0 7 2 33 17 6 1 4 24 1 4 0 0 0 44 45 5 4 3 0 2 0 1 4 12 3 0 2 0 261 0 0 11 226 2 33 17 0 44 46 47 10 0 11 15 10 0 11 15 2 33 17 0 44 46 47 0 3 0 6 3 0 6 2 64 1 623 6 71 1 467 1 3 0 0 7 2 64 0 2 64 0 2 64 0 1 
66	1 18 1 1 4 457 3 0 7 6 241 7 6 1 92 0 1 
67	1 4 200 1 6 189 5 6 0 40 75 1 18 1 19 1 2 48 0 0 0 2 0 28 98 111 5 18 1 71 1 19 1 2 64 0 6 1 
68	5 4 200 1 6 189 5 6 0 111 5 18 1 71 1 19 1 6 40 75 1 18 1 19 1 2 48 0 0 0 75 1 76 1 19 1 186 1 5 4 120 3 0 7 2 33 17 0 10 321 1 0 0 5 4 28 216 3 0 0 7 10 321 1 0 0 0 0 1 4 0 0 1 4 28 0 1 4 32 1 20 21 5 4 0 106 0 7 2 13 31 0 5 4 475 0 24 0 0 3 0 33 7 1 4 32 1 2 620 0 0 2 13 13 0 2 33 80 0 1 19 1 119 1 5 4 120 1 4 1 0 5 4 36 0 0 7 2 0 0 28 88 0 0 3 0 7 3 0 0 116 7 2 0 0 0 0 43 0 0 42 2 0 3 0 7 1 4 32 1 2 13 13 0 2 620 0 0 2 33 34 0 6 0 1 1 1 4 88 1 4 624 1 4 109 1 36 0 0 7 2 66 625 0 2 0 0 2 66 625 0 6 0 1 1 244 1 1 4 0 32 1 0 2 13 13 0 13 20 21 5 4 0 0 0 7 2 13 13 0 0 2 13 6 0 1 
69	1 4 5 4 321 467 1 82 1 1 2 0 2 0 0 2 0 0 271 1 6 0 310 5 3 0 0 7 6 0 7 6 311 5 3 0 0 7 6 0 7 6 381 1 3 0 7 1 4 32 1 103 2 484 0 6 24 5 4 1 4 32 1 20 21 5 4 0 0 0 7 3 0 0 0 0 7 2 0 0 0 0 20 21 5 4 0 0 0 0 0 7 2 13 13 0 0 0 0 3 0 0 0 0 0 7 2 13 2 13 13 0 1 4 32 1 1 4 0 20 21 5 4 0 0 0 7 3 0 7 2 13 3 0 7 2 13 0 9 2 13 626 0 2 0 0 2 13 2 484 0 3 0 7 2 13 13 0 13 7 2 13 13 0 13 2 13 24 6 24 1 2 13 13 383 13 13 382 3 163 7 2 13 13 163 7 2 13 2 13 0 1 1 
70	200 1 6 189 5 6 0 111 5 18 1 71 1 19 1 3 140 7 6 3 28 7 2 33 17 6 1 4 28 72 0 3 0 7 2 33 17 6 1 4 24 1 4 0 0 0 44 45 5 4 3 0 2 0 1 4 456 3 0 175 0 7 1 4 32 1 20 21 5 4 0 0 0 7 2 13 0 0 2 33 17 0 0 6 1 4 12 3 0 2 0 101 0 0 11 226 2 33 17 0 44 46 47 10 0 11 441 2 33 17 0 44 46 47 10 0 11 15 10 0 11 15 2 33 17 0 0 6 12 3 0 7 2 194 0 2 1 623 11 15 10 0 11 15 10 0 11 15 2 33 17 0 0 6 3 0 2 227 6 1 
71	1 4 1 4 1 4 1 4 5 4 1 4 5 4 1 4 5 4 1 4 100 1 5 4 200 1 6 0 189 5 6 0 576 39 1 2 0 0 1 2 0 0 2 0 0 1 2 0 0 5 6 0 1 2 0 0 1 2 0 0 111 5 18 1 71 1 19 1 12 3 0 7 3 0 7 2 48 0 0 2 0 1 4 602 1 0 0 20 21 5 4 0 0 0 7 1 4 1 31 0 0 2 0 2 146 0 0 7 2 33 17 0 11 15 10 0 11 15 10 0 11 15 2 33 17 0 0 6 40 75 1 18 1 19 1 2 48 0 0 0 2 0 207 110 0 5 4 120 3 627 0 7 20 21 1 4 0 7 3 0 1 56 1 0 7 6 2 0 1 4 0 627 0 627 0 3 0 7 10 313 1 0 44 7 2 33 17 0 6 2 0 0 2 0 0 5 628 1 5 2 0 0 2 0 6 628 1 12 1 4 179 1 304 1 0 2 0 127 0 0 1 4 100 1 20 21 5 4 0 0 0 7 1 4 0 0 3 104 7 2 26 0 0 0 1 4 629 1 0 2 0 11 15 10 0 11 15 2 33 17 0 0 628 1 5 20 21 5 4 0 0 0 7 1 4 485 1 0 0 0 0 0 0 0 2 26 0 0 0 1 19 1 5 4 120 1 4 1 0 2 0 5 0 5 4 1 4 1 4 36 0 0 7 2 0 0 2 0 0 28 216 0 3 28 216 0 0 7 2 0 0 28 88 0 43 28 88 0 42 0 0 7 2 0 28 88 0 2 0 28 624 0 36 0 0 7 2 0 0 0 2 0 0 2 0 0 0 2 0 6 0 1 
72	5 4 5 4 1 4 1 4 5 4 1 4 1 4 1 4 5 4 1 4 1 4 485 75 1 1 1 76 5 2 0 0 2 0 33 2 0 0 2 0 0 2 0 0 2 3 0 7 2 0 120 3 0 0 7 3 0 7 2 0 1 0 5 6 0 1 18 1 67 1 3 0 0 7 3 0 7 12 2 1 0 11 345 2 17 0 7 2 26 0 0 7 2 0 0 2 0 0 2 17 0 0 6 1 18 1 12 1 4 3 0 0 7 3 0 7 2 0 31 0 7 2 0 206 0 3 0 0 7 2 0 72 0 3 0 0 7 2 0 72 0 3 0 0 7 2 0 72 0 3 0 0 7 2 0 0 3 0 0 7 2 0 0 3 0 0 7 2 0 72 0 3 0 0 7 2 0 0 3 0 0 7 2 0 0 3 0 0 7 12 1 4 203 1 2 146 0 0 2 0 0 11 15 10 0 11 15 2 17 0 3 0 0 7 2 0 0 7 2 17 0 0 6 0 11 345 2 17 0 10 0 16 0 8 0 0 0 0 0 0 7 2 0 12 1 4 0 1 4 179 1 304 1 0 2 0 127 0 0 2 0 1 28 28 3 0 7 3 216 0 7 2 17 1 4 260 1 169 1 2 194 0 0 2 48 0 0 11 15 10 0 11 15 2 17 0 0 9 8 0 7 2 0 2 0 0 9 8 0 7 2 0 2 0 0 9 8 0 7 2 0 2 0 164 1 0 9 8 0 7 2 0 2 0 276 1 0 9 8 0 7 2 17 0 2 0 2 0 0 9 8 7 2 17 0 485 1 107 1 2 0 2 0 2 0 2 0 2 0 216 3 0 2 0 120 3 0 0 7 3 0 7 2 0 1 0 1 6 0 1 6 0 1 6 0 1 6 0 189 5 6 0 
73	1 4 1 4 1 4 1 4 1 4 1 4 100 1 2 26 0 2 26 0 2 26 0 2 26 0 2 26 0 40 75 1 2 0 0 1 4 1 92 0 3 0 7 2 0 630 631 0 7 2 0 630 631 24 1 4 1 92 0 3 312 0 7 2 0 0 199 1 119 1 12 1 4 1 4 3 0 7 2 0 68 0 2 0 1 31 68 0 1 4 360 1 0 1 4 1 131 1 0 0 2 0 2 1 0 2 51 0 0 11 123 2 33 80 0 10 130 1 0 40 199 1 2 0 630 631 24 2 0 2 51 0 62 63 5 27 1 16 0 8 2 80 0 0 9 8 2 70 0 0 9 8 2 34 0 0 9 8 2 34 0 0 9 8 2 17 0 0 9 8 2 70 0 9 62 63 5 27 1 76 1 16 0 8 2 80 0 0 0 9 8 2 70 0 0 0 9 8 2 34 0 0 0 9 8 2 34 0 0 0 9 8 2 17 0 0 0 9 8 2 70 0 0 9 248 5 63 5 16 0 8 6 94 8 6 213 8 6 8 6 8 6 632 2 486 487 2 1 
74	322 63 5 27 1 2 51 0 0 1 1 
75	1 4 1 40 75 1 62 63 5 27 1 159 1 4 1 2 0 164 1 0 2 0 0 2 402 0 62 63 5 27 1 76 1 159 1 4 1 2 0 164 1 0 2 0 0 2 0 0 2 402 0 248 5 63 5 6 1 159 3 202 7 20 21 1 4 83 84 7 1 4 1 85 5 4 1 0 1 4 1 0 3 0 7 2 51 0 0 7 2 51 0 0 1 0 1 
76	1 4 1 4 1 4 40 75 1 1 4 1 92 0 3 0 7 2 0 0 2 0 633 0 2 51 0 0 1 63 5 16 0 8 0 6 0 8 0 6 0 8 0 6 0 8 0 6 0 8 0 6 0 8 6 0 62 63 5 27 1 2 51 0 0 62 63 5 27 1 76 1 1 4 0 3 0 7 2 51 0 0 7 2 51 0 0 0 248 5 63 5 1 4 0 6 0 1 
77	1 4 480 2 634 1 480 1 2 634 0 1 3 0 7 10 1 2 0 0 635 1 6 0 62 63 5 27 1 2 165 51 0 151 0 62 63 5 27 1 76 1 2 165 51 0 151 0 0 5 6 165 323 0 324 27 1 2 51 0 0 324 27 1 76 1 2 51 0 0 0 5 6 165 323 0 162 27 1 2 51 0 0 162 27 1 76 1 2 51 0 0 0 5 6 165 323 0 74 27 1 2 51 0 0 74 27 1 76 1 2 51 0 0 0 5 6 165 323 0 161 27 1 2 51 0 0 161 27 1 76 1 2 51 0 0 0 5 6 165 323 0 147 27 1 2 51 0 0 147 27 1 76 1 2 51 0 0 0 
78	1 4 1 4 5 4 1 4 1 4 40 75 1 2 0 0 1 4 1 92 0 3 0 7 2 0 633 0 2 51 0 0 7 2 0 633 38 45 1 4 68 0 3 0 42 7 2 0 12 1 4 1 2 0 11 15 2 51 0 199 1 12 1 4 1 2 0 1 0 0 2 2 2 2 0 2 0 2 51 0 0 11 123 2 33 80 0 0 10 185 0 62 63 5 27 1 16 0 8 0 2 80 0 9 8 0 2 70 0 9 8 0 2 34 0 9 8 0 3 0 7 2 117 0 7 2 34 0 9 8 0 2 17 0 9 8 2 34 0 9 62 63 5 27 1 76 1 16 0 8 0 2 80 0 0 9 8 0 2 70 0 0 9 8 0 2 34 0 0 9 8 0 3 0 7 2 117 0 0 7 2 34 0 0 9 8 0 2 17 0 0 9 8 2 34 0 0 9 248 5 63 5 16 0 8 0 6 94 8 0 6 213 8 0 3 0 7 6 636 7 6 94 8 0 6 0 8 0 6 0 8 6 632 2 486 487 3 0 7 2 0 2 90 2 0 1 
79	322 63 5 27 1 2 51 0 0 1 1 
80	1 4 1 4 1 4 1 4 1 4 5 4 5 4 5 4 5 4 5 4 40 75 1 62 63 5 27 1 62 63 5 27 1 76 1 248 5 63 5 
81	1 4 403 1 2 0 0 40 75 1 2 48 0 62 63 5 27 1 2 404 0 0 62 63 5 27 1 76 1 2 404 0 0 2 404 0 0 248 5 63 5 6 1 
82	1 4 5 4 1 4 615 62 1 340 1 5 2 165 2 0 0 2 0 0 2 0 0 635 1 6 165 62 63 5 27 1 2 51 0 0 0 62 166 5 63 5 27 1 3 0 7 2 165 51 0 0 151 0 62 63 5 27 1 76 1 2 51 0 0 0 62 166 5 63 5 27 1 76 1 3 0 7 2 165 51 0 0 151 0 0 324 166 5 27 1 2 51 0 0 0 324 166 5 27 1 76 1 2 51 0 0 0 0 162 166 5 27 1 2 51 0 0 0 162 166 5 27 1 76 1 2 51 0 0 0 0 74 166 5 27 1 2 51 0 0 0 74 166 5 27 1 76 1 2 51 0 0 0 0 161 166 5 27 1 2 51 0 0 0 161 166 5 27 1 76 1 2 51 0 0 0 0 147 166 5 27 1 2 51 0 0 0 147 166 5 27 1 76 1 2 51 0 0 0 0 1 
83	1 119 1 1 4 33 1 4 92 0 3 0 7 3 0 1 7 12 2 1 0 6 1 0 11 15 2 17 0 0 3 0 1 7 2 70 12 1 4 403 1 1 0 2 48 0 6 0 11 15 2 17 0 0 7 2 80 38 45 1 4 109 1 1 4 92 0 3 0 1 7 2 0 1 0 3 0 1 7 2 66 0 20 21 1 4 83 84 7 1 4 1 85 3 0 42 7 2 34 0 12 2 0 187 0 3 0 1 7 2 1 0 2 34 0 6 1 0 3 0 1 7 2 70 1 4 403 1 1 0 2 48 0 6 0 7 2 17 0 11 2 34 0 0 11 15 2 70 0 0 1 4 1 2 48 0 2 34 6 0 62 1 119 1 1 4 0 1 4 165 3 0 1 7 1 4 1 0 2 0 2 634 0 
84	5 4 5 4 5 4 5 4 5 4 40 75 1 322 63 5 27 1 
85	40 75 1 62 63 5 27 1 62 63 5 27 1 76 1 248 5 63 5 6 1 
86	322 63 5 27 1 1 1 
87	322 63 5 27 1 2 51 0 0 1 2 403 1 0 1 1 
88	1 4 277 637 1 3 0 7 10 1 2 0 0 1 10 405 1 635 1 10 405 1 5 10 405 1 5 10 405 1 5 6 324 27 1 2 34 0 324 27 1 76 1 2 34 0 0 5 6 162 27 1 2 34 0 162 27 1 76 1 2 34 0 2 34 0 5 6 74 27 1 2 70 0 74 27 1 76 1 2 70 0 2 70 0 5 6 161 27 1 2 80 0 161 27 1 76 1 2 80 0 2 80 0 5 6 147 27 1 2 17 0 147 27 1 76 1 2 17 0 2 17 0 1 
89	1 4 1 4 1 4 40 75 1 2 0 0 1 4 1 92 3 0 7 2 0 406 0 2 404 0 6 1 4 68 0 12 2 0 2 404 0 11 15 2 102 0 1 2 0 406 38 45 2 2 0 2 0 1 1 0 2 2 2 0 322 63 5 27 1 16 0 8 0 2 80 0 9 8 0 2 70 0 9 8 0 2 34 0 9 8 0 2 17 0 9 8 2 34 0 9 632 2 486 487 3 0 7 2 0 2 90 2 0 1 
90	1 4 1 4 5 4 0 5 4 0 40 75 1 1 4 1 92 0 3 0 7 2 0 1 4 1 92 0 3 0 7 2 0 5 63 1 3 228 7 6 0 3 228 7 6 0 3 228 7 6 0 3 228 7 6 0 7 6 0 1 63 5 16 0 8 6 0 8 6 0 8 6 0 8 6 0 8 6 0 8 6 0 62 63 5 27 1 2 51 0 0 62 63 5 27 1 76 1 3 323 0 7 6 1 4 0 3 0 0 7 2 190 0 2 102 0 3 0 7 2 102 103 2 158 7 2 190 0 2 102 0 3 0 7 2 102 103 2 158 0 63 5 2 0 0 5 6 0 63 5 2 0 0 5 6 0 248 5 63 5 6 0 0 1 
91	360 1 2 0 1 5 1 6 24 1 1 
92	5 320 5 319 5 5 5 5 5 5 5 1 5 386 5 
93	638 1 1 1 4 1 1 1 4 5 4 638 2 0 263 1 1 1 2 0 263 1 1 1 2 0 2 0 5 6 0 2 639 2 639 2 0 2 0 1 6 1 481 142 1 2 463 0 2 0 1 3 0 0 7 2 0 1 238 6 1 238 1 6 1 5 6 0 0 142 1 36 0 0 7 2 77 2 0 1 238 142 1 2 463 164 1 0 2 0 0 2 142 1 5 2 0 1 238 36 0 7 1 4 77 2 0 2 0 0 2 2 0 2 0 142 1 5 3 0 7 5 4 2 0 1 238 36 0 7 1 4 77 2 0 2 0 0 2 2 0 2 0 7 2 0 1 238 2 0 
94	99 5 4 99 640 1 641 5 642 1 2 2 0 2 0 0 2 0 0 2 0 0 99 2 2 0 99 27 1 2 0 2 0 5 4 1 4 5 4 1 4 381 1 3 0 7 6 103 1 4 5 4 20 21 5 4 0 0 0 7 3 0 0 0 0 7 2 0 0 0 0 20 21 5 4 0 0 0 0 0 7 2 0 0 0 0 0 3 0 0 0 0 0 7 2 0 2 0 0 1 4 1 4 0 20 21 5 4 0 0 0 7 3 0 2 0 3 0 7 2 0 0 9 2 0 626 0 2 0 0 2 0 0 0 2 0 0 3 0 7 2 0 0 7 2 0 0 2 0 0 6 0 1 4 92 1 643 1 1 4 32 1 5 4 20 21 5 4 0 42 0 7 16 104 0 8 89 8 2 13 89 8 2 13 89 8 2 13 89 8 2 13 89 8 2 13 89 8 2 13 89 8 2 13 89 8 2 13 89 8 3 0 104 0 0 7 1 4 24 0 2 13 43 42 42 7 2 13 0 89 6 24 1 
95	399 1 4 638 1 1 4 212 1 1 4 1 4 1 4 399 75 1 2 278 1 644 1 384 2 0 278 1 644 1 384 2 0 0 150 1 173 1 82 1 1 4 2 0 0 12 2 2 279 0 2 279 0 2 0 431 11 2 33 17 0 0 10 0 11 2 33 17 0 0 10 325 1 0 0 0 0 11 10 99 1 24 11 15 2 33 17 0 0 2 0 6 0 1 2 0 0 1 1 6 1 31 0 5 1 6 181 0 1 1 5 4 170 1 4 43 0 5 4 3 645 43 7 2 0 3 184 43 0 7 2 0 7 3 43 56 43 56 43 56 43 56 43 56 43 56 7 2 0 3 0 6 43 0 0 6 0 292 1 1 4 488 1 0 5 4 2 59 0 12 36 7 16 0 41 0 8 9 8 2 0 0 9 2 407 2 23 2 55 0 2 0 7 3 6 0 11 152 3 0 7 2 78 0 2 0 7 2 77 3 0 1 7 7 3 10 1 0 3 0 1 7 7 3 10 1 0 7 3 10 1 0 3 0 7 2 55 0 10 298 1 16 0 41 0 8 2 9 8 2 9 8 2 0 0 3 7 2 280 7 16 0 41 0 8 2 9 8 2 9 8 2 9 8 2 9 8 2 9 8 2 9 8 2 0 0 2 23 10 99 1 1 4 489 1 0 5 4 2 59 0 12 1 4 2 0 23 0 2 55 0 2 0 2 0 0 3 0 7 2 55 0 433 1 4 490 1 0 5 4 2 59 0 12 1 4 5 4 5 4 36 7 2 0 23 0 2 0 3 7 7 9 2 55 0 2 0 16 0 8 2 0 9 3 645 43 2 0 3 184 43 0 2 0 2 0 20 21 5 4 0 0 0 2 0 0 3 0 7 2 55 0 1 4 491 1 0 5 4 2 59 0 12 16 0 41 0 8 2 23 0 16 0 41 0 8 2 23 0 9 8 2 0 0 9 8 2 23 0 9 8 2 23 0 9 8 2 0 0 2 23 10 99 1 3 0 7 2 55 0 1 4 492 1 0 5 4 2 59 0 12 2 23 0 3 0 7 2 55 0 1 4 493 1 0 5 4 2 59 0 12 2 23 0 3 0 7 2 55 0 1 4 494 1 0 5 4 2 59 0 12 2 23 0 3 0 7 2 55 0 1 4 495 1 0 5 4 2 59 0 12 2 23 0 3 0 7 2 55 0 1 4 496 1 0 5 4 2 59 0 12 2 23 0 3 0 7 2 55 0 5 16 0 41 0 8 2 280 7 3 6 0 9 8 2 7 3 6 0 9 8 2 646 7 3 6 0 9 8 2 408 7 3 6 0 9 8 2 0 0 3 7 2 647 7 3 6 0 7 16 0 41 0 8 2 648 7 3 6 0 9 8 2 649 7 3 6 0 9 8 2 650 7 3 6 0 9 8 2 651 7 3 6 0 9 8 2 652 7 3 6 0 9 8 2 0 0 2 23 10 99 1 10 298 1 1 1 4 497 1 0 5 4 2 59 0 1 4 5 4 5 4 1 4 5 4 5 4 5 4 12 16 0 41 0 8 2 0 23 0 9 8 2 0 23 0 9 8 2 0 0 2 23 10 99 1 1 4 3 0 0 7 2 0 43 42 7 2 0 43 2 0 1 31 0 3 56 7 2 0 2 0 3 0 7 2 0 184 0 0 3 0 7 2 112 2 0 7 3 6 0 2 0 0 7 2 0 216 2 121 0 2 0 16 0 41 0 8 2 23 0 9 8 2 0 0 2 23 0 36 7 3 7 7 9 16 0 41 0 8 2 23 0 9 8 2 0 0 16 0 41 0 8 2 23 0 16 0 41 0 8 2 23 0 9 8 2 0 0 9 8 2 0 0 2 0 3 0 0 7 3 0 0 7 3 56 56 0 7 7 7 3 10 321 1 0 0 0 0 0 7 3 0 0 7 7 3 10 321 1 0 0 2 0 16 0 41 0 8 2 23 0 9 8 2 0 0 2 23 0 3 0 0 7 7 3 6 0 1 4 281 1 0 5 4 2 59 0 12 36 7 2 407 16 0 41 0 8 9 8 2 0 0 9 11 176 3 0 7 2 78 0 2 0 7 2 77 3 0 1 7 7 3 10 1 0 3 0 1 7 7 3 10 1 0 7 3 10 1 0 3 0 7 2 55 0 2 23 0 2 55 0 2 0 3 0 7 2 0 0 0 0 7 3 6 0 11 152 3 0 7 2 78 0 2 0 7 2 77 3 0 1 7 7 3 10 1 0 3 0 1 7 7 3 10 1 0 7 3 10 1 0 3 0 7 2 55 0 10 298 1 1 4 498 1 0 5 4 2 59 0 12 2 23 0 3 7 2 249 2 23 0 2 249 36 7 16 0 41 0 8 9 8 2 0 0 9 2 23 0 2 249 2 23 0 2 249 7 16 0 41 0 8 2 23 0 9 8 2 0 0 2 23 0 11 152 3 0 7 2 78 0 2 0 7 2 77 3 0 1 7 7 3 10 1 0 3 0 1 7 7 3 10 1 0 7 3 10 1 0 3 0 7 2 55 0 1 4 499 1 0 5 4 2 59 0 12 2 23 0 16 0 41 0 8 2 249 36 7 16 0 41 0 8 9 8 2 0 0 9 2 23 0 2 249 9 8 2 0 0 2 23 0 11 152 3 0 7 2 78 0 2 0 7 2 77 3 0 1 7 7 3 10 1 0 3 0 1 7 7 3 10 1 0 7 3 10 1 0 3 0 7 2 55 0 1 4 500 1 0 5 4 2 59 0 12 2 23 0 16 0 41 0 8 2 23 0 9 8 2 0 0 16 0 41 0 8 2 280 9 8 2 408 9 8 2 0 0 2 23 10 99 1 16 0 41 0 8 2 23 0 9 8 2 0 0 2 23 0 16 0 41 0 8 2 23 0 9 8 2 0 0 16 0 41 0 8 2 280 9 8 2 408 9 8 2 0 0 2 23 10 99 1 16 0 41 0 8 2 23 0 9 8 2 0 0 2 23 0 11 152 3 0 7 2 78 0 2 0 7 2 77 3 0 1 7 7 3 10 1 0 3 0 1 7 7 3 10 1 0 7 3 10 1 0 3 0 7 2 55 0 16 0 41 0 8 2 23 0 9 8 2 0 0 16 0 41 0 8 2 646 9 8 2 408 9 8 2 0 0 3 7 2 647 7 16 0 41 0 8 2 649 9 8 2 650 9 8 2 651 9 8 2 652 9 8 2 280 9 8 2 648 9 8 2 0 0 2 23 10 99 1 16 0 41 0 8 2 23 0 9 8 2 0 0 1 4 501 1 0 5 4 2 59 0 12 2 653 2 23 0 16 0 41 0 8 2 249 36 7 16 0 41 0 8 9 8 2 0 0 9 2 23 0 2 249 9 8 2 0 0 2 23 0 11 152 3 0 7 2 78 0 2 0 7 2 77 3 0 1 7 7 3 10 1 0 3 0 1 7 7 3 10 1 0 7 3 10 1 0 3 0 7 2 55 0 1 4 502 1 0 5 4 2 59 0 12 16 0 41 0 8 2 23 0 36 7 3 7 7 9 2 23 0 3 7 2 7 16 0 41 0 8 2 653 9 8 2 0 0 2 23 10 99 1 9 8 2 23 0 2 23 0 36 7 3 7 7 9 2 23 0 3 7 2 7 16 0 41 0 8 2 653 9 8 2 0 0 2 23 10 99 1 2 23 0 9 8 2 0 0 2 23 10 99 1 11 152 3 0 7 2 78 0 2 0 7 2 77 3 0 1 7 7 3 10 1 0 3 0 1 7 7 3 10 1 0 7 3 10 1 0 3 0 7 2 55 0 1 4 503 1 0 5 4 2 59 0 12 2 23 0 3 0 7 2 55 0 1 4 504 1 0 5 4 2 59 0 12 2 23 0 3 0 7 2 55 0 1 4 505 1 0 5 4 2 59 0 12 16 0 41 0 8 2 23 0 9 8 2 23 0 9 8 2 23 0 9 8 2 23 0 9 8 2 23 0 9 8 2 23 0 9 8 2 23 0 9 8 2 23 0 9 8 2 23 0 9 8 2 23 0 9 8 2 0 0 2 23 10 99 1 3 0 7 2 55 0 3 1 4 506 1 0 5 4 2 59 0 12 2 23 0 16 0 41 0 8 2 23 0 9 8 2 0 0 2 23 0 2 409 2 23 0 1 4 281 1 0 5 4 2 59 0 12 36 7 16 0 41 0 8 9 8 2 0 0 9 2 407 11 176 3 0 7 2 78 0 2 0 7 2 77 3 0 1 7 7 3 10 1 0 3 0 1 7 7 3 10 1 0 7 3 10 1 0 3 0 7 2 55 0 16 0 41 0 8 36 7 2 16 0 41 0 8 9 8 2 0 0 9 9 8 2 0 0 16 0 41 0 8 2 9 8 2 0 0 2 23 0 11 152 3 0 7 2 78 0 2 0 7 2 77 3 0 1 7 7 3 10 1 0 3 0 1 7 7 3 10 1 0 7 3 10 1 0 3 0 7 2 55 0 1 4 507 1 0 5 4 2 59 0 12 2 23 0 1 4 281 1 0 5 4 2 59 0 12 36 7 16 0 41 0 8 9 8 2 0 0 9 2 407 11 176 3 0 7 2 78 0 2 0 7 2 77 3 0 1 7 7 3 10 1 0 3 0 1 7 7 3 10 1 0 7 3 10 1 0 3 0 7 2 55 0 11 152 3 0 7 2 78 0 2 0 7 2 77 3 0 1 7 7 3 10 1 0 3 0 1 7 7 3 10 1 0 7 3 10 1 0 3 0 7 2 55 0 1 4 508 1 0 5 4 2 59 0 12 2 23 0 16 0 41 0 8 2 23 0 9 8 2 0 0 2 23 0 2 409 2 23 0 1 4 281 1 0 5 4 2 59 0 12 36 7 16 0 41 0 8 9 8 2 0 0 9 2 407 11 176 3 0 7 2 78 0 2 0 7 2 77 3 0 1 7 7 3 10 1 0 3 0 1 7 7 3 10 1 0 7 3 10 1 0 3 0 7 2 55 0 11 152 3 0 7 2 78 0 2 0 7 2 77 3 0 1 7 7 3 10 1 0 3 0 1 7 7 3 10 1 0 7 3 10 1 0 3 0 7 2 55 0 1 4 509 1 0 5 4 2 59 0 12 2 23 0 16 0 41 0 8 2 23 0 9 8 2 0 0 2 280 16 0 41 0 8 2 23 0 9 8 2 0 0 2 23 0 2 409 2 23 0 2 0 16 0 41 0 8 2 23 0 9 8 2 0 0 11 152 3 0 7 2 78 0 2 0 7 2 77 3 0 1 7 7 3 10 1 0 3 0 1 7 7 3 10 1 0 7 3 10 1 0 3 0 7 2 55 0 1 4 510 1 0 5 4 2 59 0 12 2 23 0 3 0 7 2 55 0 1 4 511 1 0 5 4 2 59 0 12 2 11 152 3 0 7 2 78 0 2 0 7 2 77 3 0 1 7 7 3 10 1 0 3 0 1 7 7 3 10 1 0 7 3 10 1 0 3 0 7 2 55 0 1 4 512 1 0 5 4 2 59 0 12 2 2 23 0 2 409 11 152 3 0 7 2 78 0 2 0 7 2 77 3 0 1 7 7 3 10 1 0 3 0 1 7 7 3 10 1 0 7 3 10 1 0 3 0 7 2 55 0 2 36 7 16 0 41 0 8 9 8 2 0 0 9 2 23 0 1 4 513 1 0 5 4 2 59 0 12 2 11 176 3 0 7 2 78 0 2 0 7 2 77 3 0 1 7 7 3 10 1 0 3 0 1 7 7 3 10 1 0 7 3 10 1 0 3 0 7 2 55 0 2 36 7 16 0 41 0 8 9 8 2 0 0 9 2 23 0 1 4 514 1 0 5 4 2 59 0 12 2 11 176 3 0 7 2 78 0 2 0 7 2 77 3 0 1 7 7 3 10 1 0 3 0 1 7 7 3 10 1 0 7 3 10 1 0 3 0 7 2 55 0 2 654 36 7 16 0 41 0 8 9 8 2 0 0 9 16 0 41 0 8 2 23 0 1 4 515 1 0 5 4 2 59 0 12 2 654 11 176 3 0 7 2 78 0 2 0 7 2 77 3 0 1 7 7 3 10 1 0 3 0 1 7 7 3 10 1 0 7 3 10 1 0 3 0 7 2 55 0 9 8 2 23 0 1 4 516 1 0 5 4 2 59 0 12 2 654 11 517 3 0 7 2 78 0 2 0 7 2 77 3 0 1 7 7 3 10 1 0 3 0 1 7 7 3 10 1 0 7 3 10 1 0 3 0 7 2 55 0 9 8 2 0 0 2 23 10 99 1 2 410 36 7 16 0 41 0 8 9 8 2 0 0 9 16 0 41 0 8 2 23 0 1 4 518 1 0 5 4 2 59 0 12 2 410 11 176 3 0 7 2 78 0 2 0 7 2 77 3 0 1 7 7 3 10 1 0 3 0 1 7 7 3 10 1 0 7 3 10 1 0 3 0 7 2 55 0 9 8 2 23 0 1 4 519 1 0 5 4 2 59 0 12 2 410 11 517 3 0 7 2 78 0 2 0 7 2 77 3 0 1 7 7 3 10 1 0 3 0 1 7 7 3 10 1 0 7 3 10 1 0 3 0 7 2 55 0 9 8 2 23 0 1 4 520 1 0 5 4 2 59 0 12 2 410 11 3 0 7 2 78 0 2 0 7 2 77 3 0 1 7 7 3 10 1 0 3 0 1 7 7 3 10 1 0 7 3 10 1 0 3 0 7 2 55 0 9 8 2 23 0 1 4 521 1 0 5 4 2 59 0 12 2 410 11 3 0 7 2 78 0 2 0 7 2 77 3 0 1 7 7 3 10 1 0 3 0 1 7 7 3 10 1 0 7 3 10 1 0 3 0 7 2 55 0 9 8 2 0 0 2 23 10 99 1 2 655 36 7 16 0 41 0 8 9 8 2 0 0 9 16 0 41 0 8 2 23 0 1 4 522 1 0 5 4 2 59 0 12 2 655 11 176 3 0 7 2 78 0 2 0 7 2 77 3 0 1 7 7 3 10 1 0 3 0 1 7 7 3 10 1 0 7 3 10 1 0 3 0 7 2 55 0 9 8 2 23 0 1 4 523 1 0 5 4 2 59 0 12 2 655 11 517 3 0 7 2 78 0 2 0 7 2 77 3 0 1 7 7 3 10 1 0 3 0 1 7 7 3 10 1 0 7 3 10 1 0 3 0 7 2 55 0 9 8 2 0 0 2 23 10 99 1 2 411 36 7 16 0 41 0 8 9 8 2 0 0 9 16 0 41 0 8 2 23 0 1 4 524 1 0 5 4 2 59 0 12 2 411 11 176 3 0 7 2 78 0 2 0 7 2 77 3 0 1 7 7 3 10 1 0 3 0 1 7 7 3 10 1 0 7 3 10 1 0 3 0 7 2 55 0 9 8 2 23 0 1 4 525 1 0 5 4 2 59 0 12 2 411 11 517 3 0 7 2 78 0 2 0 7 2 77 3 0 1 7 7 3 10 1 0 3 0 1 7 7 3 10 1 0 7 3 10 1 0 3 0 7 2 55 0 9 8 2 23 0 1 4 526 1 0 5 4 2 59 0 12 2 411 11 3 0 7 2 78 0 2 0 7 2 77 3 0 1 7 7 3 10 1 0 3 0 1 7 7 3 10 1 0 7 3 10 1 0 3 0 7 2 55 0 9 8 2 0 0 2 23 10 99 1 3 7 16 0 41 0 8 2 23 0 9 8 2 0 0 2 23 0 1 4 527 1 0 5 4 2 59 0 12 2 411 11 176 3 0 7 2 78 0 2 0 7 2 77 3 0 1 7 7 3 10 1 0 3 0 1 7 7 3 10 1 0 7 3 10 1 0 3 0 7 2 55 0 7 16 0 41 0 8 2 9 8 2 0 0 2 23 10 99 1 16 0 41 0 8 2 23 0 9 8 2 0 0 16 0 41 0 8 2 646 9 8 2 280 9 8 2 408 9 8 2 0 0 3 7 2 647 7 16 0 41 0 8 2 648 9 8 2 649 9 8 2 650 9 8 2 651 9 8 2 652 9 8 2 23 0 2 409 2 23 0 9 8 2 0 0 2 23 10 99 1 16 0 41 0 8 2 23 0 9 8 2 0 0 5 153 5 2 0 0 2 0 0 0 12 6 11 154 6 2 167 0 5 153 5 2 0 0 2 0 0 0 12 6 11 154 6 2 167 0 5 153 5 2 0 0 2 0 0 0 12 6 11 154 6 2 167 0 5 153 5 2 0 0 2 0 0 0 12 6 11 154 6 2 167 0 5 153 5 2 0 0 2 0 0 0 12 6 656 11 154 6 2 167 0 5 153 5 2 0 0 2 0 0 0 12 6 11 154 6 2 167 0 5 153 5 2 0 0 2 0 0 0 12 6 657 11 154 6 2 167 0 5 153 5 2 0 0 2 0 0 0 12 6 658 11 154 6 2 167 0 5 153 5 2 0 0 2 0 0 0 12 6 659 11 154 6 2 167 0 5 153 5 2 0 0 2 0 0 0 12 6 660 11 154 6 2 167 0 5 153 5 2 0 0 2 0 0 0 12 6 661 11 154 6 2 167 0 5 153 5 2 0 0 2 0 0 0 12 6 11 154 6 2 167 0 5 3 49 0 6 3 250 6 6 5 3 6 6 5 3 218 6 6 5 3 49 0 6 6 5 3 49 0 6 6 5 3 49 0 6 1 4 2 0 0 3 660 7 2 0 0 3 6 6 5 3 250 6 1 4 36 7 2 0 0 3 7 2 0 0 9 6 5 3 49 0 6 1 4 2 0 0 3 658 7 2 0 0 3 6 6 5 3 49 0 6 6 5 3 49 0 6 3 49 0 6 1 4 36 7 2 0 0 3 659 7 2 0 0 9 3 49 0 6 6 5 3 49 0 6 1 4 2 0 0 3 49 2 0 0 2 0 0 3 7 2 0 0 3 6 2 0 0 3 49 2 0 0 3 49 0 6 6 5 3 49 0 6 1 4 36 7 2 0 0 3 657 7 2 0 0 9 6 5 3 49 0 6 6 5 3 662 6 6 5 3 663 6 6 5 1 4 2 0 0 3 7 2 0 0 3 6 6 5 3 664 6 6 5 3 665 6 6 5 3 666 6 6 5 3 667 6 6 5 3 251 6 6 5 3 218 6 6 5 3 49 0 6 1 4 2 0 0 3 49 2 0 0 2 0 0 3 7 2 0 0 3 6 2 0 0 3 49 2 0 0 3 49 0 6 6 5 3 668 6 3 49 0 6 1 4 2 0 0 3 2 0 0 3 49 0 6 6 5 3 669 6 6 5 1 4 2 0 0 3 49 2 0 0 2 0 0 3 7 2 0 0 3 7 2 0 0 3 7 2 0 0 3 7 2 0 0 3 7 2 0 0 3 7 2 0 0 3 7 2 0 0 3 7 2 0 0 3 7 2 0 0 3 6 6 5 3 666 6 6 5 3 218 6 6 5 3 662 6 6 5 3 49 0 6 3 250 6 3 49 0 6 3 250 6 6 5 3 663 6 6 5 1 4 2 0 0 3 661 7 2 0 0 3 6 6 5 1 4 2 0 0 3 49 2 0 0 3 49 0 6 3 6 6 5 3 6 6 5 3 664 6 6 5 3 665 6 6 5 3 667 6 6 5 3 251 6 6 5 3 669 6 6 5 3 251 6 6 5 3 251 6 6 5 3 251 6 6 5 3 49 0 6 3 250 6 6 5 1 4 2 0 0 3 49 2 0 0 2 0 0 3 7 2 0 0 3 7 2 0 0 3 7 2 0 0 3 7 2 0 0 3 7 2 0 0 3 7 2 0 0 3 7 2 0 0 3 7 2 0 0 3 6 2 0 0 3 49 2 0 0 6 5 3 218 6 6 5 3 218 6 6 5 3 218 6 6 5 3 218 6 6 5 3 250 6 1 4 36 7 2 0 0 3 7 2 0 0 9 6 5 3 49 0 6 1 4 2 0 0 3 49 2 0 0 2 0 0 3 7 2 0 0 3 6 2 0 0 3 49 2 0 0 3 49 0 6 2 0 0 3 49 2 0 0 2 0 0 3 7 2 0 0 3 6 2 0 0 3 49 2 0 0 3 49 0 6 6 5 3 49 0 6 1 4 2 0 0 3 2 0 0 3 49 0 6 6 5 3 662 6 6 5 1 4 2 0 0 3 49 2 0 0 6 5 3 250 6 3 49 0 6 3 250 6 1 4 36 7 2 0 0 3 7 2 0 0 9 6 5 3 663 6 6 5 3 49 0 6 1 4 2 0 0 3 656 7 2 0 0 3 6 3 49 0 6 6 5 3 49 0 6 1 4 2 0 0 3 49 2 0 0 2 0 0 3 7 2 0 0 3 6 2 0 0 3 49 2 0 0 3 49 0 6 6 5 3 664 6 6 5 3 665 6 6 5 3 666 6 6 5 3 667 6 6 5 3 251 6 6 5 3 669 6 6 5 3 49 0 6 1 4 2 0 0 3 49 2 0 0 6 5 3 6 6 5 3 218 6 6 5 1 4 2 0 0 3 7 2 0 0 3 7 2 0 0 3 7 2 0 0 3 7 2 0 0 3 7 2 0 0 3 7 2 0 0 3 7 2 0 0 3 7 2 0 0 3 7 2 0 0 3 6 6 5 3 49 0 6 6 5 3 49 0 6 6 5 1 4 2 0 0 3 49 2 0 0 2 0 0 3 2 0 0 3 6 6 5 3 49 0 6 6 5 3 668 6 6 5 3 49 0 6 6 5 3 668 6 6 5 3 49 0 6 6 5 3 251 6 6 5 3 218 6 6 5 3 251 6 6 5 3 6 6 1 4 1 4 4 5 4 1 4 4 5 4 5 4 5 4 5 4 5 4 5 5 4 5 4 5 4 2 2 2 2 0 5 2 0 5 2 0 5 1 4 1 5 4 5 4 399 326 1 2 0 528 1 0 2 0 327 1 2 0 2 0 20 21 5 4 0 0 2 0 0 20 21 5 4 0 0 0 2 0 0 328 1 252 326 1 2 279 0 2 0 327 1 2 0 2 609 2 0 20 21 5 4 0 0 2 0 0 20 21 5 4 0 0 0 2 0 0 328 1 399 1 2 0 0 2 0 327 1 2 0 2 0 20 21 5 4 0 0 2 0 0 20 21 5 4 0 0 0 2 0 0 328 1 252 1 2 0 0 2 0 327 1 2 0 2 609 2 0 20 21 5 4 0 0 2 0 0 20 21 5 4 0 0 0 2 0 0 328 1 1 155 5 1 4 3 0 0 2 0 0 2 0 0 412 2 0 3 0 0 7 2 0 3 0 7 2 0 20 21 5 4 0 0 0 7 1 4 0 0 36 0 7 3 0 0 2 0 2 0 0 6 0 2 0 0 2 0 0 10 1 1 1 1 4 1 5 155 5 3 0 0 7 2 0 3 0 7 2 0 0 0 412 7 2 0 0 0 7 2 0 0 3 0 7 5 4 1 4 0 36 0 0 0 7 2 0 2 0 0 3 0 2 0 0 3 0 0 6 3 0 0 0 10 0 6 1 3 0 2 0 0 2 0 0 412 2 0 2 0 6 0 1 230 5 1 4 0 0 0 20 21 5 4 0 0 0 7 3 0 2 0 0 2 0 0 412 6 0 5 3 0 0 6 0 0 412 6 0 0 1 1 1 4 263 1 1 1 5 4 5 4 5 4 5 5 4 155 5 81 5 3 0 6 3 0 0 7 2 0 0 0 3 0 7 2 0 5 0 20 21 5 4 0 0 0 7 2 0 0 0 0 5 4 20 21 1 1 1 4 317 7 5 4 5 246 3 0 0 7 2 0 20 21 5 4 0 0 0 7 3 0 0 0 0 7 2 0 9 3 0 9 3 0 2 402 0 3 0 2 0 0 0 0 1 2 639 5 4 5 20 21 5 4 0 0 7 2 0 0 3 0 7 2 0 0 2 0 20 21 5 4 0 0 7 3 0 0 0 7 20 21 5 4 0 0 7 3 0 0 0 7 2 0 0 3 0 0 0 7 2 0 0 3 0 0 0 7 2 0 0 20 21 5 4 0 0 7 3 0 0 7 2 0 5 2 0 0 2 402 0 2 0 2 2 5 4 5 106 20 21 5 4 0 106 0 7 2 0 0 5 481 0 6 99 1 0 0 0 2 0 20 21 5 4 0 0 7 12 1 4 0 0 79 0 7 3 0 0 7 2 0 0 2 0 0 0 16 0 8 2 9 8 2 9 8 2 9 8 2 9 8 2 656 9 8 2 9 8 2 657 9 8 2 658 9 8 2 659 9 8 2 660 9 8 2 661 9 8 2 9 2 0 0 11 154 2 0 230 5 153 5 1 4 0 0 36 0 0 7 3 0 7 2 0 0 328 1 9 2 0 0 2 0 0 0 0 2 0 0 2 0 0 328 5 4 1 4 5 4 1 4 1 1 
96	5 4 5 4 5 4 5 4 5 4 5 4 5 4 5 4 5 4 5 4 5 4 5 4 5 4 5 4 5 4 5 4 5 4 5 4 5 4 5 4 5 4 5 4 5 4 5 4 5 4 5 4 5 4 5 4 5 4 5 4 5 4 5 4 5 4 5 4 5 4 5 4 5 4 5 4 5 4 5 4 5 4 5 4 5 4 5 4 5 4 5 4 5 4 5 4 5 4 5 4 5 4 5 4 5 4 5 4 5 4 5 4 5 4 5 4 5 4 5 4 5 4 5 4 5 4 5 4 5 4 5 4 5 4 5 4 5 4 5 4 5 4 5 4 5 4 5 4 1 4 
97	528 5 4 5 4 5 4 1 4 1 5 4 5 4 5 4 5 4 5 4 5 1 4 12 2 0 1 238 11 15 2 0 2 121 0 6 3 0 2 102 106 1 31 1 31 2 0 1 31 2 0 1 31 2 121 1 31 6 5 3 0 2 102 106 0 1 4 212 1 2 26 164 1 0 2 26 164 1 0 2 26 164 1 0 2 0 2 463 0 6 2 205 2 0 2 0 2 0 2 0 2 0 2 0 6 5 4 3 0 2 0 36 0 7 3 0 7 3 0 0 7 2 112 7 2 0 2 0 7 3 112 9 1 1 1 4 0 1 1 1 2 0 0 5 81 5 69 5 16 0 8 3 0 6 3 0 7 2 0 6 3 0 6 3 0 6 3 0 6 3 0 6 6 8 3 0 7 2 0 2 0 6 3 0 6 6 8 3 0 7 2 0 2 0 6 6 8 3 0 6 3 0 7 2 0 2 0 6 6 8 6 5 81 5 69 5 6 670 413 0 0 0 5 81 5 155 5 2 0 0 2 0 0 6 0 5 81 5 155 5 177 5 2 0 0 2 0 0 12 2 0 61 11 15 6 0 6 670 0 0 5 16 0 8 2 0 6 529 8 6 73 8 6 73 8 6 73 8 6 73 8 6 73 8 6 329 8 6 529 8 6 73 8 6 73 8 6 329 8 6 73 8 6 73 8 6 529 8 6 529 8 6 329 8 6 73 8 6 670 5 69 5 12 2 0 61 11 15 2 413 0 6 16 0 8 3 0 6 73 9 8 3 0 6 329 9 8 3 0 6 73 9 8 6 0 8 6 0 8 9 6 282 0 5 168 5 69 5 3 0 0 6 282 0 12 2 0 61 11 15 2 413 0 6 16 0 8 6 0 8 6 0 8 9 6 282 0 5 168 5 69 5 3 0 0 6 282 0 12 2 0 61 11 15 2 413 0 6 16 0 8 3 0 6 329 9 8 6 0 8 9 6 282 0 5 168 5 69 5 3 0 0 6 282 0 12 2 0 61 11 15 2 413 0 6 16 0 8 3 0 6 329 9 8 9 6 282 0 177 5 3 0 0 0 7 2 0 0 0 2 0 0 0 671 5 5 79 0 0 7 2 0 0 0 0 5 5 2 50 0 2 50 0 671 5 5 79 0 0 7 2 50 0 0 671 5 2 50 0 0 2 50 0 0 5 4 5 4 5 219 5 220 5 5 4 5 4 2 0 5 4 2 0 0 5 4 4 20 21 7 3 0 2 191 3 0 7 5 4 0 79 0 0 7 16 0 0 8 3 0 7 3 0 2 0 2 37 3 0 7 3 0 2 0 2 50 3 0 2 37 3 0 7 3 0 2 0 2 30 3 0 2 50 3 0 7 3 0 2 0 3 0 2 0 0 3 0 2 0 0 3 0 2 0 0 3 0 2 0 0 3 0 2 37 3 0 2 37 3 0 2 0 0 3 0 7 3 0 2 0 2 37 3 0 7 3 0 2 0 3 0 2 0 0 3 0 7 3 0 2 0 3 0 7 3 0 2 0 3 0 2 0 0 9 8 3 0 2 30 3 0 2 50 3 0 2 30 3 0 7 3 0 2 0 2 30 9 8 3 0 2 37 9 8 3 0 0 2 0 9 8 3 0 0 2 0 9 8 3 0 2 0 0 9 8 3 0 2 0 0 9 8 3 0 0 2 0 9 8 3 0 2 0 0 9 8 3 0 2 0 0 9 8 3 0 9 3 0 2 0 2 50 9 8 3 0 2 37 9 8 3 0 2 37 9 8 3 0 0 2 0 9 8 3 0 2 37 9 8 3 0 2 37 9 8 3 0 2 37 9 8 3 0 2 0 0 9 8 3 0 2 50 9 8 3 0 2 53 9 8 3 0 2 37 9 8 3 0 2 37 9 8 3 0 2 37 9 8 3 0 2 53 9 8 3 0 2 37 9 8 3 0 0 2 0 9 8 3 0 0 2 0 9 8 3 0 0 2 0 9 8 3 0 2 0 0 9 8 3 0 0 2 0 9 8 3 0 2 0 0 9 8 3 0 0 2 0 9 8 3 0 0 2 0 9 8 3 0 2 0 0 9 8 3 0 0 2 0 9 8 3 0 0 2 0 9 8 3 0 2 0 0 9 8 3 0 0 2 0 9 8 3 0 2 0 0 9 8 3 0 0 2 0 9 8 3 0 2 0 0 9 8 3 0 0 2 0 9 8 3 0 2 50 9 8 3 0 9 3 0 2 0 2 30 9 8 3 0 2 50 9 8 3 0 9 3 0 2 0 2 50 9 8 3 0 9 3 0 2 0 2 0 0 9 8 3 0 2 53 9 8 3 0 0 2 0 9 8 3 0 2 30 9 8 3 0 0 2 0 9 8 3 0 9 3 0 2 0 2 30 9 8 3 0 2 37 9 8 3 0 9 3 0 2 0 2 30 9 8 3 0 0 2 0 9 8 3 0 2 0 0 9 8 3 0 2 30 9 8 3 0 9 3 0 2 0 2 30 9 8 3 0 9 3 0 2 0 2 30 9 8 3 0 2 50 9 8 3 0 9 3 0 2 0 2 50 9 8 3 0 2 30 9 8 3 0 2 50 9 8 3 0 9 3 0 2 0 2 50 9 8 3 0 9 3 0 2 0 2 37 9 8 9 3 0 7 5 4 0 79 0 0 7 16 0 0 8 3 0 7 3 0 2 0 2 50 3 0 2 37 3 0 2 0 0 3 0 2 0 0 3 0 2 53 3 0 2 53 3 0 2 53 3 0 2 0 0 3 0 2 0 0 3 0 2 0 0 9 8 3 0 2 0 9 8 3 0 2 37 9 8 3 0 2 53 9 8 3 0 2 37 9 8 2 53 9 8 3 0 2 53 9 8 3 0 0 2 0 9 8 3 0 2 0 0 9 8 3 0 2 0 0 9 8 3 0 0 2 0 9 8 3 0 2 0 0 9 8 3 0 0 2 0 9 8 3 0 2 0 0 9 8 3 0 0 2 0 9 8 3 0 2 0 0 9 8 3 0 2 53 9 8 3 0 9 3 0 2 0 2 50 9 8 3 0 2 0 0 9 8 3 0 2 30 9 8 3 0 0 2 0 9 8 3 0 2 37 9 8 3 0 2 30 9 8 3 0 2 30 9 8 3 0 2 53 9 8 3 0 2 53 9 8 3 0 0 2 0 9 8 3 0 0 2 0 9 8 3 0 2 53 9 8 3 0 0 2 0 9 8 3 0 0 2 0 9 8 3 0 2 53 9 8 3 0 0 2 0 9 8 3 0 0 2 0 9 8 3 0 2 0 0 9 8 3 0 2 53 9 8 3 0 2 53 9 8 9 7 5 4 5 0 5 4 0 5 4 0 5 4 0 5 4 0 79 0 0 7 16 0 0 8 3 144 0 0 0 0 0 0 2 0 9 8 3 144 0 0 0 0 0 2 53 9 8 3 144 0 0 0 0 0 2 53 9 8 9 3 0 7 2 0 0 2 0 0 2 0 2 0 3 0 0 0 0 0 6 0 12 2 0 61 11 15 6 0 5 81 5 69 5 16 0 8 3 0 6 6 8 6 5 81 5 69 5 6 672 0 0 0 5 81 5 155 5 177 5 2 0 0 2 0 0 12 2 0 61 11 15 6 0 6 672 0 0 5 16 0 8 2 0 6 8 6 8 6 672 5 69 5 12 2 0 61 11 15 2 0 6 16 0 8 3 0 6 73 3 0 6 73 9 8 3 0 6 9 8 9 6 0 5 219 5 220 5 5 4 5 4 2 0 5 4 2 0 0 5 4 4 20 21 7 3 0 2 191 3 0 7 5 4 0 79 0 0 7 16 0 0 8 3 0 7 3 0 2 0 2 30 3 0 2 0 0 9 8 3 0 2 0 0 9 8 3 0 0 2 0 9 8 3 0 2 0 0 9 8 3 0 0 2 0 9 8 3 0 2 30 9 8 3 0 0 2 0 9 8 3 0 9 3 0 2 0 2 30 9 8 9 3 0 7 5 4 0 79 0 0 7 16 0 0 8 3 0 2 37 9 8 3 0 2 0 9 8 3 0 2 30 9 8 3 0 2 30 9 8 3 0 2 53 9 8 9 7 5 4 5 0 5 4 0 5 4 0 5 4 0 5 4 0 79 0 0 7 16 0 0 8 3 144 0 0 0 0 0 0 2 0 9 8 9 3 0 7 2 0 0 2 0 0 2 0 2 0 3 0 0 0 0 0 6 0 12 2 0 61 11 15 6 0 5 81 5 69 5 16 0 8 3 0 6 6 8 6 5 81 5 69 5 6 673 0 0 0 5 81 5 155 5 177 5 2 0 0 2 0 0 12 2 0 61 11 15 6 0 6 673 0 0 5 16 0 8 2 0 6 8 6 673 5 69 5 12 2 0 61 11 15 2 0 6 16 0 8 3 0 6 73 9 8 3 0 6 9 8 9 6 0 5 219 5 220 5 5 4 5 4 2 0 5 4 2 0 0 5 4 4 20 21 7 3 0 2 191 3 0 7 5 4 0 79 0 0 7 16 0 0 8 3 0 7 3 0 2 0 2 37 3 0 2 37 3 0 7 3 0 2 0 2 30 3 0 2 50 3 0 2 0 0 9 8 3 0 2 0 0 9 8 3 0 0 2 0 9 8 3 0 2 0 0 9 8 3 0 2 50 9 8 3 0 9 3 0 2 0 2 30 9 8 3 0 2 50 9 8 3 0 9 3 0 2 0 2 50 9 8 3 0 9 3 0 2 0 2 0 0 9 8 3 0 2 53 9 8 3 0 0 2 0 9 8 3 0 2 30 9 8 3 0 0 2 0 9 8 3 0 9 3 0 2 0 2 30 9 8 3 0 2 37 9 8 3 0 0 2 0 9 8 3 0 0 2 0 9 8 3 0 2 50 9 8 3 0 2 37 9 8 3 0 0 2 0 9 8 3 0 0 2 0 9 8 3 0 2 50 9 8 3 0 2 37 9 8 3 0 2 37 9 8 3 0 2 37 9 8 3 0 9 3 0 2 0 2 30 9 8 3 0 0 2 0 9 8 3 0 2 0 0 9 8 3 0 2 30 9 8 3 0 9 3 0 2 0 2 30 9 8 3 0 9 3 0 2 0 2 30 9 8 3 0 2 50 9 8 3 0 9 3 0 2 0 2 50 9 8 3 0 2 30 9 8 3 0 2 50 9 8 3 0 9 3 0 2 0 2 50 9 8 3 0 9 3 0 2 0 2 37 9 8 9 3 0 7 5 4 0 79 0 0 7 16 0 0 8 3 0 7 3 0 2 0 2 50 3 0 2 53 3 0 2 37 3 0 2 53 3 0 2 0 0 3 0 2 0 0 3 0 2 0 0 9 8 3 0 2 0 9 8 3 0 0 2 0 9 8 3 0 2 0 0 9 8 3 0 0 2 0 9 8 3 0 2 0 0 9 8 3 0 2 0 0 9 8 3 0 2 0 0 9 8 3 0 2 53 9 8 3 0 9 3 0 2 0 2 50 9 8 3 0 2 0 0 9 8 3 0 2 30 9 8 3 0 0 2 0 9 8 3 0 2 37 9 8 3 0 2 30 9 8 3 0 2 30 9 8 3 0 2 53 9 8 3 0 2 53 9 8 3 0 9 3 0 2 0 2 37 9 8 3 0 2 0 0 9 8 3 0 0 2 0 9 8 3 0 2 0 0 9 8 3 0 2 0 0 9 8 3 0 2 0 0 9 8 3 0 2 0 0 9 8 3 0 9 3 0 2 0 2 37 9 8 3 0 2 0 0 9 8 3 0 2 0 0 9 8 3 0 2 53 9 8 3 0 9 3 0 2 0 2 37 9 8 3 0 2 0 0 9 8 3 0 2 0 0 9 8 3 0 2 0 0 9 8 3 0 0 2 0 9 8 3 0 2 0 0 9 8 3 0 2 0 0 9 8 3 0 0 2 0 9 8 3 0 2 0 0 9 8 3 0 2 0 0 9 8 3 0 2 0 0 9 8 3 0 2 0 0 9 8 3 0 2 0 0 9 8 3 0 2 0 0 9 8 3 0 9 3 0 2 0 2 37 9 8 3 0 2 0 0 9 8 3 0 2 0 0 9 8 3 0 2 0 0 9 8 3 0 2 0 0 9 8 3 0 0 2 0 9 8 3 0 2 0 0 9 8 3 0 2 0 0 9 8 3 0 2 0 0 9 8 3 0 2 0 0 9 8 3 0 2 53 9 8 3 0 2 53 9 8 9 7 5 4 5 0 5 4 0 5 4 0 5 4 0 5 4 0 79 0 0 7 16 0 0 8 3 144 0 0 0 0 0 0 2 0 9 8 9 3 0 7 2 0 0 2 0 0 2 0 2 0 3 0 0 0 0 0 6 0 12 2 0 61 11 15 6 0 5 81 5 69 5 16 0 8 3 0 6 3 0 6 6 8 6 5 81 5 69 5 6 674 0 0 0 5 81 5 155 5 177 5 2 0 0 2 0 0 12 2 0 61 11 15 6 0 6 674 0 0 5 16 0 8 2 0 6 8 2 0 6 8 6 674 5 69 5 12 2 0 61 11 15 2 0 6 16 0 8 3 0 6 73 9 8 3 0 6 9 8 3 0 6 9 8 9 6 0 5 219 5 220 5 5 4 5 4 2 0 5 4 2 0 0 5 4 4 20 21 7 3 0 2 191 3 0 7 5 4 0 79 0 0 7 16 0 0 8 3 0 2 0 0 9 8 3 0 7 3 0 2 0 2 50 3 0 2 37 3 0 7 3 0 2 0 2 30 3 0 2 30 9 8 3 0 2 30 3 0 7 3 0 2 0 9 8 3 0 2 30 3 0 2 0 0 3 0 7 3 0 2 0 9 8 3 0 2 30 9 8 3 0 2 30 9 8 3 0 2 53 9 8 3 0 0 2 0 9 8 3 0 9 3 0 2 0 2 50 9 8 3 0 2 0 0 9 8 3 0 9 3 0 2 0 2 0 0 9 8 3 0 0 2 0 9 8 3 0 2 30 9 8 3 0 0 2 0 9 8 3 0 9 3 0 2 0 2 30 9 8 3 0 2 37 9 8 3 0 2 0 0 9 8 3 0 0 2 0 9 8 9 3 0 7 5 4 0 79 0 0 7 16 0 0 8 3 0 2 0 0 3 0 2 0 0 9 8 3 0 7 3 0 2 0 2 50 3 0 2 37 3 0 2 53 9 8 3 0 2 53 3 0 2 30 3 0 2 30 9 8 3 0 2 30 3 0 2 30 3 0 2 0 0 9 8 3 0 2 30 9 8 3 0 2 0 0 9 8 3 0 2 0 0 9 8 3 0 2 30 9 8 3 0 2 0 0 9 8 3 0 2 0 0 9 8 3 0 2 0 0 9 8 3 0 2 0 0 9 8 3 0 9 3 0 2 0 2 50 9 8 3 0 2 53 9 8 3 0 9 3 0 2 0 2 50 9 8 3 0 2 30 9 8 3 0 2 30 9 8 3 0 2 53 9 8 3 0 2 0 9 8 9 7 5 4 5 0 5 4 0 5 4 0 5 4 0 5 4 0 79 0 0 7 16 0 0 8 3 144 0 0 0 0 0 9 3 0 2 0 2 50 9 8 3 144 0 0 0 0 0 0 2 0 9 8 9 3 0 7 2 0 0 2 0 0 2 0 2 0 3 0 0 0 0 0 6 0 12 2 0 61 11 15 6 0 5 81 5 69 5 16 0 8 3 0 6 6 8 6 5 81 5 69 5 6 675 0 0 0 5 81 5 155 5 177 5 2 0 0 2 0 0 12 2 0 61 11 15 6 0 6 675 0 0 5 16 0 8 2 0 6 8 6 8 6 675 5 69 5 12 2 0 61 11 15 2 0 6 16 0 8 3 0 6 73 3 0 6 73 9 8 3 0 6 9 8 9 6 0 5 219 5 220 5 5 4 5 4 2 0 5 4 2 0 0 5 4 4 20 21 7 3 0 2 191 3 0 7 5 4 0 79 0 0 7 16 0 0 8 3 0 7 3 0 2 0 2 30 3 0 2 0 0 9 8 3 0 2 0 0 9 8 3 0 0 2 0 9 8 3 0 2 0 0 9 8 3 0 0 2 0 9 8 3 0 2 30 9 8 3 0 0 2 0 9 8 3 0 9 3 0 2 0 2 30 9 8 9 3 0 7 5 4 0 79 0 0 7 16 0 0 8 3 0 2 37 9 8 3 0 2 0 9 8 3 0 2 30 9 8 3 0 2 30 9 8 3 0 2 53 9 8 9 7 5 4 5 0 5 4 0 5 4 0 5 4 0 5 4 0 79 0 0 7 16 0 0 8 3 144 0 0 0 0 0 0 2 0 9 8 9 3 0 7 2 0 0 2 0 0 2 0 2 0 3 0 0 0 0 0 6 0 12 2 0 61 11 15 6 0 5 81 5 69 5 16 0 8 3 0 6 6 8 6 5 81 5 69 5 6 676 0 0 0 5 81 5 155 5 177 5 2 0 0 2 0 0 12 2 0 61 11 15 6 0 6 676 0 0 5 16 0 8 2 0 6 8 6 676 5 69 5 12 2 0 61 11 15 2 0 6 16 0 8 3 0 6 73 9 8 3 0 6 9 8 9 6 0 5 219 5 220 5 5 4 5 4 2 0 5 4 2 0 0 5 4 4 20 21 7 3 0 2 191 3 0 7 5 4 0 79 0 0 7 16 0 0 8 3 0 7 3 0 2 0 3 0 7 3 0 2 0 2 30 3 0 2 0 0 3 0 2 0 0 9 8 3 0 2 0 0 9 8 3 0 0 2 0 9 8 3 0 2 0 0 9 8 3 0 0 2 0 9 8 3 0 0 2 0 9 8 3 0 2 0 0 9 8 3 0 0 2 0 9 8 3 0 2 30 9 8 3 0 0 2 0 9 8 3 0 9 3 0 2 0 2 30 9 8 9 3 0 7 5 4 0 79 0 0 7 16 0 0 8 3 0 2 37 9 8 3 0 2 0 9 8 3 0 2 30 9 8 3 0 2 30 9 8 3 0 2 53 9 8 9 7 5 4 5 0 5 4 0 5 4 0 5 4 0 5 4 0 79 0 0 7 16 0 0 8 3 144 0 0 0 0 0 0 2 0 9 8 9 3 0 7 2 0 0 2 0 0 2 0 2 0 3 0 0 0 0 0 6 0 12 2 0 61 11 15 6 0 5 81 5 69 5 530 5 16 0 8 3 0 6 3 0 7 2 0 6 6 8 3 0 6 3 0 7 2 0 2 0 6 6 8 3 0 7 2 0 2 0 6 6 8 3 0 7 2 0 2 0 6 3 0 6 6 8 6 5 81 5 69 5 530 5 6 677 414 0 0 0 0 5 81 5 155 5 177 5 2 0 0 2 0 0 12 2 0 61 11 15 6 0 6 677 0 0 5 16 0 8 2 0 6 678 8 6 678 8 6 678 8 6 73 8 6 73 8 6 677 5 69 5 12 2 0 61 11 15 2 414 0 6 16 0 8 3 0 6 73 9 8 3 0 6 679 9 8 6 0 8 6 0 8 9 6 283 0 5 168 5 69 5 3 0 0 6 283 0 12 2 0 61 11 15 2 414 0 6 16 0 8 6 0 8 6 0 8 9 6 283 0 5 168 5 69 5 3 0 0 6 283 0 12 2 0 61 11 15 2 414 0 6 16 0 8 3 0 6 679 9 8 6 0 8 9 6 283 0 5 168 5 69 5 3 0 0 6 283 0 12 2 0 61 11 15 2 414 0 6 16 0 8 3 0 6 679 9 8 9 6 283 0 5 219 5 220 5 5 4 5 4 2 0 5 4 2 0 0 5 4 4 20 21 7 3 0 2 191 3 0 7 5 4 0 79 0 0 7 16 0 0 8 3 0 7 3 0 2 0 2 30 3 0 2 0 0 3 0 2 0 0 9 8 3 0 2 0 0 9 8 3 0 0 2 0 9 8 3 0 2 0 0 9 8 3 0 9 3 0 2 0 2 0 0 9 8 3 0 2 0 0 9 8 3 0 0 2 0 9 8 3 0 2 30 9 8 3 0 0 2 0 9 8 3 0 9 3 0 2 0 2 30 9 8 9 3 0 7 5 4 0 79 0 0 7 16 0 0 8 3 0 7 3 0 2 0 2 50 3 0 2 37 9 8 3 0 2 0 9 8 3 0 9 3 0 2 0 2 50 9 8 3 0 0 2 0 9 8 3 0 2 37 9 8 3 0 2 30 9 8 3 0 2 30 9 8 3 0 2 53 9 8 9 7 5 4 5 0 5 4 0 5 4 0 5 4 0 5 4 0 79 0 0 7 16 0 0 8 3 144 0 0 0 0 0 0 2 0 9 8 9 3 0 7 2 0 0 2 0 0 2 0 2 0 3 0 0 0 0 0 6 0 12 2 0 61 11 15 6 0 5 81 5 69 5 16 0 8 3 0 6 3 0 6 3 0 7 2 0 6 6 8 3 0 6 3 0 7 2 0 2 0 6 6 8 3 0 7 2 0 2 0 6 6 8 3 0 6 3 0 7 2 0 2 0 6 6 8 6 5 81 5 69 5 6 680 415 0 0 0 5 81 5 155 5 177 5 2 0 0 2 0 0 12 2 0 61 11 15 6 0 6 680 0 0 5 16 0 8 2 0 6 531 8 6 73 8 6 73 8 6 531 8 6 73 8 6 73 8 6 73 8 6 531 8 6 531 8 6 73 8 6 73 8 6 680 5 69 5 12 2 0 61 11 15 2 415 0 6 16 0 8 3 0 6 73 9 8 3 0 6 681 9 8 3 0 6 73 9 8 6 0 8 6 0 8 9 6 284 0 5 168 5 69 5 3 0 0 6 284 0 12 2 0 61 11 15 2 415 0 6 16 0 8 6 0 8 6 0 8 9 6 284 0 5 168 5 69 5 3 0 0 6 284 0 12 2 0 61 11 15 2 415 0 6 16 0 8 3 0 6 681 9 8 6 0 8 9 6 284 0 5 168 5 69 5 3 0 0 6 284 0 12 2 0 61 11 15 2 415 0 6 16 0 8 3 0 6 681 9 8 9 6 284 0 5 219 5 220 5 5 4 5 4 2 0 5 4 2 0 0 5 4 4 20 21 7 3 0 2 191 3 0 7 5 4 0 79 0 0 7 16 0 0 8 3 0 7 3 0 2 0 2 37 3 0 7 3 0 2 0 2 50 3 0 2 30 3 0 2 37 3 0 7 3 0 2 0 2 30 3 0 2 37 3 0 2 37 3 0 2 0 0 9 8 3 0 9 3 0 2 0 2 30 9 8 3 0 2 0 0 9 8 3 0 0 2 0 9 8 3 0 2 0 0 9 8 3 0 9 3 0 2 0 2 50 9 8 3 0 2 37 9 8 3 0 2 37 9 8 3 0 0 2 0 9 8 3 0 2 37 9 8 3 0 2 37 9 8 3 0 2 37 9 8 3 0 2 0 0 9 8 3 0 2 50 9 8 3 0 2 53 9 8 3 0 2 37 9 8 3 0 2 37 9 8 3 0 2 37 9 8 3 0 2 53 9 8 3 0 2 37 9 8 3 0 0 2 0 9 8 3 0 9 3 0 2 0 2 0 0 9 8 3 0 0 2 0 9 8 3 0 2 30 9 8 3 0 0 2 0 9 8 3 0 9 3 0 2 0 2 30 9 8 3 0 2 37 9 8 3 0 9 3 0 2 0 2 30 9 8 3 0 0 2 0 9 8 3 0 2 0 0 9 8 3 0 2 30 9 8 3 0 9 3 0 2 0 2 30 9 8 3 0 9 3 0 2 0 2 30 9 8 3 0 2 50 9 8 3 0 9 3 0 2 0 2 50 9 8 3 0 2 50 9 8 3 0 2 50 9 8 3 0 9 3 0 2 0 2 50 9 8 3 0 2 30 9 8 3 0 2 50 9 8 3 0 9 3 0 2 0 2 50 9 8 3 0 9 3 0 2 0 2 37 9 8 3 0 2 30 9 8 9 3 0 7 5 4 0 79 0 0 7 16 0 0 8 3 0 7 3 0 2 0 2 50 3 0 2 37 9 8 3 0 0 2 0 9 8 3 0 2 0 9 8 3 0 2 37 9 8 3 0 2 53 9 8 3 0 2 37 9 8 2 53 9 8 3 0 2 53 9 8 3 0 9 3 0 2 0 2 50 9 8 3 0 2 37 9 8 3 0 2 30 9 8 3 0 2 30 9 8 3 0 2 53 9 8 3 0 2 53 9 8 3 0 2 53 9 8 3 0 2 53 9 8 9 7 5 4 5 0 5 4 0 5 4 0 5 4 0 5 4 0 79 0 0 7 16 0 0 8 3 144 0 0 0 0 0 0 2 0 9 8 3 144 0 0 0 0 0 2 53 9 8 3 144 0 0 0 0 0 2 53 9 8 9 3 0 7 2 0 0 2 0 0 2 0 2 0 3 0 0 0 0 0 6 0 12 2 0 61 11 15 6 0 5 81 5 69 5 530 5 16 0 8 3 0 6 3 0 7 2 0 6 6 8 3 0 6 3 0 7 2 0 2 0 6 6 8 3 0 7 2 0 2 0 6 6 8 3 0 7 2 0 2 0 6 3 0 6 6 8 6 5 81 5 69 5 530 5 6 682 416 0 0 0 0 5 81 5 155 5 177 5 2 0 0 2 0 0 12 2 0 61 11 15 6 0 6 682 0 0 5 16 0 8 2 0 6 683 8 6 73 8 6 683 8 6 683 8 6 73 8 6 73 8 6 682 5 69 5 12 2 0 61 11 15 2 416 0 6 16 0 8 3 0 6 73 9 8 3 0 6 684 9 8 6 0 8 6 0 8 9 6 285 0 5 168 5 69 5 3 0 0 6 285 0 12 2 0 61 11 15 2 416 0 6 16 0 8 6 0 8 6 0 8 9 6 285 0 5 168 5 69 5 3 0 0 6 285 0 12 2 0 61 11 15 2 416 0 6 16 0 8 3 0 6 684 9 8 6 0 8 9 6 285 0 5 168 5 69 5 3 0 0 6 285 0 12 2 0 61 11 15 2 416 0 6 16 0 8 3 0 6 684 9 8 9 6 285 0 5 219 5 220 5 5 4 5 4 2 0 5 4 2 0 0 5 4 4 20 21 7 3 0 2 191 3 0 7 5 4 0 79 0 0 7 16 0 0 8 3 0 7 3 0 2 0 2 30 3 0 2 0 0 3 0 2 0 0 9 8 3 0 2 0 0 9 8 3 0 0 2 0 9 8 3 0 2 0 0 9 8 3 0 9 3 0 2 0 2 0 0 9 8 3 0 2 0 0 9 8 3 0 0 2 0 9 8 3 0 2 30 9 8 3 0 0 2 0 9 8 3 0 9 3 0 2 0 2 30 9 8 9 3 0 7 5 4 0 79 0 0 7 16 0 0 8 3 0 7 3 0 2 0 2 50 3 0 2 37 9 8 3 0 2 0 9 8 3 0 9 3 0 2 0 2 50 9 8 3 0 0 2 0 9 8 3 0 2 37 9 8 3 0 2 30 9 8 3 0 2 30 9 8 3 0 2 53 9 8 9 7 5 4 5 0 5 4 0 5 4 0 5 4 0 5 4 0 79 0 0 7 16 0 0 8 3 144 0 0 0 0 0 0 2 0 9 8 9 3 0 7 2 0 0 2 0 0 2 0 2 0 3 0 0 0 0 0 6 0 12 2 0 61 11 15 6 0 5 4 5 5 5 5 5 5 16 0 8 6 0 0 0 8 3 0 0 0 6 6 1 4 1 4 5 4 5 4 5 4 5 4 5 4 1 4 5 4 5 5 4 5 1 4 5 4 5 4 5 4 528 326 1 2 0 0 528 326 1 417 5 2 0 2 121 0 252 326 1 2 0 0 2 0 0 2 0 0 2 191 5 4 2 0 20 21 0 0 2 0 0 252 326 1 417 5 2 279 0 2 121 0 417 5 3 0 0 10 330 1 0 0 2 0 0 1 1 4 0 2 0 0 1 4 0 0 2 0 0 685 0 2 0 2 0 2 0 2 0 6 0 5 4 5 4 5 4 5 4 5 4 5 4 1 5 4 1 4 1 4 5 4 20 21 7 12 2 0 11 15 2 0 2 0 686 2 0 0 6 0 2 0 2 0 20 21 7 16 0 8 2 0 2 0 2 0 9 8 2 0 2 0 2 0 3 0 0 7 2 0 9 8 2 0 2 0 2 0 3 0 0 7 2 0 9 8 2 0 2 0 2 0 9 8 2 0 2 0 2 0 3 0 0 7 2 0 9 8 2 0 2 0 2 0 3 0 0 7 2 0 9 8 2 0 2 0 2 0 3 0 0 7 2 0 9 8 2 0 2 0 2 0 3 0 0 7 2 0 9 8 2 0 2 0 2 0 3 0 0 7 2 0 9 3 0 7 3 0 0 2 221 0 0 3 0 0 0 7 2 0 686 2 0 0 2 0 3 0 0 2 0 0 0 6 0 3 0 0 0 7 3 0 0 0 7 2 0 686 3 0 2 0 0 7 2 0 0 2 0 0 0 2 0 2 3 0 0 2 0 0 0 89 2 3 0 0 2 0 0 0 2 0 2 0 12 2 0 61 89 11 5 4 5 4 1 4 5 4 12 2 61 2 221 11 2 0 2 0 0 685 3 0 0 7 2 0 2 0 2 0 3 0 7 2 221 2 0 0 685 10 330 1 0 0 0 0 0 0 0 1 16 0 8 3 0 2 0 32 1 2 13 87 0 0 0 2 221 2 0 3 0 2 190 2 112 9 8 3 0 2 0 32 1 2 13 87 0 0 0 3 0 2 190 2 221 2 0 2 112 9 8 9 2 0 0 0 16 0 8 3 0 2 0 32 1 2 13 87 0 2 0 3 0 7 3 0 0 7 2 0 2 112 2 0 3 0 2 190 0 2 286 2 121 0 9 8 3 0 2 0 32 1 2 13 87 0 2 0 3 0 7 3 0 0 7 2 0 2 112 2 0 3 0 2 190 0 2 286 2 121 0 9 8 3 0 2 0 32 1 2 13 87 0 2 0 2 221 2 0 2 286 2 121 0 9 8 3 0 2 0 32 1 2 13 87 0 2 0 2 0 2 286 2 121 0 9 8 3 0 2 0 32 1 2 13 87 0 2 0 3 0 7 3 0 0 0 0 7 2 0 2 112 2 0 3 0 2 190 0 2 286 2 121 0 9 8 9 1 16 0 8 3 0 2 0 32 1 2 13 87 0 0 0 3 0 2 0 3 0 0 2 121 0 9 8 3 0 2 0 32 1 2 13 87 0 0 0 2 9 8 3 0 2 0 32 1 2 13 87 0 0 0 2 121 0 9 8 3 0 2 0 32 1 2 13 87 0 0 0 3 0 7 2 0 3 0 2 190 0 2 286 2 0 2 121 0 3 0 7 2 0 3 0 0 2 121 0 9 8 3 0 2 0 32 1 2 13 87 0 0 0 3 0 7 3 0 0 7 2 0 2 112 2 0 2 286 2 121 0 9 8 3 0 2 0 32 1 2 13 87 0 0 0 2 0 2 112 9 8 3 0 2 0 32 1 2 13 87 0 0 0 2 0 2 112 9 8 3 0 2 0 32 1 2 13 87 0 0 0 2 0 2 112 9 8 3 0 2 0 32 1 2 13 87 0 0 0 3 0 0 0 0 2 112 9 8 3 0 2 0 32 1 2 13 87 0 0 0 3 0 2 102 2 112 3 0 2 0 3 0 2 0 9 8 3 0 2 0 32 1 2 13 87 0 0 0 2 0 2 112 9 8 3 0 2 0 32 1 2 13 87 0 0 0 2 121 0 9 8 3 0 2 0 32 1 2 13 87 0 0 0 2 121 0 9 8 3 0 2 0 32 1 2 13 87 0 0 0 2 0 2 112 9 8 3 0 2 0 32 1 2 13 87 0 0 0 2 0 2 112 9 8 3 0 2 0 32 1 2 13 87 0 0 0 3 309 7 2 221 2 0 43 42 3 0 0 0 0 7 2 112 9 8 3 0 2 0 32 1 2 13 87 0 0 0 3 0 0 0 0 7 2 112 9 8 3 0 2 0 32 1 2 13 87 0 0 0 2 221 2 0 3 0 2 190 0 2 121 0 9 8 3 0 2 0 32 1 2 13 87 0 0 0 2 112 9 8 9 1 
98	5 4 5 4 5 4 5 4 5 4 5 4 5 4 5 4 5 4 5 4 5 4 5 4 5 4 5 4 5 4 5 4 5 4 5 4 5 4 5 4 5 4 5 4 5 4 5 4 5 4 5 4 5 4 5 4 5 4 5 4 5 4 5 4 5 4 5 4 5 4 5 4 5 4 5 4 5 4 5 4 5 4 1 4 
99	22 1 19 1 14 1 22 1 19 1 14 1 22 1 19 1 14 1 22 1 19 1 14 1 22 1 19 1 14 1 22 1 19 1 14 1 22 1 19 1 14 1 22 1 19 1 14 1 22 1 19 1 14 1 22 1 19 1 14 1 22 1 19 1 14 1 22 1 19 1 14 1 22 1 19 1 14 1 22 1 19 1 14 1 22 1 19 1 14 1 22 1 19 1 14 1 22 1 19 1 14 1 22 1 19 1 14 1 22 1 19 1 14 1 22 1 19 1 14 1 22 1 19 1 14 1 22 1 19 1 14 1 22 1 19 1 14 1 22 1 19 1 14 1 22 1 19 1 14 1 22 1 19 1 14 1 22 1 19 1 14 1 22 1 19 1 14 1 22 1 19 1 14 1 22 1 19 1 14 1 22 1 19 1 14 1 22 1 19 1 14 1 22 1 19 1 14 1 22 1 19 1 14 1 22 1 19 1 14 1 22 1 19 1 14 1 22 1 19 1 14 1 22 1 19 1 14 1 22 1 19 1 14 1 22 1 19 1 14 1 22 1 19 1 14 1 
100	5 4 1 4 325 640 1 641 5 642 1 1 2 0 0 0 2 0 0 325 640 1 641 5 642 1 2 0 0 0 2 0 325 2 2 0 325 27 1 2 0 2 0 271 1 6 0 310 5 3 0 0 7 6 0 7 6 311 5 3 0 0 7 6 0 7 6 381 1 3 0 7 1 4 32 1 103 2 484 0 6 24 5 4 1 4 32 1 20 21 5 4 0 0 0 7 3 0 0 0 0 7 2 0 0 0 0 20 21 5 4 0 0 0 0 0 7 2 13 13 0 0 0 0 3 0 0 0 0 0 7 2 13 2 13 13 0 1 4 32 1 1 4 0 20 21 5 4 0 0 0 7 3 0 7 2 13 3 0 7 2 13 0 9 2 13 626 0 2 0 0 2 13 2 484 0 3 0 7 2 13 13 0 13 7 2 13 13 0 13 2 13 24 6 24 1 2 13 13 383 13 13 382 3 163 7 2 13 13 163 7 2 13 2 13 0 1 1 
101	327 5 4 5 4 4 4 4 1 4 1 4 1 4 182 1 6 0 1 5 16 0 8 6 327 1 
102	330 5 4 5 4 5 4 5 4 5 4 1 643 1 1 4 32 1 5 4 20 21 5 4 0 42 0 7 16 104 0 8 89 8 2 13 89 8 2 13 89 8 2 13 89 8 2 13 89 8 2 13 89 8 2 13 89 8 2 13 89 8 2 13 89 8 3 0 104 0 0 7 1 4 24 0 2 13 43 42 42 7 2 13 0 89 6 24 1 5 417 5 5 5 1 5 6 0 0 0 151 0 5 0 0 381 1 6 103 330 330 27 1 5 2 0 2 0 0 330 5 417 5 5 5 1 5 5 2 0 0 0 0 0 0 0 1 
103	5 4 5 4 5 4 5 4 5 4 5 4 5 4 5 4 5 4 5 4 5 4 1 1 1 4 5 4 5 4 5 4 5 5 4 5 0 5 4 5 0 5 4 5 0 12 3 0 7 2 143 0 0 0 0 0 2 143 0 0 0 0 0 2 0 0 2 143 0 0 0 0 0 2 143 0 0 0 0 0 2 0 0 2 143 0 0 0 0 0 2 143 0 0 0 0 0 2 0 0 2 0 0 0 0 7 2 143 0 0 0 0 0 2 0 0 2 143 0 0 0 0 0 2 0 0 2 143 0 0 0 0 0 2 0 0 2 0 0 0 11 76 10 298 1 103 2 0 2 0 0 2 0 3 0 0 7 3 0 0 7 3 0 7 2 0 0 2 0 0 3 0 2 0 0 2 3 0 0 2 0 0 3 0 0 2 2 0 0 5 4 12 3 0 275 0 0 0 0 7 2 90 10 263 1 1 1 2 0 0 6 11 15 2 0 2 221 3 0 2 0 0 10 0 5 2 0 5 4 61 2 0 0 6 0 107 5 2 0 3 0 7 2 0 2 0 0 3 0 7 2 0 3 0 7 2 0 2 0 0 16 0 8 2 0 9 8 2 0 9 8 2 0 2 0 0 9 8 9 2 0 0 0 2 0 0 0 5 3 0 7 2 0 6 0 0 0 0 0 3 0 0 2 5 4 0 0 2 0 6 0 320 5 6 0 0 319 5 6 0 0 5 6 0 0 5 6 0 0 5 6 0 0 5 6 0 0 5 2 0 0 3 0 0 2 0 0 278 253 1 1 1 254 5 255 5 532 5 2 0 0 2 0 0 2 0 0 2 0 0 0 2 0 5 0 2 0 5 0 2 0 5 0 278 253 1 1 1 254 5 255 5 2 0 0 0 252 253 1 1 1 254 5 255 5 532 5 2 0 0 2 0 0 2 0 0 3 0 0 0 7 2 0 0 0 2 0 5 0 2 0 5 0 2 0 5 0 2 0 0 2 0 0 0 2 0 252 253 1 1 1 254 5 255 5 2 279 0 0 0 278 253 1 1 1 254 5 255 5 532 5 2 263 1 1 1 0 0 0 278 253 1 1 1 254 5 255 5 2 0 0 0 252 253 1 1 1 254 5 255 5 532 5 2 279 263 1 1 1 0 0 0 252 253 1 1 1 254 5 255 5 2 279 0 0 0 1 3 0 0 6 533 1 0 0 0 0 6 533 1 0 0 0 0 533 1 0 0 5 386 5 5 4 5 0 3 0 0 2 143 0 0 0 0 0 7 2 143 0 0 0 0 0 0 0 2 143 0 0 0 0 0 6 0 2 0 2 0 2 0 5 5 5 4 0 5 4 3 0 0 7 2 0 0 0 0 7 2 0 0 0 0 0 5 4 4 4 5 4 4 36 0 0 0 0 0 0 0 0 0 0 7 2 0 0 0 2 0 0 0 0 0 0 2 0 0 0 0 2 0 0 2 0 3 0 0 7 2 0 0 0 2 0 0 0 0 36 0 0 7 3 0 0 0 0 0 0 0 2 0 0 0 2 0 0 0 2 0 0 0 2 0 0 0 1 
104	1 4 1 4 96 1 67 1 5 6 0 287 1 6 0 136 1 2 0 0 
105	522 29 5 2 0 522 52 1 29 5 2 0 0 57 1 54 1 14 1 6 58 0 35 1 18 1 1 4 28 72 0 1 4 28 72 0 3 0 0 7 2 17 0 28 98 0 44 46 47 6 3 0 1 7 2 0 1 0 3 0 1 7 2 0 1 0 3 0 1 0 1 7 6 66 1 0 1 0 3 0 1 0 1 7 6 24 24 2 17 0 1 0 1 44 46 47 6 1 
106	514 29 5 2 0 514 52 1 29 5 2 0 0 57 1 54 1 14 1 6 58 0 35 1 18 1 6 594 1 93 0 97 5 18 1 1 4 28 1 4 28 3 0 0 7 2 17 0 44 46 47 6 3 93 0 7 3 93 0 7 6 6 1 
107	512 29 5 2 0 512 52 1 29 5 2 0 0 57 1 54 1 14 1 6 58 0 1 
108	281 29 5 2 0 281 52 1 29 5 2 0 0 57 1 54 1 14 1 6 58 0 111 5 18 1 71 1 5 4 4 120 20 21 0 0 0 0 2 28 146 0 0 0 6 1 
109	5 4 266 5 4 491 29 5 2 0 491 52 1 29 5 2 0 0 57 1 54 1 14 1 6 58 0 40 1 18 1 14 1 1 4 88 5 4 108 5 4 108 3 0 0 7 2 0 0 7 2 0 43 266 0 0 0 6 0 111 5 18 1 71 1 3 140 7 2 64 0 6 1 
110	1 4 1 4 5 4 497 29 5 2 0 497 52 1 29 5 2 0 0 57 1 54 1 14 1 6 58 0 40 1 18 1 14 1 2 48 0 0 3 645 0 7 2 0 12 2 0 1 687 38 343 0 11 15 10 185 687 38 45 0 0 11 15 10 185 687 38 45 0 0 2 48 0 0 2 46 47 3 184 0 44 7 2 0 2 0 473 0 44 12 2 48 0 0 11 10 313 1 103 1 466 163 382 47 383 46 2 46 47 7 2 0 6 0 111 5 18 1 71 1 3 0 7 2 146 0 0 7 3 140 7 2 64 2 64 0 6 643 1 2 0 0 1 6 0 182 1 6 24 13 24 1 1 
111	525 29 5 2 0 525 52 1 29 5 2 0 0 57 1 54 1 14 1 6 58 0 35 1 18 1 1 4 28 72 0 1 4 28 72 0 3 0 0 7 2 17 0 28 98 0 44 46 47 6 3 0 1 7 2 0 1 0 3 0 1 7 2 0 1 0 3 0 1 0 1 7 2 17 0 1 44 46 47 6 3 1 0 7 2 17 44 46 47 6 6 688 1 0 1 0 1 
112	508 29 5 2 0 508 52 1 29 5 2 0 0 57 1 54 1 14 1 6 58 0 97 5 18 1 6 28 93 0 111 5 18 1 71 1 6 28 146 0 0 1 
113	507 29 5 2 0 507 52 1 29 5 2 0 0 57 1 54 1 14 1 6 58 0 97 5 18 1 6 1 
114	515 29 5 2 0 515 52 1 29 5 2 0 0 57 1 54 1 14 1 6 58 0 97 5 18 1 1 4 28 72 0 1 4 28 72 0 3 0 0 7 2 17 0 28 98 0 44 46 47 6 3 0 1 7 2 0 1 0 3 0 1 7 2 0 1 0 3 0 1 0 1 7 6 331 1 0 1 0 3 38 211 38 38 211 38 7 6 56 0 7 3 24 24 7 5 4 24 2 17 0 28 98 0 44 46 47 6 7 6 24 56 24 35 1 18 1 6 93 0 0 0 1 
115	1 4 5 4 490 29 5 2 0 490 52 1 29 5 2 0 0 57 1 54 1 14 1 6 58 0 40 1 18 1 14 1 2 0 266 6 0 111 5 18 1 71 1 3 140 7 2 64 0 6 1 
116	489 29 5 2 0 489 52 1 29 5 2 0 0 57 1 54 1 14 1 6 58 0 111 5 18 1 71 1 3 140 7 2 64 88 0 6 1 
117	511 29 5 2 0 511 52 1 29 5 2 0 0 57 1 54 1 14 1 6 58 0 97 5 18 1 6 28 93 0 35 1 18 1 6 28 72 0 1 
118	1 4 0 504 29 5 2 0 504 52 1 29 5 2 0 0 57 1 54 1 14 1 6 58 0 97 5 18 1 6 35 1 18 1 6 0 1 
119	1 4 492 29 5 2 0 492 52 1 29 5 2 0 0 57 1 54 1 14 1 6 58 0 40 1 18 1 14 1 2 48 0 0 1 4 88 0 12 2 0 276 1 0 11 2 0 534 1 0 6 0 35 1 18 1 6 0 1 
120	521 29 5 2 0 521 52 1 29 5 2 0 0 57 1 54 1 14 1 6 58 0 97 5 18 1 1 4 28 72 0 1 4 28 72 0 3 0 0 7 2 17 0 28 98 0 44 46 47 6 3 0 1 7 2 0 1 0 3 0 1 7 2 0 1 0 3 0 1 0 1 7 2 17 0 1 44 46 47 6 6 331 1 0 1 0 35 1 18 1 5 4 93 0 6 0 0 0 1 
121	519 29 5 2 0 519 52 1 29 5 2 0 0 57 1 54 1 14 1 6 58 0 97 5 18 1 1 4 28 72 0 1 4 28 72 0 3 0 0 7 2 17 0 28 98 0 44 46 47 6 3 0 1 7 2 0 1 0 3 0 1 7 2 0 1 0 3 0 1 0 1 7 2 17 0 1 44 46 47 6 6 331 1 0 1 0 35 1 18 1 5 4 93 0 6 0 0 0 1 
122	1 4 1 4 495 29 5 2 0 495 52 1 29 5 2 0 0 57 1 54 1 14 1 6 58 0 40 1 18 1 14 1 2 48 0 0 2 0 88 0 2 0 215 1 44 46 47 6 0 96 1 67 1 18 1 1 4 12 1 4 370 3 0 0 0 38 7 2 0 1 0 7 2 0 401 0 0 0 3 0 0 7 2 0 689 1 2 0 38 2 0 0 2 372 0 11 15 10 0 11 15 2 17 0 0 3 0 7 6 12 6 222 0 11 690 1 4 192 3 0 1 7 12 6 0 0 38 288 1 0 11 15 10 272 1 288 38 192 24 192 288 44 46 47 7 10 272 1 288 38 192 24 192 288 44 46 47 11 6 11 15 10 0 11 15 2 17 0 38 0 6 1 
123	506 29 5 2 0 506 52 1 29 5 2 0 0 57 1 54 1 14 1 6 58 0 111 5 18 1 71 1 3 28 93 0 7 2 28 146 0 0 6 5 4 120 20 21 5 4 0 0 0 7 3 28 93 0 0 7 2 28 146 0 0 0 6 6 292 18 1 54 1 1 
124	691 29 5 2 0 691 52 1 29 5 2 0 0 57 1 54 1 14 1 6 58 0 1 
125	1 4 493 29 5 2 0 493 52 1 29 5 2 0 0 57 1 54 1 14 1 6 58 0 40 1 18 1 14 1 2 48 0 0 1 4 88 0 12 2 0 164 1 0 11 12 2 0 1 0 11 2 0 1 0 6 0 35 1 18 1 6 0 1 
126	500 29 5 2 0 500 52 1 29 5 2 0 0 57 1 54 1 14 1 6 58 0 35 1 18 1 1 4 28 72 0 1 4 28 72 0 3 0 0 7 2 17 0 44 46 47 6 3 0 1 0 1 7 2 17 0 1 44 46 47 6 5 4 1 0 5 4 1 0 5 4 0 0 2 0 5 4 0 0 1 4 109 1 0 5 4 0 20 21 5 4 0 0 0 7 2 66 164 1 0 2 0 0 6 0 1 
127	520 29 5 2 0 520 52 1 29 5 2 0 0 57 1 54 1 14 1 6 58 0 97 5 18 1 1 4 28 72 0 1 4 28 72 0 3 0 0 7 2 17 0 28 98 0 44 46 47 6 3 0 1 7 2 0 1 0 3 0 1 7 2 0 1 0 3 0 1 0 1 7 2 17 0 1 44 46 47 6 6 331 1 0 1 0 35 1 18 1 5 4 93 0 6 0 0 0 1 
128	518 29 5 2 0 518 52 1 29 5 2 0 0 57 1 54 1 14 1 6 58 0 97 5 18 1 1 4 28 72 0 1 4 28 72 0 3 0 0 7 2 17 0 28 98 0 44 46 47 6 3 0 1 7 2 0 1 0 3 0 1 7 2 0 1 0 3 0 1 0 1 7 2 17 0 1 44 46 47 6 6 331 1 0 1 0 35 1 18 1 5 4 93 0 6 0 0 0 1 
129	498 29 5 2 0 498 52 1 29 5 2 0 0 57 1 54 1 14 1 6 58 0 35 1 18 1 5 4 120 1 4 100 1 20 21 5 4 0 0 0 7 1 4 1 28 0 1 4 1 28 0 1 4 0 72 0 1 4 0 72 0 2 26 0 0 6 0 1 
130	1 4 5 4 1 4 501 29 5 2 0 501 52 1 29 5 2 0 0 57 1 54 1 14 1 6 58 0 40 1 18 1 14 1 2 48 0 0 2 0 215 1 44 46 47 2 0 88 0 2 0 120 6 0 96 1 67 1 18 1 1 4 1 4 1 0 12 1 4 0 1 0 0 20 21 5 4 0 0 0 7 2 0 0 28 72 0 0 3 0 0 7 2 0 0 0 0 38 1 4 692 1 0 0 1 4 370 0 3 0 0 0 38 7 2 0 1 0 7 2 0 401 105 0 0 0 215 1 44 46 47 3 0 0 7 2 0 689 1 2 0 38 2 0 0 2 372 0 0 3 0 7 6 11 345 10 0 11 15 10 0 11 15 2 17 0 6 12 1 4 222 0 0 3 0 7 3 693 0 7 6 6 0 11 690 1 4 192 3 0 1 7 12 6 0 0 38 0 1 0 11 15 10 272 1 0 38 24 0 0 44 46 47 7 10 272 1 0 38 192 24 192 0 44 46 47 11 15 10 0 11 15 2 17 0 38 0 6 692 1 4 1 4 692 380 1 174 1 2 0 0 0 0 2 0 0 0 0 5 67 1 3 0 1 7 1 4 1 0 3 0 0 56 0 7 20 21 5 4 0 0 0 7 3 0 0 7 3 0 0 0 0 7 6 3 0 0 56 0 0 7 6 6 6 5 5 4 20 21 5 4 0 0 0 7 1 4 0 0 3 0 7 2 0 0 577 2 0 0 577 6 0 239 1 6 0 1 
131	526 29 5 2 0 526 52 1 29 5 2 0 0 57 1 54 1 14 1 6 58 0 35 1 18 1 1 4 28 72 0 1 4 28 72 0 3 0 0 7 2 17 0 28 98 0 44 46 47 6 3 0 1 7 2 0 1 0 3 0 1 7 2 0 1 0 3 0 1 0 1 7 2 17 0 1 44 46 47 6 3 1 0 7 2 17 44 46 47 6 6 1 0 1 0 1 
132	524 29 5 2 0 524 52 1 29 5 2 0 0 57 1 54 1 14 1 6 58 0 35 1 18 1 1 4 28 72 0 1 4 28 72 0 3 0 0 7 2 17 0 28 98 0 44 46 47 6 3 0 1 7 2 0 1 0 3 0 1 7 2 0 1 0 3 0 1 0 1 7 2 17 0 1 44 46 47 6 6 535 1 0 1 0 1 
133	516 29 5 2 0 516 52 1 29 5 2 0 0 57 1 54 1 14 1 6 58 0 97 5 18 1 1 4 28 72 0 1 4 28 72 0 3 0 0 7 2 17 0 28 98 0 44 46 47 6 3 0 1 7 2 0 1 0 3 0 1 7 2 0 1 0 3 0 1 0 1 7 6 331 1 0 1 0 3 38 211 38 38 211 38 7 6 56 0 7 3 24 24 7 5 4 24 2 17 0 28 98 0 44 46 47 6 7 6 24 56 24 35 1 18 1 5 4 93 0 6 0 0 0 1 
134	527 29 5 2 0 527 52 1 29 5 2 0 0 57 1 54 1 14 1 6 58 0 97 5 18 1 3 28 93 0 6 6 35 1 18 1 6 28 93 0 0 0 1 
135	499 29 5 2 0 499 52 1 29 5 2 0 0 57 1 54 1 14 1 6 58 0 35 1 18 1 5 4 120 1 4 109 1 20 21 5 4 0 0 0 7 2 66 28 72 0 0 6 0 1 
136	513 29 5 2 0 513 52 1 29 5 2 0 0 57 1 54 1 14 1 6 58 0 35 1 18 1 6 594 1 93 0 97 5 18 1 1 4 28 1 4 28 3 0 93 0 6 3 0 93 0 6 6 1 
137	694 29 5 2 0 694 52 1 29 5 2 0 0 57 1 54 1 14 1 6 58 0 1 
138	488 29 5 2 0 488 52 1 29 5 2 0 0 57 1 54 1 14 1 6 58 0 1 
139	5 4 5 4 5 4 5 4 5 4 1 4 1 4 5 4 5 4 5 4 1 4 1 4 1 4 1 4 5 4 1 4 502 29 5 2 0 502 52 1 29 5 2 0 0 57 1 54 1 14 1 6 58 0 40 1 18 1 14 1 2 48 0 0 2 0 2 0 120 3 0 7 2 0 28 88 0 0 2 0 215 1 44 46 47 2 0 110 0 6 0 1 6 0 96 1 67 1 18 1 3 0 0 6 1 4 0 0 3 0 7 6 695 0 0 0 0 12 1 4 0 5 4 20 21 5 4 0 0 0 7 2 0 0 2 0 28 206 0 0 0 3 0 7 2 0 0 9 3 0 7 3 0 7 2 0 695 0 0 0 0 0 7 1 4 32 13 0 1 20 21 5 4 0 0 0 7 1 4 28 0 3 0 1 7 2 13 13 1 0 13 7 2 13 13 88 0 3 28 0 1 7 1 4 1 28 0 2 0 0 0 24 0 0 0 7 1 4 28 88 0 0 2 0 695 0 0 24 0 0 0 6 0 11 345 2 17 288 0 44 46 47 2 0 10 0 111 5 18 1 71 1 3 0 0 7 3 140 7 2 64 0 6 1 4 206 0 3 0 7 3 0 7 3 140 7 2 64 0 2 64 2 64 0 7 3 140 7 2 64 0 2 64 0 6 2 0 0 0 98 0 1 4 3 0 7 2 0 24 3 0 0 7 3 140 7 2 64 0 2 64 0 2 64 0 2 64 0 3 0 0 0 213 7 2 70 44 46 47 98 6 7 3 140 7 2 64 0 2 64 0 2 64 0 6 97 5 18 1 1 4 206 0 3 0 7 6 3 0 1 7 3 1 0 6 6 6 35 1 18 1 6 0 206 0 5 18 1 35 1 3 120 7 2 26 0 0 6 1 4 0 0 3 0 7 1 4 44 46 47 98 2 17 0 6 20 21 5 4 0 0 0 7 2 0 28 206 0 0 0 3 0 7 1 4 44 46 47 98 2 17 0 6 12 1 4 401 0 0 0 0 3 0 6 2 222 0 0 11 690 10 272 1 0 38 192 24 192 0 44 46 47 11 15 10 0 11 15 2 17 0 44 46 47 6 6 1 1 4 88 5 4 108 3 0 7 5 4 5 4 42 2 0 108 3 0 7 2 17 2 0 2 0 0 6 0 36 0 0 104 0 7 2 0 5 4 0 5 4 36 0 0 104 0 7 2 0 2 0 6 0 2 0 3 116 7 5 4 5 4 42 36 0 0 104 0 7 2 0 3 0 2 0 3 0 2 0 43 0 2 0 43 0 5 4 170 3 0 7 2 0 0 43 0 2 0 43 0 2 0 98 3 116 7 2 0 0 3 0 2 0 3 116 7 6 0 7 6 43 3 56 7 2 0 0 6 0 3 116 7 2 0 0 6 43 7 2 0 0 6 0 1 18 1 1 6 31 0 536 1 3 0 2 0 0 536 1 3 0 6 0 6 98 1 
140	1 4 1 4 1 4 5 4 1 4 509 29 5 2 0 509 52 1 29 5 2 0 0 57 1 54 1 14 1 6 58 0 40 1 18 1 14 1 2 48 0 0 2 0 215 1 44 46 47 2 0 2 0 2 0 110 0 2 0 88 0 43 6 0 111 5 18 1 71 1 1 4 72 0 3 110 0 7 3 0 7 3 0 7 5 4 0 0 98 98 3 0 213 7 2 70 44 46 47 1 4 3 0 1 7 2 0 1 0 2 0 0 0 0 0 6 3 0 7 1 4 3 0 1 7 2 0 1 0 2 0 0 0 0 0 2 113 0 6 7 3 120 7 2 26 0 0 7 2 0 0 6 1 6 1 28 1 6 28 1 
141	510 29 5 2 0 510 52 1 29 5 2 0 0 57 1 54 1 14 1 6 58 0 111 5 18 1 71 1 2 458 6 1 
142	5 4 1 4 1 4 1 4 5 4 494 29 5 2 0 494 52 1 29 5 2 0 0 40 1 18 1 14 1 2 48 0 0 2 0 110 0 88 0 116 88 0 108 88 0 108 2 0 88 0 43 88 0 42 2 0 108 3 0 7 2 0 0 7 2 0 0 3 0 7 1 4 179 1 304 1 0 12 2 0 127 0 0 44 11 15 10 313 1 0 0 44 47 46 2 48 0 0 6 0 57 1 54 1 14 1 6 58 0 35 1 18 1 3 0 7 12 1 4 203 1 2 146 0 0 1 4 24 3 0 42 7 6 43 42 7 6 0 11 15 2 17 0 11 15 2 17 0 11 15 2 17 0 11 15 10 0 11 15 2 17 0 6 0 1 
143	523 29 5 2 0 523 52 1 29 5 2 0 0 57 1 54 1 14 1 6 58 0 35 1 18 1 1 4 28 72 0 1 4 28 72 0 3 0 0 7 2 17 0 28 98 0 44 46 47 6 3 0 1 7 2 0 1 0 3 0 1 7 2 0 1 0 3 0 1 0 1 7 2 17 0 1 44 46 47 6 6 537 1 0 1 0 1 
144	5 4 505 29 5 2 0 505 52 1 29 5 2 0 0 57 1 54 1 14 1 6 58 0 40 1 18 1 14 1 1 4 88 1 4 625 0 2 0 266 6 0 111 5 18 1 71 1 3 140 7 2 64 0 6 1 
145	1 4 0 503 29 5 2 0 503 52 1 29 5 2 0 0 57 1 54 1 14 1 6 58 0 97 5 18 1 6 35 1 18 1 6 0 1 
146	696 29 5 2 0 696 52 1 29 5 2 0 0 57 1 54 1 14 1 6 58 0 1 
147	496 29 5 2 0 496 52 1 29 5 2 0 0 57 1 54 1 14 1 6 58 0 1 
148	538 62 1 256 1 95 1 124 1 2 0 0 0 0 538 637 1 256 1 95 1 124 1 2 277 1 0 0 0 0 289 95 1 124 1 12 1 4 1 4 32 1 2 13 0 2 193 614 105 0 24 0 3 125 7 5 4 104 3 697 0 7 2 332 418 0 7 2 332 539 0 2 193 614 105 0 24 0 3 125 7 3 105 693 0 7 11 15 10 0 11 15 2 17 0 0 1 
149	1 4 1 4 540 62 1 256 1 95 1 124 1 2 0 0 2 0 0 3 0 7 2 0 1 0 2 333 0 540 637 1 256 1 95 1 124 1 2 277 1 0 0 0 0 289 95 1 12 2 193 105 0 0 11 15 10 0 11 15 2 17 0 0 96 1 67 1 6 125 105 222 0 0 1 
150	1 4 698 62 1 95 1 124 1 2 0 0 2 0 0 2 333 0 289 95 1 1 4 699 20 21 5 4 0 0 0 7 3 0 0 56 1 7 12 3 0 7 2 193 105 1 1 1 11 15 10 0 11 15 2 17 0 0 9 96 1 67 1 6 1 0 1 
151	1 4 700 62 1 95 1 124 1 2 0 0 2 0 0 2 333 0 289 95 1 1 4 699 20 21 5 4 0 0 0 7 3 0 0 56 1 7 12 3 0 7 2 193 105 1 1 1 1 11 15 10 0 11 15 2 17 0 0 9 96 1 67 1 214 1 6 1 0 1 
152	1 4 534 1 0 5 4 5 4 5 4 5 4 5 4 1 4 100 1 2 26 1 151 0 2 26 1 151 0 2 26 1 151 0 2 26 1 151 0 2 26 1 151 1 4 109 1 2 66 1 2 66 1 2 66 1 2 66 1 2 66 1 2 66 1 1 142 1 3 0 1 7 6 1 0 3 0 1 7 6 534 1 1 0 6 534 1 137 1 142 1 3 0 1 7 6 1 0 6 151 156 5 142 1 3 701 0 7 3 0 1 7 6 1 0 6 137 3 0 1 7 6 157 3 0 1 7 6 137 6 178 702 0 0 5 142 1 6 181 38 1 35 5 1 3 0 1 7 3 0 0 0 0 7 2 0 1 7 6 1 5 0 3 0 1 7 3 0 0 0 0 7 2 0 1 7 6 1 5 0 3 0 1 7 3 0 0 0 0 7 2 0 1 7 6 164 1 5 0 3 0 1 7 6 1 0 6 151 0 1 35 5 257 1 258 1 3 108 38 108 38 7 6 290 0 38 6 290 0 38 5 257 1 258 1 5 4 701 0 5 4 701 0 3 0 1 0 1 0 0 0 1 0 1 7 6 0 3 0 0 7 3 0 1 0 1 7 6 0 6 0 3 0 1 0 1 7 6 0 6 0 578 1 257 1 258 1 5 4 334 0 0 16 0 8 6 122 66 122 0 0 8 5 4 156 5 4 156 5 4 0 0 3 0 0 0 0 7 6 122 66 122 0 0 6 290 0 0 0 8 6 419 1 157 157 8 6 276 1 137 137 8 6 178 66 178 0 0 1 257 1 258 1 5 4 334 0 0 16 0 8 6 122 537 122 0 0 8 5 4 156 5 4 156 5 4 0 0 3 0 0 0 0 7 6 122 537 122 0 0 6 290 0 0 0 8 6 419 1 157 157 8 6 276 1 137 137 8 6 178 537 178 0 0 1 257 1 258 1 5 4 334 0 0 16 0 8 6 122 535 122 0 0 8 5 4 156 5 4 156 5 4 0 0 3 0 0 0 0 7 6 122 535 122 0 0 6 290 0 0 0 8 6 419 1 157 157 8 6 276 1 137 137 8 6 178 535 178 0 0 1 257 1 258 1 5 4 334 0 0 16 0 8 1 4 122 0 1 4 122 0 6 688 0 8 5 4 156 5 4 156 6 290 0 0 0 0 8 6 419 1 157 157 8 6 276 1 137 137 8 6 178 688 178 0 0 0 1 257 1 258 1 5 4 334 0 0 16 0 8 6 122 122 0 0 8 6 290 156 156 0 0 8 6 419 1 157 157 8 6 276 1 137 137 8 10 1 5 257 1 258 1 5 4 334 0 0 16 0 8 6 122 702 122 0 0 8 5 4 156 5 4 156 3 0 0 7 6 3 0 0 7 6 6 8 5 4 157 5 4 157 3 0 0 7 6 3 0 0 7 6 6 8 5 4 137 5 4 137 3 0 0 7 6 3 0 0 7 6 6 8 6 178 702 178 0 0 
153	142 1 1 142 1 141 5 1 141 5 5 57 1 54 1 14 1 1 54 1 14 1 1 1 189 5 40 1 18 1 14 1 97 5 18 1 35 1 18 1 111 5 18 1 71 1 96 1 67 1 18 1 74 5 5 536 1 5 319 5 320 5 
154	1 76 1 1 4 32 1 3 0 116 7 6 1 4 0 36 0 7 2 0 0 36 0 7 1 4 0 1 4 32 1 20 21 5 4 0 42 0 7 5 4 104 0 3 0 0 7 2 13 0 3 0 7 5 4 5 4 5 4 0 20 21 0 0 0 42 0 7 5 4 104 0 3 0 7 89 3 0 7 2 0 2 0 7 2 0 3 0 7 1 4 43 0 0 2 13 0 2 0 0 2 13 24 2 0 0 6 24 1 76 1 6 0 0 1 420 1 703 1 1 4 32 1 20 21 5 4 0 42 7 5 4 104 0 16 0 8 1 4 32 1 20 21 0 0 42 0 7 2 0 104 0 3 0 0 0 2 13 0 3 0 0 89 9 3 42 7 1 4 31 24 3 0 2 13 13 24 2 13 24 9 8 2 13 0 2 0 9 6 24 
155	1 4 541 62 1 256 1 95 1 124 1 2 0 0 2 0 0 3 312 0 7 2 333 0 0 541 307 1 256 1 95 1 124 1 2 277 1 0 0 0 0 400 1 6 0 289 95 1 124 1 12 1 4 1 4 32 1 2 13 0 2 193 105 0 24 0 3 125 7 5 4 104 3 697 0 7 2 332 418 0 7 2 332 539 0 2 193 105 0 24 0 11 15 10 0 11 15 2 17 0 0 96 1 67 1 6 125 105 222 0 1 1 
156	1 4 1 4 704 62 1 256 1 95 1 214 1 124 1 2 0 0 2 0 0 2 0 0 2 333 0 0 289 95 1 214 1 1 4 3 0 7 2 0 1 0 7 2 0 1 0 0 12 2 193 105 0 0 11 15 10 0 11 15 2 17 0 0 96 1 67 1 35 1 1 4 3 125 7 3 0 7 2 0 1 0 7 2 0 1 0 0 6 105 222 0 0 6 1 
157	1 4 1 4 96 1 67 1 35 1 5 6 0 287 1 6 0 136 1 2 0 0 
158	1 4 705 62 1 256 1 95 1 124 1 214 1 2 0 0 2 0 0 3 312 0 7 2 333 0 0 0 400 1 6 0 289 95 1 124 1 214 1 1 4 1 0 12 1 4 32 1 2 13 0 2 193 105 0 24 0 3 125 7 5 4 104 3 697 0 7 2 332 418 0 7 2 332 539 0 2 193 105 0 24 0 11 15 10 0 11 15 2 17 0 0 96 1 67 1 35 1 1 4 1 0 6 125 105 222 0 0 1 
159	1 4 1 4 1 4 1 4 5 4 1 4 5 4 5 4 1 4 1 4 706 141 5 2 0 0 706 52 1 141 5 2 0 2 0 0 76 1 2 0 0 1 6 0 1 6 0 142 1 2 0 0 1 6 0 142 1 141 5 3 0 7 2 0 1 0 3 0 0 7 1 4 1 0 2 143 0 0 0 2 0 0 2 0 0 0 1 141 5 6 0 0 5 6 0 0 57 1 54 1 14 1 6 58 0 1 54 1 14 1 3 0 7 20 21 5 4 0 0 0 7 2 0 0 0 0 6 0 182 1 340 1 6 0 24 340 1 2 102 24 0 3 0 7 20 21 5 4 0 0 0 7 1 4 1 0 0 3 0 7 2 0 536 1 1 4 0 1 4 32 1 0 36 0 0 7 2 0 0 2 13 0 6 24 40 1 18 1 14 1 2 0 1 0 2 0 33 5 4 4 120 20 21 0 0 0 0 7 2 28 48 0 0 0 6 0 97 5 18 1 6 35 1 18 1 6 111 5 18 1 71 1 5 4 4 120 20 21 0 0 0 0 2 28 146 0 0 0 6 96 1 67 1 18 1 6 189 5 6 0 74 5 2 0 0 5 6 0 2 0 5 6 0 319 5 6 0 320 5 6 0 182 1 1 4 32 1 20 21 1 4 88 0 7 2 13 13 0 13 3 0 7 3 56 624 7 9 7 2 13 2 0 0 6 13 216 13 13 13 120 13 0 24 1 1 
160	707 292 5 1 4 12 1 4 203 1 2 0 179 1 426 1 561 0 0 5 4 5 5 4 36 0 275 0 2 64 0 0 2 24 6 11 15 10 0 11 15 2 33 17 0 6 3 0 7 12 2 90 11 1 
161	1 4 1 4 5 4 5 4 5 4 5 4 1 4 1 4 0 1 4 270 75 1 2 0 0 292 5 259 5 6 5 2 0 0 5 3 0 7 6 6 708 0 2 0 708 0 0 576 39 1 2 0 0 200 1 6 0 421 86 1 2 0 0 387 1 6 0 183 5 6 0 575 5 2 0 0 1 6 0 1 2 0 0 14 1 2 0 0 1 6 0 
162	269 75 1 129 1 709 1 139 1 709 1 126 1 172 1 709 1 1 
163	1 4 212 1 1 4 269 75 1 2 0 0 5 4 175 0 3 0 7 1 4 710 1 0 2 0 2 0 0 2 33 34 38 129 1 25 1 6 1 31 0 139 1 25 1 35 1 6 1 26 0 0 172 1 25 1 6 1 113 0 1 6 564 83 1 
164	422 1 135 1 423 5 1 4 16 0 8 0 2 0 560 1 9 8 0 2 0 707 1 9 6 0 
165	5 4 5 4 269 75 1 422 1 135 1 423 5 86 1 315 1 135 1 
166	5 4 5 4 1 4 1 4 1 4 109 1 1 4 109 1 5 4 5 4 1 4 1 4 269 119 1 3 0 7 2 80 6 1 4 2 0 0 2 0 33 2 34 38 2 20 21 1 4 83 84 7 1 4 1 85 1 4 149 68 1 4 1 31 3 0 7 2 0 0 3 0 7 2 0 0 0 7 2 17 68 0 2 0 0 2 48 0 2 66 0 2 0 110 0 1 4 68 0 1 4 3 312 0 7 12 2 0 187 0 11 316 2 17 0 2 0 3 0 1 7 2 17 0 45 1 2 0 3 0 7 2 0 1 2 0 1 0 2 449 0 2 117 1 4 207 542 0 2 543 0 20 21 1 4 83 84 7 1 4 1 85 1 4 32 1 0 2 13 13 0 1 4 207 24 3 0 7 2 80 0 89 2 145 0 0 2 66 0 422 1 135 1 423 5 86 1 1 4 0 0 1 4 31 0 3 0 7 12 2 0 0 11 226 2 113 0 6 318 0 0 0 11 441 2 17 0 10 0 11 346 10 0 11 15 2 17 0 10 0 7 12 2 0 0 0 0 3 482 7 2 26 0 0 11 226 2 17 0 10 0 11 441 2 17 0 10 0 11 346 10 0 11 15 2 17 0 10 0 6 0 1 135 1 423 5 86 1 1 4 318 0 0 2 0 2 0 2 296 0 5 4 20 21 1 4 83 84 7 1 4 1 85 2 0 12 3 431 7 3 0 94 7 2 34 0 2 0 132 0 9 11 226 3 623 7 10 91 1 0 2 0 2 482 2 6 0 126 1 86 1 3 7 2 3 7 3 56 241 0 7 2 80 45 241 0 2 296 0 5 4 482 132 0 2 431 2 0 422 1 135 1 423 5 6 318 0 0 0 315 1 135 1 20 21 1 4 83 84 7 1 4 1 85 1 4 12 2 0 561 0 3 0 7 6 38 24 11 226 3 0 7 12 2 90 11 6 1 
167	40 138 1 3 636 7 2 117 291 1 39 1 1 4 3 202 0 7 10 91 1 12 2 0 188 38 0 11 711 10 1 1 0 0 3 0 7 1 4 0 10 91 1 0 6 0 259 5 126 1 6 183 5 126 1 6 1 
168	1 4 1 4 1 4 1 4 1 4 1 4 1 4 40 138 1 2 0 149 68 2 0 149 68 2 0 149 68 2 0 149 68 2 0 149 68 3 0 7 3 94 7 2 34 0 2 34 0 0 0 2 117 3 0 7 3 94 7 2 34 0 0 2 34 0 0 0 2 117 7 2 80 1 2 0 0 259 5 126 1 6 132 0 183 5 126 1 6 0 291 1 39 1 3 202 0 7 10 91 1 1 4 1 4 12 2 0 2 0 0 0 0 3 85 7 1 4 0 3 0 7 10 91 1 0 6 544 1 0 7 10 91 1 0 11 1 4 0 2 17 0 0 10 91 1 0 11 1 4 0 2 17 0 0 10 91 1 0 2 0 2 0 5 126 1 1 5 4 1 4 45 3 0 42 7 2 17 7 1 4 1 4 12 2 0 2 0 0 0 0 3 85 7 1 4 0 2 0 0 7 2 17 0 0 11 1 4 0 0 2 17 0 0 10 185 0 0 11 1 4 0 0 2 17 0 0 10 185 0 0 2 0 2 0 6 0 1 3 0 7 6 3 0 7 2 0 1 2 0 1 0 6 1 3 0 7 12 2 90 11 346 10 0 11 15 2 80 0 75 1 3 0 7 12 2 90 11 346 10 0 11 15 2 80 0 1 1 1 82 1 1 4 0 0 0 2 0 6 1 
169	1 4 109 1 1 4 710 100 1 5 4 40 138 1 3 636 7 2 117 2 436 542 2 0 110 3 94 7 2 34 0 2 543 0 3 213 7 5 4 106 20 21 5 4 0 0 0 7 2 70 1 31 0 2 117 291 1 82 1 3 202 0 7 10 91 1 1 4 0 3 0 42 7 1 4 0 2 17 0 10 91 1 0 5 4 106 20 21 5 4 0 0 0 7 1 4 1 31 0 1 4 12 2 0 0 0 11 123 2 17 0 0 3 0 7 2 26 0 0 6 0 10 91 1 0 1 335 1 464 1 12 1 4 545 0 0 3 546 7 1 4 12 2 0 547 1 229 3 0 7 1 4 12 2 0 468 1 0 3 94 7 2 34 0 6 544 1 0 11 15 2 0 10 0 7 6 544 1 0 11 15 2 0 10 0 7 6 11 711 6 1 3 0 7 12 2 90 11 123 259 5 126 1 5 4 1 4 45 1 4 1 31 0 1 4 20 21 5 4 0 0 106 0 7 1 4 1 31 0 1 4 545 0 0 3 546 7 2 0 0 1 4 545 0 0 3 0 197 7 3 56 0 546 7 2 0 198 132 6 0 183 5 126 1 1 4 1 31 45 1 4 545 0 45 3 546 7 6 198 7 6 1 335 1 464 1 1 4 3 56 0 7 2 0 131 1 0 7 3 116 7 2 0 43 2 0 131 1 0 0 6 0 1 
170	1 4 1 4 1 4 1 4 712 75 1 1 2 0 33 2 0 0 2 48 3 94 7 2 34 0 40 12 3 94 7 2 34 0 1 4 713 1 0 2 0 1 2 2 2 2 2 0 11 123 2 17 0 0 606 12 2 90 11 15 2 17 0 2 0 2 0 2 117 422 1 1 1 4 12 1 4 0 3 0 7 2 0 0 11 711 2 17 0 10 91 1 0 6 0 1 1 4 212 1 1 4 36 317 7 1 4 1 246 3 7 2 26 45 0 6 0 1 6 0 
171	1 4 100 1 1 4 100 1 40 138 1 2 117 1 4 542 2 543 0 3 0 106 7 2 0 542 2 543 0 3 0 106 7 2 70 3 0 7 2 34 106 20 21 5 4 0 106 0 7 2 1 31 0 2 117 335 1 3 94 7 2 34 0 3 0 7 2 17 3 116 7 2 17 3 309 7 2 0 2 0 1 4 712 1 0 0 2 2 26 0 335 1 3 181 0 7 1 4 1 31 0 2 90 1 2 0 291 1 714 1 1 4 3 202 0 7 10 91 1 1 4 0 3 0 42 7 1 4 0 2 17 0 10 91 1 0 3 116 7 2 0 43 3 181 0 7 1 4 1 31 0 3 181 0 7 1 4 1 31 0 2 0 318 0 6 0 10 91 1 0 259 5 126 1 6 183 5 126 1 6 1 
172	5 4 5 4 1 4 1 4 1 4 75 1 138 1 2 0 0 2 0 33 12 2 0 110 11 15 2 0 2 17 0 0 12 2 0 11 15 2 0 2 17 0 0 2 0 45 1 12 2 0 68 0 11 15 2 17 0 0 40 138 1 291 1 714 1 259 5 126 1 183 5 126 1 1 6 0 35 5 2 0 0 5 6 0 5 2 0 0 5 6 0 
173	1 75 1 1 1 4 12 2 0 1 187 0 2 33 34 38 45 6 0 11 15 2 33 17 0 10 130 1 0 0 
174	1 4 1 4 45 1 1 4 1 4 1 6 548 40 138 1 2 70 1 4 68 0 0 1 4 68 0 0 2 0 2 296 0 2 48 0 2 70 291 1 39 1 3 202 0 7 10 91 1 1 4 548 715 0 3 0 7 10 91 1 0 5 4 12 2 0 384 241 6 644 1 0 11 10 240 1 241 0 259 5 126 1 1 4 5 4 2 0 548 715 45 3 0 7 2 0 132 132 6 0 183 5 126 1 1 4 2 0 548 715 45 6 0 132 5 4 1 4 1 3 0 7 10 208 1 12 2 0 1 187 0 11 316 10 240 1 0 0 11 10 240 1 0 0 11 10 240 1 0 0 421 86 1 3 0 7 10 208 1 2 296 0 40 62 1 3 0 7 10 208 1 3 213 7 2 70 38 45 2 70 241 2 0 1 3 0 7 10 208 1 6 0 1 
175	1 4 1 4 40 138 1 2 117 2 0 210 3 213 7 20 21 5 4 0 0 0 7 2 70 0 0 2 0 100 1 2 117 291 1 39 1 3 202 0 7 10 91 1 1 4 1 4 20 21 5 4 0 0 0 7 12 1 4 713 1 0 0 0 2 0 3 0 7 3 94 2 34 0 0 0 2 26 0 0 0 9 11 123 3 94 2 34 0 0 0 0 3 0 7 2 0 0 3 0 7 1 4 3 0 7 2 0 0 7 2 0 103 10 91 1 0 6 0 259 5 126 1 5 4 132 0 3 0 0 132 7 6 6 183 5 126 1 1 4 45 1 4 1 31 0 12 1 4 713 1 0 0 1 4 6 132 11 123 2 80 0 0 0 6 1 
176	1 4 1 4 5 4 716 549 1 86 1 2 0 2 296 0 1 6 0 183 5 6 0 549 1 2 0 0 2 0 708 575 5 2 0 0 387 1 6 0 421 86 1 2 0 0 
177	1 39 1 39 1 549 1 39 1 421 86 1 387 1 
178	1 4 710 100 1 1 4 0 1 39 1 6 1 31 0 39 1 549 1 2 26 0 716 1 0 241 39 1 2 113 0 387 1 6 0 421 86 1 2 0 0 1 
179	1 4 1 4 71 1 2 0 0 18 1 2 0 0 22 1 19 1 14 1 2 0 60 0 6 0 22 1 19 1 14 1 2 0 60 0 6 0 22 1 19 1 14 1 2 0 60 0 6 0 22 1 19 1 14 1 2 0 60 0 6 0 22 1 19 1 14 1 2 0 60 0 6 0 22 1 19 1 14 1 2 0 60 0 6 0 22 1 19 1 14 1 2 0 60 0 6 0 22 1 19 1 14 1 2 0 60 0 6 0 22 1 19 1 14 1 2 0 60 0 6 0 22 1 19 1 14 1 2 0 60 0 6 0 22 1 19 1 14 1 2 0 60 0 6 0 22 1 19 1 14 1 2 0 60 0 6 0 22 1 19 1 14 1 2 0 60 0 6 0 22 1 19 1 14 1 2 0 60 0 6 0 22 1 19 1 14 1 2 0 60 0 6 0 22 1 19 1 14 1 2 0 60 0 6 0 22 1 19 1 14 1 2 0 60 0 6 0 22 1 19 1 14 1 2 0 60 0 6 0 22 1 19 1 14 1 2 0 60 0 6 0 22 1 19 1 14 1 2 0 60 0 6 0 22 1 19 1 14 1 2 0 60 0 6 0 22 1 19 1 14 1 2 0 60 0 6 0 22 1 19 1 14 1 2 0 60 0 6 0 22 1 19 1 14 1 2 0 60 0 6 0 22 1 19 1 14 1 2 0 60 0 6 0 22 1 19 1 14 1 2 0 60 0 6 0 22 1 19 1 14 1 2 0 60 0 6 0 22 1 19 1 14 1 2 0 60 0 6 0 22 1 19 1 14 1 2 0 60 0 6 0 22 1 19 1 14 1 2 0 60 0 6 0 22 1 19 1 14 1 2 0 60 0 6 0 22 1 19 1 14 1 2 0 60 0 6 0 22 1 19 1 14 1 2 0 60 0 6 0 22 1 19 1 14 1 2 0 60 0 6 0 22 1 19 1 14 1 2 0 60 0 6 0 22 1 19 1 14 1 2 0 60 0 6 0 22 1 19 1 14 1 2 0 60 0 6 0 22 1 19 1 14 1 2 0 60 0 6 0 22 1 19 1 14 1 2 0 60 0 6 0 22 1 19 1 14 1 2 0 60 0 6 0 22 1 19 1 14 1 2 0 60 0 6 0 1 
180	5 4 5 4 1 1 4 32 1 20 21 5 4 0 0 0 7 2 13 6 24 1 19 1 14 1 1 4 1 4 1 4 3 0 7 2 0 88 3 0 116 2 0 0 2 0 0 0 2 102 0 0 2 0 2 0 60 0 2 0 6 0 22 1 19 1 14 1 6 65 0 0 22 1 19 1 14 1 6 65 0 0 22 1 19 1 14 1 6 65 0 0 22 1 19 1 14 1 6 65 0 0 22 1 19 1 14 1 6 65 0 0 22 1 19 1 14 1 6 65 0 0 22 1 19 1 14 1 6 65 0 0 22 1 19 1 14 1 6 65 0 0 22 1 19 1 14 1 6 65 0 0 22 1 19 1 14 1 6 65 0 0 22 1 19 1 14 1 6 65 0 0 22 1 19 1 14 1 6 65 0 0 22 1 19 1 14 1 6 65 0 0 22 1 19 1 14 1 6 65 0 0 22 1 19 1 14 1 6 65 0 0 22 1 19 1 14 1 6 65 0 0 22 1 19 1 14 1 6 65 0 0 22 1 19 1 14 1 6 65 0 0 22 1 19 1 14 1 6 65 0 0 22 1 19 1 14 1 6 65 0 0 22 1 19 1 14 1 6 65 0 0 22 1 19 1 14 1 6 65 0 0 22 1 19 1 14 1 6 65 0 0 22 1 19 1 14 1 6 65 0 0 22 1 19 1 14 1 6 65 0 0 22 1 19 1 14 1 6 65 0 0 22 1 19 1 14 1 6 65 0 0 22 1 19 1 14 1 6 65 0 0 22 1 19 1 14 1 6 65 0 0 22 1 19 1 14 1 6 65 0 0 22 1 19 1 14 1 6 65 0 0 22 1 19 1 14 1 6 65 0 0 22 1 19 1 14 1 6 65 0 0 22 1 19 1 14 1 6 65 0 0 22 1 19 1 14 1 6 65 0 0 22 1 19 1 14 1 6 65 0 0 22 1 19 1 14 1 6 65 0 0 22 1 19 1 14 1 6 65 0 0 22 1 19 1 14 1 6 65 0 0 22 1 19 1 14 1 6 65 0 0 1 
181	1 4 629 1 2 0 0 22 1 19 1 14 1 1 4 1 31 98 43 3 0 7 2 0 2 0 60 0 6 0 1 
182	1 4 1 4 1 4 1 4 1 4 1 4 1 4 1 4 1 4 470 1 40 717 1 2 48 0 2 0 2 0 68 0 0 717 1 12 1 4 0 2 48 0 11 15 10 1 0 0 1 717 1 1 4 550 0 3 0 42 7 1 4 2 0 550 0 3 0 42 7 2 0 550 0 3 0 42 7 2 0 550 0 3 0 42 7 2 51 0 0 7 2 51 0 0 1 4 398 1 3 0 7 2 209 188 0 6 0 223 1 224 1 2 0 0 223 1 224 1 2 0 0 223 1 224 1 1 4 12 2 0 0 0 2 0 0 1 4 0 0 0 3 0 7 6 2 584 0 0 0 11 15 2 17 0 0 0 2 0 0 0 223 1 224 1 18 1 347 464 1 18 1 224 1 1 4 1 4 1 4 12 2 0 1 31 3 0 7 2 0 388 1 434 1 0 0 7 2 434 1 0 0 2 264 0 0 3 0 7 12 2 265 11 15 2 2 26 0 223 1 224 1 1 4 0 5 4 170 3 0 0 42 108 0 7 1 4 0 3 228 0 7 2 0 0 2 0 1 223 1 6 68 0 0 1 223 1 224 1 1 4 169 1 2 26 0 0 2 26 0 0 6 0 134 1 39 1 6 101 0 134 1 39 1 86 1 6 101 0 0 1 223 1 224 1 1 1 4 0 3 0 7 10 130 1 6 0 1 1 10 130 1 147 223 1 224 1 551 1 1 4 32 1 2 13 2 13 2 13 2 13 2 13 1 4 103 3 0 42 7 2 13 0 2 13 1 4 203 1 2 158 596 1 0 2 13 24 2 13 2 13 2 13 2 190 24 1 
183	1 4 1 4 1 4 1 4 398 1 1 4 1 4 212 1 1 4 424 1 1 4 1 4 1 4 424 2 1 6 0 1 2 0 0 424 1 12 1 4 12 2 0 544 1 547 1 0 2 209 0 3 0 7 2 90 11 15 2 102 0 103 2 424 1 2 0 1 565 1 4 425 1 12 1 4 12 2 0 188 0 2 209 0 3 0 7 2 90 11 123 2 102 103 568 569 1 2 26 0 0 1 6 92 0 1 2 26 0 0 1 6 92 0 718 1 2 0 0 719 1 2 0 0 1 335 1 86 1 1 4 3 0 42 56 56 7 2 0 1 0 7 2 0 1 434 1 1 0 0 6 0 134 1 82 1 86 1 1 4 3 0 42 56 56 7 2 0 101 0 7 2 0 101 0 0 6 0 150 1 720 1 552 1 6 127 0 0 150 1 720 1 552 1 1 171 1 6 127 0 0 0 0 150 1 720 1 719 1 552 1 718 1 1 171 1 3 0 0 7 2 26 0 0 1 4 101 0 0 0 0 3 0 56 7 1 4 203 1 2 264 0 0 6 24 7 1 4 3 31 0 7 2 0 0 0 0 0 0 2 26 0 0 7 2 0 1 31 0 1 4 169 1 0 2 264 0 0 6 150 1 1 1 2 0 0 2 0 2 0 1 4 101 0 0 1 4 203 1 2 264 0 0 6 24 1 1 2 0 0 6 0 18 1 1 1 4 36 317 7 1 4 246 24 2 26 0 31 0 18 1 2 26 0 2 26 18 1 1 4 36 317 7 1 4 1 246 3 116 7 1 4 92 0 5 4 170 1 4 43 0 12 1 4 187 0 2 26 0 0 11 15 2 158 487 1 4 83 36 84 7 1 4 1 85 12 2 265 11 15 12 2 90 11 15 2 205 
184	1 4 1 4 1 4 1 4 1 4 1 4 1 4 1 4 5 4 1 4 1 4 1 4 1 2 0 0 1 6 0 568 569 1 1 4 32 1 1 4 297 1 0 36 336 7 1 4 430 721 2 13 429 3 336 7 2 13 2 0 24 2 102 0 1 6 0 1 12 2 0 429 11 123 10 115 1 0 1 6 0 552 1 2 0 0 718 1 2 0 0 719 1 2 0 0 1 6 0 62 1 2 0 0 1 6 0 199 1 1 4 0 2 0 262 1 20 21 5 4 0 0 0 7 1 4 262 1 12 1 4 430 0 0 2 51 0 2 209 547 1 0 11 15 1 4 38 425 12 1 4 188 0 0 3 0 7 10 115 1 0 0 7 2 209 0 11 123 2 0 3 0 7 20 21 1 4 460 84 7 1 4 1 85 1 4 149 68 0 2 145 0 0 1 6 0 5 2 0 0 1 2 0 0 1 2 0 0 1 6 169 1 96 3 0 0 7 10 115 1 3 0 7 10 115 1 3 0 7 10 115 1 3 0 7 10 115 1 1 4 295 1 12 3 0 7 2 51 0 0 2 145 0 0 3 0 7 2 51 2 301 0 2 145 0 2 145 0 0 2 145 0 0 3 0 7 2 145 0 0 2 48 1 4 406 2 0 2 0 2 0 2 0 3 0 7 2 0 1 4 131 1 0 3 197 7 2 574 1 4 0 0 0 2 51 0 0 1 4 0 0 1 4 2 0 3 0 7 1 4 460 36 84 7 1 4 1 85 1 4 149 68 0 12 2 26 0 164 1 0 11 1 4 0 3 0 7 2 26 0 151 0 7 3 309 7 2 0 430 429 0 2 0 43 108 2 26 0 0 2 64 127 0 0 2 265 2 90 2 486 2 11 15 10 0 11 15 10 115 1 288 0 466 11 15 10 115 1 0 0 11 15 10 115 1 0 0 11 15 10 115 1 0 0 18 1 2 26 24 1 1 
185	1 1 1 4 1 4 406 12 3 0 7 2 0 0 7 2 0 0 11 15 10 0 11 15 10 563 1 103 6 0 1 1 1 4 398 1 1 4 406 1 4 297 1 0 36 336 7 1 4 721 1 4 12 1 4 0 3 116 0 7 2 0 0 0 2 0 547 1 0 2 209 0 9 3 0 7 2 90 6 0 1 1 1 4 398 1 1 4 38 425 1 4 12 1 4 116 43 42 0 2 0 188 0 2 209 0 3 0 7 2 90 6 0 
186	1 4 5 4 5 4 722 453 1 3 38 7 10 201 1 2 0 0 2 0 2 0 0 1 3 0 0 6 31 0 0 10 1 0 0 5 6 0 0 172 10 405 1 1 
187	1 95 1 1 4 3 0 7 12 6 0 0 11 6 0 1 95 1 6 38 343 0 1 353 1 39 1 1 4 36 116 7 2 0 43 1 4 3 0 7 2 0 425 2 0 188 0 7 2 0 188 0 3 0 7 2 0 425 3 0 2 0 188 0 6 0 
188	18 1 
189	1 4 723 1 2 0 0 1 6 246 5 6 317 172 1 
190	5 4 1 27 1 551 1 6 1 1 0 0 1 95 1 27 1 551 1 1 4 3 0 7 12 1 4 1 1 1 2 0 1 343 1 0 0 11 15 10 0 11 15 2 0 3 0 7 12 1 4 1 1 2 0 1 343 1 0 0 11 15 10 0 11 15 6 0 1 551 1 3 0 7 12 1 4 38 105 1 1 2 222 0 1 0 11 15 10 0 11 15 2 0 
191	270 75 1 
192	1 4 5 4 5 4 470 5 2 0 0 2 0 1 0 139 67 1 5 4 159 3 0 0 7 2 0 0 3 0 7 2 0 0 0 129 1 159 3 0 7 1 4 0 0 2 0 0 2 0 6 0 6 5 6 0 1 6 0 
193	1 4 92 1 306 1 1 4 32 1 5 4 106 20 21 5 4 0 0 0 7 2 13 31 24 0 6 24 1 1 6 104 0 1 14 1 1 4 1 4 32 1 2 0 0 1 4 297 1 0 36 336 7 1 4 1 246 2 13 0 6 24 1 14 1 6 0 1 14 1 1 1 4 1 4 32 1 2 0 0 1 4 297 1 0 0 36 336 7 1 4 1 246 2 13 0 6 24 1 14 1 1 4 43 418 1 4 43 539 6 0 0 1 14 1 1 4 43 418 1 4 43 6 0 0 1 314 1 361 1 1 4 109 1 1 4 297 1 0 0 36 336 7 2 66 721 6 1 293 1 106 1 160 1 141 5 6 0 0 0 1 160 1 141 5 1 3 0 0 0 7 6 0 5 4 42 3 42 309 0 7 2 0 2 0 3 0 7 2 0 0 3 0 7 2 0 6 43 0 1 420 1 703 1 6 0 1 0 1 420 1 703 1 1 4 32 1 20 21 5 4 0 42 7 5 4 104 0 16 0 8 1 4 32 1 20 21 0 0 42 0 7 2 0 104 0 3 0 0 2 13 0 9 3 42 7 1 4 1 31 24 3 0 7 2 13 0 9 8 2 13 0 2 0 9 6 0 1 199 1 1 4 1 4 12 2 0 131 1 0 3 197 7 1 4 12 2 0 1 0 5 4 5 5 42 2 275 0 2 0 533 1 0 11 15 2 158 3 0 7 2 90 11 15 2 158 6 0 1 420 1 5 4 104 1 4 32 1 20 21 5 4 0 42 0 7 5 4 104 0 3 0 0 7 2 13 0 2 0 0 6 24 1 420 1 5 4 104 1 4 32 1 20 21 5 4 0 42 0 7 5 4 104 0 3 0 0 7 2 13 0 2 0 0 6 24 1 314 1 1 1 5 4 3 0 108 0 0 7 5 4 266 5 4 266 5 4 42 1 4 32 1 0 2 13 13 0 0 0 2 0 0 5 4 0 36 0 108 0 0 7 2 13 13 0 0 0 0 0 2 0 0 2 0 0 2 13 0 0 0 0 6 24 6 0 1 15 1 1 4 12 1 4 1 2 158 596 1 0 2 0 24 11 6 0 1 335 1 1 4 0 3 108 7 2 0 3 116 7 2 0 0 36 7 3 0 9 2 0 43 0 43 0 36 7 5 4 108 3 0 9 2 0 43 0 43 0 36 7 5 4 108 3 0 9 2 0 43 0 43 0 36 7 5 4 108 3 0 9 3 0 7 5 4 170 0 2 0 43 0 43 0 6 0 1 177 5 1 1 3 0 7 6 0 7 6 0 5 306 1 5 4 106 20 21 5 4 0 0 0 7 3 31 0 31 24 42 0 7 6 6 1 306 1 3 0 6 5 4 106 20 21 5 4 0 0 0 2 0 149 1 31 0 6 0 1 160 1 3 0 7 6 7 6 
194	1 
195	5 4 1 4 1 4 1 4 724 95 1 62 1 2 0 0 2 0 0 3 0 94 7 2 34 2 34 0 2 0 725 1 0 2 3 0 94 7 2 34 1 6 0 1 39 1 174 1 6 31 0 0 1 4 109 1 20 21 1 4 0 0 7 3 582 439 7 2 66 0 3 0 94 7 2 34 0 1 4 699 20 21 5 4 0 0 0 7 3 582 0 0 439 7 2 66 0 0 3 0 94 7 2 34 0 0 20 21 1 4 83 84 7 1 4 1 85 3 0 94 7 2 34 0 12 1 4 20 21 5 4 0 0 0 7 5 4 0 0 439 7 3 0 7 2 26 0 0 11 15 3 94 7 2 34 0 0 725 1 4 1 1 4 1 1 4 100 1 2 26 0 45 1 2 26 0 45 1 2 26 0 45 1 2 26 0 45 1 2 26 0 45 1 2 26 0 45 1 2 26 0 45 1 2 26 0 45 1 1 4 1 4 100 1 1 4 1 725 62 1 2 0 0 129 1 39 1 174 1 1 4 0 0 1 4 31 0 3 0 0 7 6 3 0 7 12 2 0 0 0 11 2 26 0 0 10 0 2 26 0 0 0 0 6 1 0 139 136 1 1 4 0 3 31 0 7 2 26 0 0 2 66 0 3 0 94 7 2 34 0 1 136 1 1 4 1 4 32 1 45 20 21 5 4 0 0 0 7 3 0 0 7 2 13 1 31 0 0 7 2 13 0 0 45 6 24 1 136 1 174 1 1 4 32 13 0 1 20 21 5 4 0 0 0 7 1 4 0 0 3 0 7 2 0 0 2 13 38 45 6 24 
196	5 4 5 4 1 4 215 714 1 314 5 5 2 0 0 2 0 0 2 0 0 215 271 1 6 0 319 5 6 0 320 5 6 0 182 1 6 163 46 47 
197	1 4 1 4 
198	1 4 396 62 1 2 0 396 1 2 277 1 0 287 1 107 1 39 1 174 1 12 6 105 0 0 0 11 1 4 32 13 0 13 1 20 21 5 4 0 0 0 7 3 0 7 2 13 3 0 0 7 2 13 7 2 13 0 0 38 45 2 13 13 0 2 17 24 6 726 2 2 70 0 1 
199	1 4 1 4 62 1 2 0 0 2 287 1 107 1 39 1 174 1 3 0 7 10 201 1 3 0 7 10 201 1 1 4 1 4 553 159 0 2 0 31 0 3 0 7 2 0 26 0 6 0 0 1 6 0 2 553 205 1 107 1 6 553 26 0 1 107 1 6 553 31 0 726 107 1 554 1 107 1 554 1 1 
200	437 129 1 107 1 139 1 107 1 555 1 555 1 
201	1 4 1 4 100 1 1 4 585 1 1 4 585 1 62 1 2 0 0 437 2 205 2 205 20 21 1 4 83 84 7 2 1 85 129 1 107 1 3 0 7 10 201 1 1 4 1 31 0 3 0 7 3 267 45 7 2 205 20 21 1 4 83 84 7 2 1 85 6 0 139 1 107 1 1 4 724 1 0 0 2 26 0 0 2 66 45 20 21 1 4 83 84 7 2 1 85 6 0 555 1 2 66 0 555 1 2 113 0 1 
202	726 107 1 554 1 107 1 554 1 
203	5 95 1 136 1 
204	1 4 1 4 727 1 1 62 1 2 0 2 0 0 2 0 0 287 1 95 1 380 1 174 1 3 0 0 7 2 80 0 45 6 7 6 105 0 0 0 5 95 1 380 1 3 0 56 56 7 6 3 211 0 1 7 6 3 211 0 1 7 6 3 211 0 1 7 6 3 211 0 1 0 56 7 6 1 4 45 3 116 309 7 2 0 43 42 1 4 5 4 170 2 0 0 43 0 5 4 0 20 21 5 4 0 0 0 7 3 56 0 0 7 6 2 0 0 20 21 5 4 0 0 0 7 3 56 0 0 7 6 6 1 1 
205	1 4 2 40 1 4 207 210 0 1 4 207 210 0 2 0 727 1 0 0 0 728 1 225 1 141 1 3 0 1 0 7 2 80 38 45 6 7 6 0 0 270 75 1 2 0 0 1 1 
206	40 728 1 225 1 74 1 287 1 225 1 136 1 604 1 74 1 1 225 1 556 1 74 1 1 225 1 556 1 214 1 74 1 
207	1 4 1 4 40 2 0 396 1 0 62 1 2 0 0 1 2 277 1 0 728 1 225 1 141 1 3 38 7 6 722 1 0 3 0 1 7 6 1 0 3 0 1 7 6 1 0 3 0 1 7 3 94 7 2 34 0 6 1 0 3 0 1 7 3 94 7 2 34 0 6 723 1 1 0 2 70 0 6 287 1 225 1 380 1 604 1 141 1 3 0 7 6 1 4 105 38 0 0 6 0 557 1 0 1 225 1 556 1 141 1 3 0 7 6 1 4 38 1 4 541 1 0 0 0 0 3 125 7 2 0 698 1 0 0 0 3 125 7 2 0 540 1 0 0 0 0 3 125 7 2 0 538 1 0 0 0 0 6 125 558 1 0 1 225 1 556 1 214 1 141 1 3 0 7 6 1 4 38 1 4 705 1 0 0 0 0 0 3 125 7 2 0 700 1 0 0 0 3 125 7 2 0 704 1 0 0 0 0 0 6 125 559 1 0 557 1 4 557 1 2 0 0 557 2 0 337 1 67 1 174 1 6 222 0 0 338 5 6 239 1 6 45 1 6 693 1 558 1 4 558 1 2 0 0 558 2 0 337 1 67 1 6 206 0 338 5 6 239 1 6 125 105 45 1 559 1 4 559 1 2 0 0 559 2 0 337 1 67 1 35 1 6 206 0 0 338 5 6 239 1 6 125 105 45 1 1 1 
208	62 1 1 
209	337 1 67 1 174 1 338 5 239 1 1 
210	337 1 67 1 338 5 239 1 
211	337 1 67 1 214 1 338 5 239 1 
