0	1 1 
1	240 0 77 0 175 0 240 0 175 0 0 21 0 0 0 0 240 0 0 240 0 451 0 0 92 0 20 0 92 0 0 21 0 0 0 0 0 0 20 0 17 0 0 20 0 452 0 0 453 176 0 0 454 176 0 0 454 130 0 0 639 0 455 0 0 
2	355 355 355 30 0 2 1 355 30 0 85 0 2 1 1 355 85 0 2 1 0 
3	356 0 3 0 0 3 640 0 0 7 3 0 0 0 0 3 62 0 0 0 0 0 0 3 356 34 0 2 1 1 356 34 0 0 2 1 2 1 1 203 0 95 0 8 0 0 3 1 2 123 1 1 4 1 203 0 95 0 15 0 0 3 1 4 123 1 1 203 0 17 0 0 8 0 0 3 241 1 2 123 1 1 4 1 203 0 17 0 0 15 0 4 123 1 1 357 0 17 0 0 131 0 0 3 123 1 132 0 24 8 0 0 3 22 2 63 1 4 456 1 357 0 95 0 131 0 0 3 123 1 132 0 24 8 0 0 3 22 2 63 1 4 456 1 357 0 95 0 131 0 457 0 242 0 0 3 123 1 132 0 24 8 0 0 3 22 2 133 1 1 2 63 1 4 456 1 357 0 95 0 131 0 458 0 0 0 0 3 123 1 132 0 24 8 0 0 3 22 11 14 0 0 0 0 3 96 5 2 133 109 66 2 63 1 4 456 1 357 0 131 0 4 641 1 203 0 8 0 4 123 641 1 203 0 15 0 4 123 641 1 0 0 17 0 0 4 459 1 166 0 4 1 0 0 4 1 0 0 2 1 1 95 0 2 26 46 1 7 4 1 7 2 1 1 0 95 0 0 3 6 5 86 1 2 1 23 1 6 1 5 2 1 46 1 6 1 5 2 25 1 1 5 2 1 46 1 6 1 5 9 460 0 1 4 1 0 0 0 0 3 2 58 1 4 1 35 2 78 36 2 93 0 461 0 4 1 51 38 0 0 
4	204 0 205 34 0 68 0 0 20 0 0 
5	0 0 
6	1 1 1 
7	69 7 0 47 0 47 0 8 0 0 8 0 166 0 79 0 0 80 0 0 15 0 642 0 0 0 
8	1 1 1 1 0 0 
9	0 643 0 358 0 21 0 358 0 21 0 31 0 0 359 21 0 18 0 462 0 0 0 206 0 124 0 124 0 243 7 244 0 0 12 0 166 0 152 0 97 0 
10	644 0 3 0 3 644 8 0 0 2 1 22 38 2 1 1 2 1 1 118 0 4 1 0 4 1 0 
11	98 65 0 8 0 0 
12	463 0 3 463 17 0 85 0 2 1 1 1 2 1 1 92 0 4 1 0 
13	1 1 0 
14	645 7 3 0 3 645 85 0 242 0 2 153 1 1 1 2 1 1 645 30 0 242 0 2 1 2 1 1 0 4 1 0 242 0 4 1 48 27 0 
15	0 360 0 118 0 177 0 21 0 177 0 21 0 31 0 0 289 21 0 18 0 464 0 0 0 646 458 0 0 0 361 0 361 0 31 0 0 167 131 0 167 131 0 31 0 0 152 0 
16	1 1 1 1 0 0 
17	460 7 3 0 3 460 20 0 2 1 2 1 1 465 0 4 1 0 
18	0 3 0 3 18 0 31 0 2 1 27 2 1 1 2 1 1 0 4 1 647 0 4 1 0 
19	290 0 648 0 290 0 245 7 0 0 0 
20	70 7 8 0 291 125 0 8 0 
21	132 24 8 0 
22	92 0 0 47 0 47 0 8 0 0 0 0 
23	1 1 0 
24	649 0 3 649 20 0 85 0 2 1 1 1 2 1 1 465 0 4 1 0 
25	650 0 0 0 3 62 0 0 0 0 0 3 0 0 3 37 0 0 650 17 0 0 2 1 1 92 0 0 4 1 651 17 0 0 2 1 1 462 0 0 0 4 1 0 0 0 0 3 37 0 0 2 1 4 1 0 0 4 1 207 0 0 2 1 1 466 207 0 0 0 
26	50 7 3 50 50 30 0 2 1 50 30 0 85 0 2 1 1 50 85 0 2 1 0 
27	292 7 3 292 30 0 2 1 292 30 0 85 0 2 1 1 292 85 0 2 1 0 
28	362 7 3 362 30 0 2 1 362 30 0 85 0 2 1 1 362 85 0 2 1 0 
29	652 653 
30	134 0 31 0 0 18 0 
31	654 0 3 0 3 0 3 0 3 654 0 17 0 2 1 1 2 1 1 2 1 655 0 1 2 1 81 92 0 4 1 126 0 4 656 0 0 3 144 6 1 5 9 32 0 4 468 0 46 1 0 657 0 2 1 1 4 21 0 21 0 2 1 4 0 4 469 0 1 65 0 246 0 658 0 4 0 4 469 0 1 65 0 246 0 658 0 4 0 4 1 659 0 4 1 0 4 1 0 
32	
33	660 7 3 0 3 0 3 0 3 0 0 3 37 0 0 0 3 0 0 3 0 0 3 660 661 0 178 0 2 1 1 0 4 1 660 661 0 178 0 0 2 1 1 2 1 1 2 1 1 0 95 0 4 363 1 0 17 0 0 3 654 0 1 2 19 1 4 1 0 0 2 1 1 4 0 0 2 58 1 2 293 662 0 663 470 0 2 664 4 471 0 364 665 0 0 4 1 0 4 1 0 4 1 661 0 2 1 1 0 4 1 0 4 1 0 4 1 365 0 6 1 5 2 1 4 1 366 367 0 2 1 1 176 0 0 7 3 11 14 0 3 1 5 0 3 666 6 1 5 2 19 667 0 368 2 1 2 19 1 0 0 0 3 664 0 0 3 208 27 0 1 1 6 110 5 4 23 5 0 3 0 2 247 1 2 1 1 2 472 1 4 1 0 0 0 3 208 27 0 1 6 110 5 4 23 5 0 3 668 0 2 247 1 2 472 1 4 1 0 
34	469 0 3 0 3 0 3 469 130 0 0 2 1 1 2 1 1 2 1 364 7 135 0 0 4 43 1 1 43 1 1 0 49 0 0 3 669 0 1 2 364 1 4 1 65 0 670 0 0 3 473 1 6 1 5 4 53 1 1 4 65 0 246 0 658 0 0 4 1 659 0 4 1 0 4 1 474 0 246 0 4 473 1 0 246 0 4 671 1 
35	0 3 0 3 369 0 4 209 16 0 4 209 27 295 0 4 1 672 21 0 2 1 1 365 1 1 0 4 1 366 367 0 2 1 1 0 
36	0 3 0 3 0 3 0 3 0 3 0 3 369 0 4 209 16 0 4 209 475 476 135 0 34 0 7 3 0 3 6 1 5 2 1 2 1 6 1 5 2 1 7 3 6 1 1 5 2 1 6 1 1 5 2 1 7 135 0 4 43 475 475 1 1 0 4 1 670 0 2 1 1 2 19 1 1 0 4 1 0 2 1 1 0 4 1 0 2 1 1 0 4 1 0 2 1 1 0 4 1 0 2 1 1 0 4 1 0 2 1 1 0 2 1 6 1 5 2 34 0 6 370 5 2 2 34 0 6 5 2 2 34 0 0 4 248 0 0 
37	0 3 369 0 4 1 643 0 2 1 1 16 0 4 48 27 1 
38	668 0 3 28 0 0 3 369 0 4 209 295 0 4 1 672 21 0 2 1 1 0 136 0 0 2 58 1 0 3 209 6 1 5 2 74 4 1 27 2 1 208 0 1 4 1 0 136 0 0 0 0 3 208 27 0 1 6 110 5 4 23 5 0 3 668 0 2 247 1 2 472 1 4 1 0 
39	0 3 28 0 0 3 0 0 3 179 0 0 0 3 2 248 0 16 0 4 48 27 209 369 0 4 209 365 1 1 0 4 1 366 367 0 2 1 1 1 1 0 0 4 1 0 0 2 1 1 0 4 1 0 2 1 1 474 0 135 0 11 14 0 3 5 6 1 5 4 1 4 0 135 0 0 3 473 1 6 1 5 2 1 2 2 475 4 1 0 4 0 0 
40	0 3 0 3 7 4 1 7 4 1 0 4 1 0 2 1 1 0 4 1 0 2 1 1 0 
41	667 0 3 28 0 0 3 0 3 0 3 7 3 7 3 0 3 7 3 667 136 0 178 0 0 2 1 1 2 1 1 2 1 1 7 4 1 7 2 1 1 180 2 29 54 673 5 13 7 3 181 7 3 1 1 0 3 248 0 1 2 293 662 0 663 470 0 0 0 3 208 27 0 1 1 11 14 0 3 1 5 2 1 7 3 1 181 6 1 5 6 55 5 2 29 1 13 2 371 1 10 12 2 29 1 1 10 12 2 119 1 1 210 0 6 55 5 2 29 1 2 293 0 0 0 6 5 2 211 1 2 1 1 2 211 1 13 2 674 1 10 12 2 119 1 1 1 2 1 4 35 2 78 2 1 477 0 2 78 36 6 1 5 2 1 2 93 0 0 
42	675 0 3 28 0 0 0 3 0 0 3 0 3 675 178 0 297 0 0 2 1 1 2 1 1 0 3 48 6 1 0 5 0 3 0 1 0 3 6 1 5 0 3 1 6 1 0 5 2 1 0 0 1 6 1 5 9 32 0 675 178 0 297 0 0 676 0 0 2 1 1 2 1 1 2 1 1 24 8 0 2 293 0 0 470 0 13 0 3 1 0 3 1 1 6 55 5 2 29 1 1 2 1 1 4 1 10 12 9 50 0 1 0 0 4 1 0 0 4 1 677 8 0 478 0 0 8 0 137 0 0 8 0 0 3 53 1 6 1 5 9 678 0 1 4 1 0 
43	471 0 3 28 0 471 178 0 136 0 297 0 0 135 0 2 1 1 1 1 471 178 0 136 0 297 0 0 135 0 676 0 0 2 1 1 1 1 1 677 8 0 24 0 6 55 5 2 29 1 0 3 364 0 3 671 1 2 479 1 679 0 1 1 1 2 368 479 1 1 0 0 
44	680 0 3 0 3 0 3 0 3 680 178 0 136 0 297 0 0 135 0 676 0 0 2 1 1 1 2 1 1 2 1 1 680 178 0 136 0 297 0 0 135 0 2 1 1 2 1 1 2 1 1 0 6 1 5 2 1 4 1 0 2 1 1 659 0 4 1 135 0 2 1 1 0 4 1 0 2 1 1 681 0 4 1 136 0 2 1 1 0 8 0 137 0 0 0 3 208 1 0 3 6 110 5 2 1 23 6 1 5 2 1 1 1 2 1 1 0 3 1 364 368 664 2 1 1 2 472 1 4 1 478 0 137 0 2 168 1 1 478 0 367 0 2 168 1 1 0 8 0 137 0 4 0 26 480 71 665 677 8 0 478 0 6 1 0 5 0 3 0 1 2 33 1 5 9 32 0 0 4 665 27 0 0 
45	678 0 3 0 3 678 15 0 8 0 2 1 2 1 1 2 1 1 118 0 4 1 298 0 4 1 0 
46	679 0 3 0 3 0 3 0 3 0 3 679 8 0 135 0 210 0 2 1 1 2 1 1 2 1 1 2 1 368 2 1 0 4 1 135 0 2 1 1 474 0 4 1 210 0 2 1 1 118 0 4 1 682 8 0 2 1 1 365 0 4 1 366 0 2 1 1 0 4 1 670 0 2 1 1 474 0 135 0 4 473 1 210 0 210 0 
47	655 0 3 28 0 7 3 0 3 0 0 3 37 0 0 0 3 0 3 0 0 0 0 0 3 655 130 0 2 1 1 2 1 368 2 19 0 2 19 1 684 210 0 11 14 0 3 1 5 2 674 1 476 8 0 24 0 11 14 0 3 1 5 2 479 1 1 0 6 1 5 2 1 1 4 1 0 2 1 1 7 4 1 7 2 1 1 0 4 1 0 2 1 1 35 2 82 1 36 2 87 1 0 
48	0 3 0 0 3 37 0 0 684 210 0 11 14 0 3 1 5 2 674 1 476 8 0 24 0 11 14 0 3 1 5 2 479 1 1 0 0 4 1 365 0 4 1 366 367 0 2 1 1 35 2 82 1 36 2 87 1 0 
49	669 0 3 28 0 0 3 0 3 7 3 7 3 0 3 0 3 669 0 0 2 1 1 2 1 1 0 130 0 4 372 0 481 7 2 1 1 4 0 130 0 4 372 0 481 7 2 1 1 0 3 212 0 685 2 1 1 4 1 0 4 1 0 4 1 0 6 1 1 5 2 1 144 4 1 476 8 0 246 0 0 3 53 1 6 1 5 4 0 3 671 1 6 1 5 0 3 6 1 5 2 1 19 1 1 2 1 6 1 5 0 3 6 1 5 2 1 19 1 1 2 1 684 210 0 0 3 686 6 1 5 0 3 248 0 0 3 1 0 3 6 687 1 5 0 3 75 2 22 63 1 2 33 1 5 2 74 1 1 47 0 4 213 0 685 26 482 0 0 481 7 4 248 0 299 1 35 2 82 686 36 2 87 686 0 
50	0 0 0 18 0 0 0 3 688 1 4 120 0 0 1 457 0 0 0 21 0 0 0 3 689 1 4 120 0 0 1 131 0 0 0 0 0 3 214 4 120 0 0 1 690 0 0 0 31 0 0 0 0 3 373 0 0 1 4 120 0 0 1 300 0 0 0 0 0 3 214 4 120 0 0 1 300 0 0 0 31 0 0 0 0 3 373 0 0 1 4 120 0 0 1 301 0 0 0 21 0 4 483 1 301 0 0 0 21 0 484 0 4 120 0 0 373 0 1 1 
51	691 0 3 0 3 7 3 691 34 0 2 1 1 691 121 0 2 1 26 2 1 1 6 1 1 5 2 1 215 457 0 21 0 4 1 131 0 4 690 0 31 0 0 4 1 300 0 4 692 300 0 31 0 0 4 692 1 301 0 21 0 4 483 1 301 0 21 0 484 0 4 483 1 1 17 0 20 0 4 26 46 1 111 0 0 693 0 0 0 3 37 0 0 11 14 0 3 1 5 2 19 363 1 4 1 111 0 0 111 0 0 0 3 37 0 0 11 14 0 3 1 5 2 19 1 4 1 0 4 694 0 485 0 4 216 0 485 0 88 0 4 28 1 485 0 88 0 4 216 0 1 485 0 88 0 217 0 4 216 0 1 1 695 0 4 218 0 695 0 0 4 363 1 695 0 0 4 218 0 486 0 1 166 0 4 1 487 34 0 2 1 1 0 6 1 5 2 1 4 1 0 6 5 4 218 0 5 4 694 0 696 0 2 1 1 7 4 1 697 7 2 1 1 
52	698 0 3 0 0 3 37 0 0 0 3 698 121 0 2 1 2 1 1 0 138 0 0 3 699 0 1 2 19 1 4 1 0 2 1 212 0 1 4 1 0 0 4 1 0 4 1 126 0 0 0 3 37 0 0 11 14 0 3 1 5 2 19 144 0 3 6 1 5 2 1 144 4 700 0 1 1 0 
53	488 0 3 488 15 0 2 1 1 126 0 4 1 0 
54	218 0 3 489 0 0 3 0 3 0 3 0 3 0 3 218 218 15 0 2 488 0 1 218 0 2 1 1 152 0 0 3 218 0 1 2 219 215 4 1 490 0 15 0 0 3 144 4 491 0 1 1 219 99 374 0 374 7 2 219 1 4 375 0 375 7 2 219 1 4 376 0 376 7 2 219 1 4 377 0 377 7 2 219 1 4 701 0 2 219 4 702 0 2 219 4 302 0 302 0 2 1 4 0 217 0 2 99 1 4 88 0 88 0 2 99 1 4 88 0 88 0 4 94 28 1 88 0 88 0 4 94 28 1 0 4 1 703 0 2 1 1 0 6 1 5 2 1 0 126 0 4 4 1 0 2 1 1 0 6 1 5 2 1 492 0 4 1 0 2 1 1 0 6 1 5 2 1 688 4 1 0 2 1 1 0 4 1 0 2 1 1 378 0 4 1 302 0 2 1 1 0 
55	152 0 0 490 0 15 0 0 
56	0 0 0 493 0 4 98 0 0 65 0 8 0 0 3 22 139 1 6 1 5 2 1 100 1 4 1 16 0 4 1 0 0 0 704 0 4 98 0 0 65 0 8 0 4 100 1 16 0 4 1 0 0 0 18 0 4 98 0 0 65 0 8 0 4 1 16 0 4 1 0 0 0 4 98 0 0 65 0 8 0 4 22 38 16 0 4 0 0 0 31 0 0 4 98 0 0 65 0 8 0 4 22 38 1 16 0 4 27 0 0 0 4 98 0 0 65 0 8 0 4 51 38 16 0 4 0 0 0 4 98 0 0 65 0 8 0 4 1 16 0 4 0 0 0 4 98 0 0 65 0 8 0 4 22 16 0 4 134 0 0 0 49 0 31 0 4 98 0 0 65 0 8 0 0 3 53 1 4 26 154 101 1 1 16 0 4 1 1 0 0 0 49 0 0 0 4 98 0 0 65 0 8 0 0 3 249 1 1 6 1 5 4 0 3 0 1 1 0 0 3 37 0 0 54 5 2 19 4 1 16 0 4 1 1 0 0 0 49 0 0 0 0 3 250 1 4 98 0 0 65 0 8 0 0 3 249 1 1 6 1 5 4 4 251 494 1 16 0 4 1 705 495 0 0 0 49 0 0 155 0 706 0 0 3 250 1 4 98 0 0 65 0 8 0 0 3 249 1 1 6 1 5 4 4 707 708 1 1 16 0 4 1 705 495 0 0 0 49 0 0 155 0 0 0 0 3 250 1 4 98 0 0 65 0 8 0 0 3 249 1 1 0 3 249 1 1 6 1 1 5 4 4 707 708 1 1 16 0 4 1 705 0 0 0 156 0 0 157 0 0 4 98 0 0 65 0 8 0 4 249 1 1 249 1 1 16 0 4 1 1 0 0 49 0 0 8 0 0 3 53 1 4 26 154 101 0 1 301 0 0 0 21 0 4 483 1 301 0 0 0 21 0 484 0 4 98 0 0 65 0 8 0 4 100 1 1 
57	709 0 3 709 130 0 138 0 2 1 2 1 1 0 138 0 2 1 1 1 4 0 138 0 2 1 1 1 4 0 4 1 126 0 0 3 144 4 710 0 1 1 0 
58	1 1 0 7 7 
59	1 1 0 7 7 7 
60	212 0 3 0 3 0 3 0 0 3 37 0 0 0 0 3 37 0 0 0 3 212 130 0 496 0 2 1 2 1 1 2 1 1 212 121 0 2 1 2 1 685 2 1 303 252 0 20 0 4 379 363 1 252 0 17 0 0 3 711 0 1 2 140 1 4 1 252 0 693 0 4 379 497 1 252 0 111 0 4 379 497 1 252 0 111 0 0 4 140 712 0 1 713 0 693 0 4 497 1 713 0 111 0 4 497 1 713 0 111 0 0 4 140 714 0 1 0 715 0 0 4 0 140 716 0 1 1 0 138 0 0 3 709 0 1 2 140 1 4 1 0 0 3 698 0 2 140 1 4 1 0 0 0 3 717 0 1 2 140 1 4 1 0 0 0 3 718 0 1 2 140 1 4 1 719 0 49 0 0 4 0 0 1 719 0 304 0 0 0 0 3 720 0 1 2 1 4 1 719 0 304 0 0 0 0 0 3 37 0 0 0 11 14 0 0 3 1 5 2 19 1 4 1 0 696 0 2 1 4 697 0 7 2 1 4 0 0 3 498 0 2 140 1 4 1 0 4 253 1 0 0 0 3 28 1 4 380 0 24 8 0 2 253 1 2 721 1 0 722 0 0 3 498 0 2 19 1 2 140 1 4 0 0 3 499 0 2 140 1 4 1 0 0 0 3 499 0 2 19 1 2 140 1 4 24 0 15 0 2 220 1 4 167 0 49 0 2 220 63 1 4 0 49 0 2 220 1 4 289 0 21 0 49 0 2 220 133 1 1 4 0 21 0 49 0 2 220 1 1 4 359 0 21 0 49 0 2 220 168 1 1 4 0 31 0 2 220 63 101 1 4 0 31 0 2 220 692 101 1 4 0 4 1 0 4 1 500 0 0 4 1 0 0 2 19 1 4 1 15 0 2 140 488 0 1 723 15 0 2 19 1 656 0 6 1 5 4 666 0 3 144 6 1 5 9 32 0 4 468 0 303 1 126 0 0 0 3 37 0 0 11 14 0 3 1 5 0 3 1 6 1 5 9 32 0 1 2 19 1 6 64 5 4 0 3 6 64 5 2 1 23 5 2 1 724 0 1 4 1 0 0 0 3 144 2 1 1 4 1 0 15 0 4 1 0 15 0 4 1 0 4 1 0 2 1 1 0 0 
61	716 0 3 0 3 716 0 715 0 0 2 1 2 1 1 2 1 1 0 4 1 0 15 0 4 1 0 15 0 4 725 0 1 1 1 0 0 
62	498 0 0 3 37 0 0 0 3 0 3 498 121 0 2 1 1 482 0 722 0 2 19 1 4 169 0 2 1 212 0 1 4 1 126 0 6 1 9 50 0 0 3 0 3 11 14 0 3 1 5 6 1 5 2 1 1 6 1 5 2 1 2 1 1 0 3 144 6 1 5 2 1 4 1 1 1 0 
63	216 0 3 28 0 0 3 1 216 216 88 0 2 1 1 216 88 0 217 0 2 1 1 2 1 1 152 0 0 3 216 0 2 28 2 4 1 490 0 15 0 4 501 0 1 1 1 726 0 4 1 727 217 0 2 1 1 728 0 4 1 729 88 0 2 1 1 0 
64	712 0 0 3 712 121 0 111 0 0 2 1 2 1 1 126 0 4 730 0 1 0 
65	694 152 0 0 4 490 0 15 0 4 1 0 0 0 
66	714 0 0 3 714 121 0 111 0 0 2 1 2 1 1 126 0 4 731 0 1 0 
67	499 0 0 3 37 0 0 0 3 0 3 499 121 0 2 1 1 482 0 722 0 2 19 1 4 169 0 2 1 212 0 1 4 1 126 0 6 1 9 50 0 0 3 144 2 1 11 14 0 3 1 5 2 1 1 4 1 0 
68	0 0 0 156 0 0 157 0 0 2 58 1 2 58 1 4 381 0 0 70 7 8 0 4 102 1 102 1 16 0 4 1 1 0 0 0 156 0 0 157 0 0 2 58 1 2 58 1 4 381 0 0 70 7 8 0 4 102 1 102 1 16 0 4 1 1 0 0 0 156 0 0 157 0 0 4 182 0 0 1 1 70 7 8 0 183 0 184 0 4 43 1 1 221 0 4 0 0 0 156 0 0 157 0 0 4 182 0 0 1 1 70 7 8 0 183 0 184 0 4 43 1 1 221 0 4 0 0 0 156 0 0 157 0 0 4 182 0 0 1 1 70 7 8 0 183 0 184 0 4 305 1 1 221 0 4 0 0 0 156 0 0 157 0 0 4 182 0 0 1 1 70 7 8 0 183 0 184 0 4 305 1 1 221 0 4 0 0 0 156 0 0 157 0 0 4 182 0 0 1 1 70 7 8 0 183 0 184 0 4 305 1 1 221 0 4 0 0 0 156 0 0 157 0 0 4 182 0 0 1 1 70 7 8 0 183 0 184 0 4 305 1 1 221 0 4 382 0 0 0 156 0 0 157 0 0 4 182 0 0 1 1 70 7 8 0 183 0 184 0 4 254 1 1 221 0 4 0 0 0 49 0 0 4 1 373 0 0 0 0 49 0 0 4 1 373 0 0 0 0 49 0 0 31 0 2 58 1 2 58 1 4 381 0 0 70 7 8 0 0 3 53 1 4 255 1 16 0 4 1 27 502 0 8 0 4 503 1 53 1 155 0 0 0 49 0 0 155 0 4 732 1 250 1 155 0 0 0 49 0 0 0 2 58 1 2 58 1 4 381 0 0 70 7 8 0 0 3 53 1 6 1 5 0 3 707 40 4 102 4 16 0 4 1 1 502 0 8 0 4 503 1 53 1 
69	0 0 0 
70	167 0 49 0 4 132 0 24 8 0 0 3 53 1 2 22 63 1 16 0 4 1 0 49 0 4 132 0 24 8 0 0 3 53 1 2 51 63 1 16 0 4 1 289 0 21 0 49 0 4 132 0 24 8 0 0 3 53 1 2 22 133 1 1 16 0 4 1 1 0 21 0 49 0 4 132 0 24 8 0 0 3 53 1 2 51 133 1 1 16 0 4 1 1 359 0 21 0 49 0 4 132 0 24 8 0 0 3 53 1 2 168 1 1 16 0 4 1 1 
71	126 0 
72	717 0 3 717 121 0 49 0 2 1 2 1 1 126 0 4 492 0 1 0 0 0 
73	720 0 0 0 3 7 3 7 3 720 130 0 304 0 0 0 2 1 2 1 1 656 0 0 3 144 0 3 383 0 303 1 1 4 650 0 0 303 466 504 0 0 2 19 1 16 0 4 46 1 505 0 505 7 2 1 4 506 0 506 7 2 1 4 7 4 1 505 7 2 1 1 7 4 1 506 7 2 1 1 0 
74	733 0 0 3 37 0 0 0 3 384 0 0 0 3 37 0 0 733 2 733 34 0 2 1 507 496 0 20 0 6 1 5 9 32 0 0 3 363 1 6 1 5 9 32 0 1 4 1 496 0 17 0 0 3 212 0 1 2 1 4 1 0 696 0 2 1 4 697 0 18 7 2 1 4 166 0 0 3 26 6 1 5 2 1 2 734 1 4 1 0 0 2 4 1 0 0 2 4 1 0 2 19 1 6 735 5 2 2 1 176 0 0 11 14 0 3 1 5 0 3 666 2 19 1 0 4 0 0 
75	718 0 3 718 121 0 49 0 2 1 2 1 1 126 0 0 3 144 4 736 0 1 1 0 
76	711 0 3 711 121 0 17 0 2 1 2 1 1 126 0 4 486 0 1 0 0 
77	7 3 2 0 
78	120 0 0 3 120 49 0 0 2 1 1 65 0 8 0 4 53 1 737 0 0 4 1 16 0 4 40 0 0 18 0 0 0 3 222 1 4 145 1 1 0 0 18 0 0 0 3 222 1 4 145 1 1 0 0 18 0 0 0 3 222 1 4 145 1 1 0 0 18 0 0 0 3 222 1 4 145 1 1 0 0 18 0 0 0 3 222 1 4 145 1 1 0 0 18 0 0 0 3 222 1 4 145 1 1 0 0 31 0 4 145 1 1 0 0 155 0 4 145 732 1 1 0 0 4 145 1 0 0 4 145 1 382 0 0 18 0 0 0 3 222 1 4 145 254 1 1 155 0 0 155 0 4 145 732 1 1 738 0 0 4 738 0 0 0 0 0 3 1 1 4 120 0 0 1 0 0 155 0 0 0 3 1 1 4 120 0 0 1 495 0 0 155 0 706 0 0 0 3 1 1 1 4 120 0 0 1 495 0 0 155 0 706 0 0 0 0 3 1 1 1 4 120 0 0 1 134 0 0 31 0 0 0 3 101 1 1 4 120 0 0 1 0 0 4 101 0 0 0 18 0 4 120 0 0 42 1 222 1 0 0 138 0 0 4 1 0 0 18 0 6 1 0 5 4 0 0 1 5 4 688 1 0 0 0 
79	699 0 3 699 121 0 138 0 2 1 1 2 1 1 252 0 17 0 2 379 1 4 1 252 0 20 0 2 379 1 4 1 24 0 15 0 2 33 1 4 1 0 
80	60 0 3 28 0 0 3 0 3 0 3 0 3 0 3 60 508 0 2 1 1 60 508 0 223 0 2 1 2 1 1 60 508 0 224 0 2 1 2 1 1 16 0 4 739 65 0 8 0 4 509 1 70 7 8 0 0 3 509 1 4 102 1 1 291 125 0 8 0 0 3 509 1 6 102 1 1 5 9 256 0 1 1 24 8 0 2 509 1 0 21 0 18 0 2 225 1 1 1 4 510 0 511 0 223 0 4 60 0 1 1 510 0 511 0 224 0 4 60 0 1 1 510 0 511 0 306 0 4 60 0 1 307 0 1 510 0 511 0 308 0 4 60 0 1 309 0 1 512 0 223 0 4 60 0 1 512 0 224 0 4 60 0 1 512 0 306 0 4 60 0 307 0 1 512 0 308 0 4 60 0 309 0 1 513 0 223 0 4 60 0 1 513 0 224 0 4 60 0 1 513 0 306 0 4 60 0 307 0 1 513 0 308 0 4 60 0 309 0 1 514 0 223 0 4 60 0 1 514 0 224 0 4 60 0 1 514 0 306 0 4 60 0 307 0 1 514 0 308 0 4 60 0 309 0 1 515 0 223 0 4 60 0 1 515 0 224 0 4 60 0 1 515 0 306 0 4 60 0 307 0 1 515 0 308 0 4 60 0 309 0 1 516 0 223 0 4 60 0 1 516 0 224 0 4 60 0 1 516 0 306 0 4 60 0 307 0 1 516 0 308 0 4 60 0 309 0 1 0 2 4 1 0 4 1 0 4 1 223 0 2 1 1 0 4 1 0 6 1 5 4 1 1 6 1 5 4 1 5 4 1 0 4 385 26 0 2 385 734 1 0 4 1 224 0 2 1 1 6 1 1 5 9 32 0 6 1 5 2 1 6 1 5 6 1 0 5 2 0 1 70 7 8 0 0 4 517 1 0 0 3 0 4 1 0 13 6 1 5 2 1 250 1 6 1 5 2 1 250 10 12 6 55 5 2 29 1 1 9 1 10 12 9 1 0 8 0 13 2 2 385 1 4 10 12 6 55 5 2 29 1 1 9 386 10 12 9 1 0 2 6 1 5 4 740 5 6 1 5 4 385 740 1 5 4 385 740 0 8 0 0 3 26 7 3 1 2 225 26 1 2 225 1 1 2 225 22 1 2 225 51 1 0 4 518 0 387 0 12 0 4 310 0 739 1 1 0 12 0 4 310 0 739 1 1 0 0 0 0 0 0 
81	310 310 30 0 2 1 310 30 0 85 0 2 1 1 310 85 0 2 1 0 
82	741 0 3 0 0 0 3 62 0 0 0 741 0 2 1 1 65 0 8 0 4 742 1 70 7 8 0 0 3 742 1 4 102 1 1 291 125 0 8 0 0 3 742 1 6 102 1 1 5 9 256 0 1 1 0 0 0 0 0 3 0 2 158 1 4 741 0 1 0 0 21 0 18 0 2 25 1 1 4 0 0 0 4 1 519 0 0 0 2 1 1 70 7 8 0 504 0 4 102 1 0 8 0 2 1 0 3 22 0 3 38 0 6 1 5 2 1 38 13 4 293 1 10 12 9 292 0 1 8 0 2 743 520 2 743 22 170 2 743 2 521 1 2 521 22 2 521 51 159 0 0 0 0 0 0 0 0 3 96 11 14 0 0 0 0 3 1 5 2 521 109 66 0 0 0 0 0 
83	388 0 3 0 3 388 2 71 388 451 0 2 1 522 2 1 62 0 388 121 0 159 0 2 1 1 2 1 1 482 0 257 0 20 0 2 25 1 1 4 0 257 0 0 3 0 23 1 6 1 1 5 4 1 4 1 0 0 11 44 0 3 96 89 103 5 0 0 3 0 0 104 6 43 66 5 4 0 109 6 1 5 4 1 4 0 0 0 3 179 0 11 44 0 3 96 89 103 5 0 0 3 0 0 104 6 43 66 5 2 19 109 6 1 5 0 3 1 54 103 5 2 19 104 4 89 160 0 0 3 6 1 0 5 2 0 1 0 3 11 44 7 3 3 172 1 1 1 5 0 3 0 226 1 0 3 27 6 105 5 0 3 45 76 0 3 66 2 19 1 1 0 
84	0 3 0 523 0 4 1 167 185 0 2 63 524 0 
85	525 0 3 525 526 0 12 0 2 1 1 1 2 1 1 0 4 1 0 
86	0 3 28 0 0 3 0 0 0 3 62 0 0 0 118 0 4 1 682 8 0 2 1 1 0 21 0 0 3 0 3 0 3 6 1 76 5 2 1 23 1 6 1 5 0 3 22 6 1 5 2 1 139 1 6 1 5 2 1 100 1 6 43 1 5 13 2 1 100 1 10 12 2 29 1 1 1 6 43 1 5 2 1 23 1 6 43 1 5 2 1 100 1 6 43 1 5 2 1 22 139 1 6 43 1 5 2 1 51 139 1 4 1 0 18 0 2 25 1 1 0 
87	744 0 0 0 3 62 0 0 0 745 0 4 744 0 745 0 257 0 20 0 4 744 1 1 0 0 257 0 20 0 2 25 1 1 4 526 0 526 0 0 3 1 0 0 0 0 0 3 96 11 14 0 0 0 0 3 1 5 2 109 66 4 1 
88	523 0 167 185 0 
89	0 3 527 0 0 3 528 0 1 523 0 4 1 167 185 0 2 63 529 0 
90	746 0 3 0 0 3 528 0 1 523 0 4 1 167 185 0 2 63 40 0 
91	747 0 3 0 3 0 3 0 0 3 0 3 0 3 0 3 0 3 0 3 0 526 0 125 0 4 747 0 1 747 125 0 2 1 1 16 0 4 1 70 7 8 0 0 3 748 1 1 4 517 1 291 125 0 8 0 0 3 748 1 1 6 517 1 5 9 256 0 1 1 65 0 8 0 4 748 1 1 0 0 2 1 1 4 0 0 2 1 1 4 0 0 2 1 1 4 0 0 2 1 1 4 0 0 2 1 1 4 0 0 20 0 2 1 1 4 749 0 0 749 0 2 1 1 4 0 0 257 0 20 0 2 522 19 1 1 4 0 0 21 0 18 0 2 1 1 4 0 6 1 5 6 1 5 2 1 71 1 2 1 71 4 1 0 2 1 1 0 4 1 0 2 1 1 0 4 1 0 4 1 0 6 1 5 13 2 1 388 0 10 12 9 292 0 1 4 1 745 0 2 1 1 0 4 1 749 0 2 1 1 737 0 6 1 5 2 1 4 1 389 0 2 522 1 0 8 0 0 2 530 1 13 0 3 1 6 1 5 6 1 0 5 0 3 0 1 4 531 53 1 1 5 4 531 53 1 1 5 6 1 0 5 0 3 0 1 4 531 53 1 5 4 531 53 1 10 12 9 525 0 750 1 10 12 9 525 0 750 1 0 0 3 2 1 2 522 2 1 6 1 5 2 1 4 250 1 0 8 0 0 3 22 0 3 0 3 6 1 5 2 1 38 1 6 1 5 2 1 38 6 1 0 5 2 1 258 0 532 0 40 4 1 0 0 0 0 0 
92	390 0 0 0 3 62 0 0 0 0 3 391 0 0 3 0 3 746 0 7 3 390 390 392 0 2 1 1 16 0 4 1 24 8 0 0 3 6 1 5 9 32 0 2 1 1 0 3 1 0 3 2 1 1 2 63 22 186 0 392 0 4 390 0 1 186 0 186 0 2 58 1 0 3 390 0 2 1 4 1 186 0 186 0 2 58 1 4 751 311 0 1 186 0 186 0 2 58 1 4 751 186 0 186 0 2 58 1 4 751 311 0 1 0 2 752 0 4 0 2 752 746 0 4 0 2 752 0 4 753 0 21 0 18 0 2 25 1 1 4 0 0 0 4 1 83 0 0 0 2 1 1 0 4 1 392 0 2 1 1 7 4 1 7 2 1 1 0 4 1 0 2 1 1 97 0 2 1 0 8 0 0 3 22 0 3 38 0 6 1 5 6 5 9 644 0 1 0 5 13 2 1 754 10 12 9 362 0 1 4 1 392 0 8 0 2 2 755 1 520 2 755 1 22 170 2 755 1 2 533 1 2 533 22 2 533 51 392 0 159 0 0 0 0 0 0 0 0 3 96 11 14 0 0 0 0 3 1 5 2 533 109 66 0 
93	312 0 4 312 0 0 756 0 0 3 312 0 2 39 757 1 4 1 312 312 34 0 2 1 312 187 0 2 1 393 0 4 0 39 756 0 2 39 757 1 0 4 758 0 0 
94	758 0 3 1 758 0 4 1 756 0 2 1 1 0 4 0 759 0 6 1 0 5 2 1 5 9 32 0 1 27 0 0 0 3 0 2 757 4 1 0 4 0 759 0 
95	760 0 8 0 30 0 4 38 1 361 0 30 0 0 0 3 11 14 0 3 1 5 0 3 761 1 6 1 5 4 1 4 0 8 0 0 3 0 0 3 22 0 3 38 0 6 1 5 2 1 38 2 313 0 1 4 1 8 0 394 0 0 3 51 6 1 5 2 1 2 63 38 1 8 0 394 0 0 3 51 6 1 5 2 63 1 
96	762 0 3 762 762 34 0 2 1 68 0 0 20 0 106 0 83 0 0 3 107 0 1 0 3 0 2 1 2 1 4 763 0 1 1 0 6 1 5 2 1 6 1 5 2 1 0 4 1 0 2 1 1 0 0 3 764 0 3 765 0 4 0 1 0 0 
97	766 0 3 0 3 0 3 766 17 0 15 0 0 2 1 1 2 1 1 2 1 1 35 2 108 2 1 395 2 0 534 30 0 2 1 36 6 1 5 2 767 2 90 30 0 13 0 3 75 1 2 84 33 1 10 12 2 396 0 0 
98	763 0 3 0 3 0 3 7 3 763 20 0 77 0 397 0 2 1 1 2 1 1 2 1 1 79 0 0 4 768 0 769 80 0 0 15 0 4 766 0 1 769 47 0 4 227 0 26 56 47 0 188 0 4 227 0 26 56 1 122 0 6 1 5 2 1 760 0 4 1 228 72 0 2 1 1 7 4 1 7 2 1 1 0 4 769 0 4 1 175 0 4 1 69 7 4 0 0 
99	227 0 3 0 3 227 34 0 72 0 2 1 2 1 1 227 34 0 72 0 8 0 2 1 2 1 1 2 1 1 2 162 146 0 2 535 146 0 770 2 536 146 0 771 227 34 0 72 0 188 0 2 1 2 1 1 2 1 61 2 162 146 0 1 6 1 5 2 535 146 0 770 2 536 146 0 771 206 0 4 0 22 124 0 4 0 51 124 0 243 7 4 0 51 1 244 0 4 0 259 122 0 4 1 118 0 4 1 537 0 4 22 153 538 0 4 51 153 0 4 61 0 4 61 771 398 0 4 61 395 772 0 30 0 4 61 539 1 314 0 4 146 0 315 0 4 146 0 0 
100	773 0 3 773 2 1 764 773 34 0 2 1 2 1 764 68 0 0 20 0 106 0 83 0 4 774 0 540 1 107 0 1 0 0 0 3 0 6 399 5 0 3 399 494 11 44 7 3 1 1 1 5 0 3 1 1 494 2 25 1 1 4 1 775 0 20 0 7 3 147 6 1 5 4 45 1 4 1 776 0 4 1 0 0 
101	777 0 3 0 3 777 17 0 15 0 2 1 1 2 1 1 35 2 108 6 1 5 0 3 0 2 46 81 2 778 100 1 2 779 2 1 0 541 2 78 36 6 1 5 2 93 2 1 2 90 30 0 13 0 3 75 1 2 84 33 1 10 12 2 396 0 0 
102	774 0 3 0 3 7 3 0 3 774 20 0 77 0 519 0 2 1 1 2 1 1 2 1 1 79 0 0 4 780 0 80 0 0 15 0 4 777 0 1 47 0 4 227 0 26 56 47 0 188 0 4 227 0 26 56 1 122 0 6 1 5 2 1 760 0 4 1 228 72 0 2 1 1 7 4 1 7 2 1 1 175 0 4 1 358 0 137 0 4 100 1 776 0 4 779 69 7 4 0 0 
103	780 0 3 0 3 780 17 0 2 1 2 1 1 24 8 0 0 3 241 1 2 33 1 2 400 1 24 8 0 0 3 22 38 0 0 3 13 2 1 148 100 1 401 10 12 9 50 0 1 0 3 56 2 1 1 35 6 1 5 0 3 0 2 46 81 2 779 2 778 100 1 2 1 541 36 6 1 5 2 539 112 2 1 2 90 0 
104	146 0 3 146 2 781 0 146 0 2 1 1 16 0 6 1 5 4 1 5 4 38 118 0 4 0 61 782 0 4 1 0 2 1 1 177 0 21 0 4 23 1 289 21 0 18 0 2 25 1 1 464 0 0 0 4 1 73 0 4 146 0 260 0 4 61 56 61 1 0 
105	768 0 3 0 3 0 3 0 3 0 3 0 768 17 0 0 2 1 2 1 1 2 1 1 24 8 0 0 3 241 1 2 33 1 24 8 0 13 0 3 56 0 3 1 0 3 0 2 1 2 25 1 1 2 783 1 86 1 2 1 6 5 0 3 2 1 770 2 1 1 10 12 9 50 0 1 35 2 108 0 3 2 1 395 1 2 1 539 1 2 1 36 2 90 6 1 5 2 112 0 3 0 3 542 0 0 54 1 5 13 2 316 10 12 4 1 534 30 0 13 2 113 1 2 1 1 2 784 0 0 
106	785 0 3 0 3 0 0 3 0 3 785 163 0 786 0 397 0 0 2 1 0 3 540 6 1 5 2 1 66 2 1 544 0 1 1 1 1 2 787 30 0 2 99 94 1 2 313 0 317 0 1 2 99 94 1 2 112 378 0 4 1 0 0 3 1 6 1 5 4 4 27 0 3 765 0 6 1 5 2 317 0 3 7 3 317 0 2 1 1 2 1 61 2 6 1 5 2 2 123 1 132 0 24 545 0 0 0 0 0 3 6 5 2 1 40 5 2 1 0 1 2 99 94 1 1 0 3 2 546 1 1 1 2 1 1 0 3 6 1 5 0 3 6 1 5 6 1 5 0 3 2 1 1 6 1 5 2 22 133 1 1 5 2 99 94 1 22 0 3 0 3 781 0 2 61 1 2 99 94 1 1 7 3 6 1 0 5 0 3 0 1 2 1 547 5 2 1 7 1 2 313 0 402 0 1 2 99 94 1 1 2 1 0 7 4 0 3 0 3 0 0 2 1 1 2 1 1 775 0 4 1 0 188 0 0 0 4 0 2 1 1 0 4 1 0 0 0 
107	788 0 3 0 3 0 0 3 0 3 0 3 0 3 0 3 788 163 0 786 0 0 0 2 1 1 1 2 1 1 2 1 544 0 1 1 1 1 2 1 1 2 378 0 4 1 0 188 0 4 789 0 1 2 99 94 1 13 2 99 94 1 2 1 46 1 10 2 99 94 1 1 2 112 2 99 94 1 2 8 0 2 99 94 1 1 7 3 1 0 3 781 0 2 313 0 402 0 1 2 1 1 1 2 25 1 1 2 783 2 1 0 4 27 40 24 8 0 13 2 1 10 2 99 94 1 1 0 789 0 3 789 0 30 0 2 1 2 1 1 0 787 30 0 2 25 1 23 1 2 313 0 317 0 1 378 0 4 1 0 317 0 3 0 0 3 0 0 3 317 0 2 2 1 1 0 3 1 2 123 1 132 0 24 545 0 2 546 40 1 1 2 1 1 2 1 1 2 99 94 1 1 2 0 0 188 0 6 23 1 5 4 0 23 1 5 4 188 0 545 0 0 3 23 1 6 1 5 2 22 133 1 1 0 0 
108	544 0 3 0 0 3 0 3 0 3 0 3 544 163 0 786 0 397 0 548 7 0 2 1 1 2 1 1 2 1 1 2 1 356 0 0 1 8 0 188 0 0 0 4 1 188 0 545 0 6 1 5 13 2 93 10 12 549 0 0 8 0 0 0 0 0 3 22 2 63 1 6 1 5 2 133 1 1 550 7 8 0 4 22 38 7 
109	0 0 3 179 0 0 0 3 0 3 548 0 2 1 1 776 0 4 1 204 0 4 1 205 163 0 2 1 1 772 0 0 4 539 1 772 0 397 0 169 0 4 785 0 1 1 1 1 398 0 397 0 0 3 788 0 1 1 1 0 3 765 0 6 1 5 2 1 4 1 0 0 4 1 0 0 0 
110	0 3 204 0 4 1 551 0 4 68 0 0 20 0 2 58 403 0 3 107 0 1 0 3 790 1 0 0 3 791 0 0 1 6 1 5 2 164 1 1 4 1 205 34 0 2 1 1 0 0 0 
111	791 0 3 28 0 0 0 0 3 0 0 0 7 3 791 20 0 77 0 0 2 1 1 79 0 4 229 0 24 8 0 2 33 1 24 8 0 6 110 5 2 74 1 5 11 14 0 0 3 1 5 2 84 33 1 80 0 0 15 0 4 552 0 0 1 652 6 1 110 9 189 0 81 2 19 2 78 653 2 93 2 113 47 0 4 0 213 0 26 7 4 1 7 2 1 1 69 7 4 0 0 0 
112	792 792 792 34 0 2 1 68 0 0 20 0 106 0 83 0 0 3 319 0 1 0 3 793 0 1 1 2 164 1 1 4 1 0 0 
113	794 0 3 28 0 0 3 7 3 7 3 0 3 7 3 794 17 0 15 0 2 1 1 2 1 1 795 2 320 2 1 181 0 7 6 404 5 6 1 5 2 29 1 0 3 11 44 7 3 1 1 1 5 5 2 29 1 127 0 6 796 1 5 6 1 5 2 1 127 0 13 2 84 33 75 1 10 12 2 230 1 7 127 0 7 3 6 1 796 5 6 1 5 6 5 0 3 13 2 1 0 1 2 2 1 10 12 2 29 1 1 6 1 5 13 2 112 10 12 5 2 1 4 1 7 127 0 7 3 6 1 76 5 2 1 27 102 4 1 7 4 1 7 2 1 1 7 4 1 7 2 1 1 0 4 1 0 2 1 1 0 0 
114	793 0 3 7 3 793 127 0 95 0 77 0 2 1 1 2 1 1 79 0 0 0 0 3 797 0 4 1 80 0 0 127 0 0 0 3 794 0 1 2 1 4 1 47 0 127 0 4 798 0 26 1 47 0 4 75 320 553 0 6 1 796 5 2 4 1 69 7 4 7 4 1 7 2 1 1 0 0 
115	798 0 3 798 163 0 127 0 2 1 2 162 405 0 1 2 1 1 553 0 4 1 799 127 0 2 1 1 0 
116	405 0 3 405 2 319 0 405 127 0 2 1 1 16 0 4 1 118 0 4 0 61 553 0 4 1 799 127 0 2 1 1 73 0 4 405 0 0 
117	797 0 3 28 0 0 3 797 17 0 2 1 2 1 1 24 8 0 2 33 241 1 24 8 0 0 3 22 0 3 22 38 0 2 0 3 6 320 320 404 5 2 1 319 0 320 1 5 2 1 319 0 1 2 1 13 0 3 0 1 2 64 2 800 1 2 112 10 12 2 119 1 1 127 0 0 3 7 3 554 1 6 1 5 2 1 45 1 0 3 319 0 1 2 0 
118	801 0 0 0 3 555 0 0 0 801 406 0 394 0 13 0 3 1 6 1 5 2 1 4 0 3 321 0 46 1 1 2 84 33 1 2 56 1 10 12 9 0 1 0 406 0 0 3 4 23 1 556 128 0 2 25 173 1 557 128 0 2 113 173 0 
119	8 0 0 0 0 3 4 407 
120	0 3 556 128 0 2 322 1 557 128 0 2 558 1 0 4 1 0 2 1 1 68 0 0 20 0 106 0 83 0 4 802 0 1 0 0 
121	803 0 3 803 17 0 15 0 2 1 1 2 1 1 92 0 4 0 46 122 0 4 56 804 0 4 173 35 2 108 2 322 36 2 558 2 90 0 0 
122	802 0 3 0 3 0 3 802 20 0 77 0 2 1 1 2 1 1 2 1 107 0 1 79 0 4 805 0 80 0 0 15 0 4 803 0 1 47 0 4 321 0 47 0 406 0 394 0 4 321 0 1 1 122 0 6 1 5 2 1 0 4 1 228 72 0 2 1 1 69 7 4 556 128 0 2 322 1 557 128 0 2 558 1 804 0 4 173 559 7 6 114 5 6 43 408 5 4 5 4 4 114 0 4 409 0 0 
123	321 0 3 0 3 0 3 321 17 0 2 26 2 1 1 321 17 0 406 0 394 0 2 1 2 1 1 2 1 1 2 162 806 0 1 0 4 1 0 4 1 92 0 4 1 0 
124	806 0 3 806 8 0 406 0 2 530 1 2 1 1 2 38 2 170 118 0 4 0 61 0 4 1 260 0 13 4 61 46 56 10 12 9 50 0 1 323 159 0 0 0 0 3 54 261 5 0 3 0 262 0 3 139 1 2 25 1 1 0 
125	805 0 3 0 805 17 0 2 1 24 8 0 0 3 1 7 3 1 0 3 0 3 51 2 63 1 0 3 11 14 0 3 1 5 0 3 27 0 3 66 2 133 1 1 2 133 1 0 8 0 0 3 46 81 0 3 1 6 1 5 4 0 1 0 3 0 1 2 1 4 1 0 8 0 0 3 22 0 3 38 0 6 1 5 7 3 38 7 0 3 139 0 6 1 5 4 0 1 1 5 4 0 1 4 1 0 0 0 0 
126	0 3 807 0 3 7 3 807 0 2 1 1 2 7 4 1 7 4 1 0 0 0 3 62 0 0 0 35 2 1 2 108 0 2 801 0 0 3 0 0 3 0 1 1 2 0 3 0 2 2 1 2 1 2 78 4 1 36 11 14 0 3 324 5 2 93 2 2 93 2 90 556 128 0 0 3 0 46 0 3 408 114 86 1 0 3 23 1 6 1 5 0 3 6 43 408 5 2 1 0 5 2 1 0 2 560 114 2 1 2 78 2 1 807 0 1 5 2 2 322 1 557 128 0 2 558 1 0 3 0 46 0 3 408 114 86 1 0 3 23 1 6 1 5 6 5 2 1 2 93 2 113 1 0 
127	0 3 0 3 0 3 0 0 0 0 3 37 0 0 4 1 0 4 0 0 122 0 6 1 5 2 1 0 4 1 228 72 0 2 1 1 0 4 0 0 0 0 0 0 0 0 3 561 1 2 4 1 68 0 0 0 3 107 0 0 3 808 399 0 3 562 0 3 403 46 1 0 3 13 2 1 231 10 12 9 463 0 1 1 0 3 325 0 809 1 56 1 2 164 1 1 4 1 68 0 0 20 0 6 105 5 2 1 45 76 4 810 0 1 4 204 0 4 1 205 163 0 2 1 1 551 0 6 1 5 2 1 811 0 4 1 0 812 0 15 0 0 3 0 3 81 6 105 5 0 3 45 76 0 3 0 13 2 1 1 10 12 9 32 0 1 1 1 0 3 0 1 1 0 3 1 2 1 325 0 809 1 1 1 56 1 5 2 1 325 0 809 1 56 1 2 1 4 1 0 0 0 
128	325 0 3 28 0 0 3 0 3 0 3 325 0 0 17 0 812 0 72 0 15 0 2 1 1 1 2 1 1 2 1 1 2 1 1 325 0 812 0 72 0 15 0 2 1 1 81 1 1 1 8 0 185 0 6 55 5 2 29 1 0 3 326 0 26 1 1 2 33 1 8 0 185 0 0 6 55 5 2 29 1 0 
129	0 3 0 3 0 3 34 0 72 0 15 0 2 1 1 2 1 1 2 1 1 410 0 13 0 3 326 0 1 1 1 2 33 1 10 12 9 0 1 0 
130	0 8 0 563 0 4 761 0 564 0 0 0 3 1 1 0 3 153 6 1 5 2 1 565 2 1 2 313 1 2 1 1 1 4 1 0 564 0 0 4 0 564 0 0 3 22 38 6 1 0 5 4 311 0 532 0 40 4 22 38 0 0 563 0 564 0 0 0 0 0 0 3 22 170 96 11 14 0 0 0 0 3 1 5 2 168 109 66 
131	810 0 3 0 3 810 0 20 0 2 1 1 2 1 1 2 1 813 0 56 1 79 0 0 4 229 0 0 24 8 0 2 33 1 80 0 0 15 0 4 552 0 0 1 0 3 35 2 108 2 1 1 36 2 90 47 0 4 326 0 26 56 122 0 4 56 69 7 4 0 0 
132	411 411 85 0 2 1 411 30 0 2 1 411 30 0 85 0 2 1 1 0 
133	326 0 3 0 3 326 34 0 72 0 2 1 2 1 1 326 34 0 72 0 410 0 2 1 2 1 1 2 1 1 2 162 192 0 153 2 535 192 0 153 2 536 192 0 153 206 0 4 0 22 124 0 4 0 51 124 0 243 7 4 0 51 1 244 0 4 0 259 122 0 4 1 0 4 1 537 0 4 22 814 538 0 4 51 814 815 0 4 259 814 314 0 4 192 0 315 0 4 192 0 0 
134	192 0 3 192 192 563 0 2 1 1 16 0 6 1 5 4 1 5 4 38 118 0 4 0 61 0 4 1 563 0 2 1 1 177 0 21 0 0 3 6 1 5 2 1 100 1 6 1 5 2 1 139 1 4 1 73 0 4 192 0 260 0 6 1 5 4 61 56 61 1 4 323 159 0 0 0 6 1 5 0 3 566 89 54 103 5 0 3 104 40 0 3 100 1 2 25 1 1 0 
135	813 0 3 0 3 0 3 813 72 0 0 0 2 1 1 2 1 1 2 1 1 24 8 0 13 0 3 0 3 0 3 1 1 2 1 1 1 2 1 10 12 9 411 0 1 0 
136	
137	816 0 3 28 0 0 0 3 0 3 0 3 816 17 0 0 15 0 2 1 1 2 1 1 534 30 0 13 6 55 5 2 29 1 1 0 3 75 1 2 33 0 1 10 12 9 50 0 1 47 0 30 0 4 263 0 26 56 1 122 0 6 1 5 2 1 817 0 4 1 228 72 0 2 1 1 0 0 
138	817 0 8 0 30 0 13 6 1 0 5 0 3 0 1 4 567 6 1 0 5 0 3 0 1 4 750 6 1 0 5 4 0 1 6 1 0 1 0 5 4 1 5 4 10 12 9 818 0 1 1 1 0 8 0 264 0 0 3 22 38 1 2 1 1 1 4 1 568 0 8 0 264 0 0 0 0 0 3 22 0 0 0 0 0 3 170 96 11 14 0 0 0 0 3 1 5 0 3 109 0 3 66 6 819 1 1 1 5 2 1 1 0 131 0 264 0 6 1 0 5 4 0 1 6 1 0 5 4 0 1 5 4 565 0 0 0 30 0 0 0 0 3 62 0 0 0 0 3 566 54 261 5 0 3 262 40 0 3 567 1 2 25 1 1 4 1 820 7 821 0 0 0 0 493 0 242 0 4 
139	327 0 3 0 3 0 3 822 0 4 327 0 822 0 187 0 4 327 0 1 822 0 232 0 4 412 193 0 1 0 232 0 0 3 193 0 1 2 823 1 4 412 1 0 232 0 0 3 193 0 1 2 823 1 4 412 1 0 232 0 0 3 193 0 1 2 824 4 412 1 0 232 0 825 0 0 3 193 0 1 2 826 1 2 824 4 412 1 327 327 187 0 2 1 1 327 34 0 2 1 68 0 0 20 0 106 0 83 0 7 3 6 105 1 5 2 1 2 1 45 76 6 105 1 5 2 1 2 1 45 76 0 3 1 0 3 827 0 1 1 1 39 215 0 3 0 113 6 1 5 2 1 2 164 39 1 4 1 393 0 6 1 5 2 1 4 1 187 0 2 1 1 7 2 39 1 569 7 2 39 823 1 569 0 2 39 1 7 2 39 1 7 2 39 828 1 0 2 39 1 0 2 39 1 7 2 39 829 1 232 0 2 39 1 0 2 39 1 7 2 39 1 0 2 39 1 0 2 39 1 7 2 39 1 7 2 39 1 7 2 39 1 7 2 39 1 7 2 39 830 1 0 2 39 1 7 2 39 1 7 2 39 1 7 2 39 1 7 2 39 570 1 831 7 2 39 328 1 7 2 39 1 0 2 39 1 7 2 39 832 1 0 2 39 833 1 7 2 39 1 7 2 39 824 1 825 0 2 39 826 1 0 2 39 1 7 2 39 1 7 2 39 1 0 834 0 4 1 0 4 193 0 0 0 
140	193 0 3 0 3 0 3 0 3 0 3 0 3 0 3 7 3 0 3 1 0 3 0 3 1 7 3 7 3 0 3 0 3 7 3 7 3 0 3 7 3 7 3 7 3 0 3 7 3 0 3 7 3 7 3 7 3 7 3 7 3 7 3 7 3 7 3 0 3 7 3 7 3 7 3 7 3 0 3 0 3 7 3 193 193 232 0 2 1 1 152 0 13 4 0 835 10 12 9 50 0 1 0 7 329 0 0 3 0 3 1 0 1 1 0 1 2 836 1 2 1 2 1 2 1 6 1 5 2 1 2 1 2 1 6 1 5 2 1 2 570 1 6 1 5 2 328 1 6 1 5 2 1 2 1 6 1 5 2 1 6 1 5 2 1 4 1 0 0 3 2 1 4 1 0 2 759 6 1 5 2 6 1 5 2 1 2 832 1 6 1 5 2 1 6 1 1 5 2 832 6 1 5 2 1 2 1 2 1 2 1 6 1 5 2 1 6 1 5 2 1 6 1 0 5 0 3 0 1 6 1 5 2 829 1 6 1 5 2 828 1 6 1 5 2 1 5 2 828 1 6 1 5 2 1 6 1 5 2 1 6 1 5 2 830 1 2 570 1 6 1 5 2 328 1 6 1 5 2 1 6 1 5 2 833 1 6 1 5 2 826 1 6 1 5 2 1 6 1 5 2 1 6 1 0 5 0 3 0 1 6 1 5 2 830 1 6 1 5 2 1 6 1 0 5 0 3 0 1 6 1 5 2 829 1 2 570 1 6 1 5 2 833 1 0 6 1 5 2 1 4 1 232 0 2 1 1 0 6 1 5 2 1 4 1 0 2 1 1 0 6 1 5 2 1 4 1 0 2 1 1 7 4 1 7 2 1 1 7 4 1 7 2 1 1 7 4 1 7 2 1 1 0 4 1 0 2 1 1 0 4 1 0 2 1 1 0 4 1 0 2 1 1 7 4 1 7 2 1 1 0 4 1 569 0 2 1 1 2 1 7 4 1 7 2 1 1 0 4 1 0 2 1 1 7 4 1 7 2 1 1 7 4 1 7 2 1 1 7 4 1 7 2 1 1 0 4 1 0 2 1 1 7 4 1 7 2 1 1 0 4 1 0 2 1 1 7 4 1 7 2 1 1 7 4 1 831 7 2 1 1 0 4 1 825 0 2 1 1 0 4 1 0 2 1 1 7 4 1 7 2 1 1 7 4 1 7 2 1 1 7 4 1 7 2 1 1 7 4 1 7 2 1 1 7 4 1 7 2 1 1 7 4 1 7 2 1 1 0 4 1 0 2 1 1 7 4 1 7 2 1 1 7 4 1 7 2 1 1 7 4 1 7 2 1 1 0 4 1 0 2 1 1 7 4 1 569 7 2 1 1 2 1 7 4 1 7 2 1 1 0 265 1 41 4 837 0 0 41 4 837 0 0 41 4 837 0 0 41 9 32 0 1 0 2 58 1 4 0 4 0 4 0 
141	838 0 3 838 17 0 15 0 0 2 1 1 2 1 1 0 3 1 1 2 1 1 0 4 1 0 17 0 15 0 0 0 3 816 0 0 1 1 2 56 4 1 35 2 108 2 839 2 78 36 2 93 2 2 90 0 0 
142	827 0 3 0 3 7 3 0 3 0 3 827 20 0 77 0 329 0 7 187 0 2 1 1 2 1 1 2 1 1 2 1 1 79 0 0 3 840 4 231 1 79 0 136 0 6 1 0 5 0 3 0 1 2 836 1 2 1 4 841 0 1 80 0 15 0 0 3 4 413 1 1 80 0 15 0 0 2 1 2 836 1 6 1 5 2 1 4 838 0 1 1 642 0 0 0 3 840 4 842 0 1 47 0 4 263 0 26 56 47 0 30 0 4 263 0 26 56 1 122 0 6 1 5 2 1 817 0 4 1 228 72 0 2 1 1 398 0 4 1 393 0 4 1 0 4 1 0 2 1 1 69 7 4 0 4 840 1 1 0 0 
143	263 0 3 263 34 0 72 0 2 1 2 1 1 263 34 0 72 0 30 0 2 1 1 2 162 266 0 1 206 0 4 0 22 124 0 4 0 51 124 0 243 7 4 0 51 1 244 0 4 0 259 122 0 4 1 73 0 4 263 0 26 1 537 0 4 22 843 538 0 4 51 843 815 0 4 51 843 314 0 4 266 0 315 0 4 266 0 0 
144	233 0 30 0 6 1 0 5 0 3 0 1 4 414 1 6 1 0 5 0 3 0 1 7 3 7 7 3 7 1 2 1 1 4 414 1 6 1 0 5 0 3 0 1 0 3 527 0 0 3 0 1 13 54 5 0 3 2 1 1 10 12 2 112 4 414 529 6 1 0 5 0 3 0 1 0 3 527 0 0 3 0 1 11 44 0 3 261 5 0 3 567 262 40 2 1 1 2 112 4 414 529 6 1 0 5 0 3 0 1 0 3 567 0 3 527 0 0 3 0 1 2 1 2 112 4 414 529 4 0 267 0 6 1 7 5 2 800 7 1 6 1 0 5 2 40 6 1 0 5 2 0 1 6 1 0 5 2 0 1 6 1 0 5 2 0 1 6 1 0 5 2 0 1 6 1 0 5 2 0 1 6 1 0 5 2 0 1 6 1 0 5 2 0 1 6 1 0 5 2 0 1 
145	266 0 3 28 0 0 3 266 266 568 0 2 1 16 0 6 1 5 4 1 5 4 38 0 4 1 568 0 2 1 1 13 0 3 2 1 844 2 1 10 12 2 119 1 1 177 0 21 0 0 3 6 1 5 13 2 1 1 10 12 9 571 0 1 1 6 1 5 2 1 139 1 4 1 73 0 4 266 0 260 0 6 1 61 0 5 0 3 0 61 4 56 4 323 159 0 0 0 6 1 5 0 3 13 2 1 566 10 12 9 845 0 1 54 261 5 0 3 262 40 13 0 3 1 2 25 1 1 10 12 9 571 0 1 1 0 329 0 0 3 6 1 0 5 2 1 1 844 0 1 5 2 1 1 844 0 1 2 1 1 4 1 0 18 0 4 1 40 708 0 
146	842 0 3 842 17 0 136 0 2 1 2 1 1 92 0 4 0 46 648 0 4 415 290 0 4 415 290 0 245 7 2 328 1 0 3 415 6 1 5 4 46 75 1 4 35 36 831 245 7 6 1 0 5 0 3 0 1 2 328 1 6 1 0 5 0 3 0 1 2 328 1 5 9 32 0 1 0 0 
147	841 0 3 28 0 0 3 0 3 841 17 0 136 0 2 1 2 1 1 2 1 1 24 8 0 2 123 395 0 0 264 0 0 3 56 1 1 6 55 5 2 29 1 1 4 1 681 0 4 1 0 
148	0 3 0 3 17 0 15 0 2 1 1 2 1 1 534 30 0 13 0 3 75 1 2 33 1 10 12 9 50 0 1 0 
149	571 7 3 0 3 571 704 0 12 0 2 1 1 2 1 1 0 4 1 0 
150	845 7 3 845 12 0 2 1 0 
151	818 7 3 818 30 0 85 0 2 1 1 0 
152	846 0 3 846 846 34 0 2 1 68 0 0 20 0 106 0 83 0 0 3 847 0 1 2 164 1 1 2 4 1 0 4 1 0 2 1 1 0 0 
153	848 0 3 848 17 0 15 0 2 1 1 2 1 1 572 0 0 13 2 84 33 75 1 10 12 2 230 1 0 0 
154	847 0 3 28 0 0 3 0 3 0 3 0 3 7 3 0 3 0 3 0 3 0 3 0 847 95 0 77 0 2 1 1 2 1 1 79 0 0 9 330 0 80 0 0 0 0 3 0 1 6 1 5 0 3 2 1 1 1 2 1 1 0 3 848 0 1 2 1 0 1 2 2 1 2 1 2 1 2 2 1 2 1 2 1 1 2 1 1 0 4 1 69 7 4 47 0 572 0 4 573 0 26 1 47 0 4 573 0 26 0 4 1 0 2 1 1 7 4 1 7 2 1 1 295 0 4 1 672 21 0 2 1 1 0 4 1 0 2 1 1 0 4 1 0 2 1 1 0 4 1 0 2 1 1 0 0 
155	573 573 163 0 572 0 2 1 2 162 417 0 1 0 
156	417 0 3 417 2 417 572 0 2 1 1 16 0 4 1 118 0 4 0 61 73 0 4 417 0 0 4 1 0 
157	0 0 0 13 0 3 1 2 322 141 114 4 1 10 12 9 0 1 0 
158	17 0 849 0 8 0 13 2 1 1 22 0 3 39 395 6 1 5 2 1 1 6 303 5 0 3 39 303 2 850 0 1 2 22 38 0 10 12 9 574 0 1 1 1 7 0 4 1 1 0 8 0 30 0 13 4 761 10 12 9 574 0 1 1 1 849 0 8 0 821 0 0 0 0 0 0 0 0 0 3 170 96 11 14 0 0 0 0 3 1 5 0 3 109 0 3 66 6 1 5 6 819 1 1 1 5 6 1 5 0 3 89 1 54 103 5 0 3 104 2 1 1 1 5 2 133 1 1 1 0 8 0 18 0 4 26 154 101 0 1 820 7 821 0 0 0 0 493 0 242 0 4 
159	331 0 3 0 3 0 3 0 4 331 0 0 187 0 4 331 0 1 331 2 1 575 0 331 187 0 2 1 1 331 34 0 2 1 2 1 575 0 68 0 0 20 0 106 0 83 0 0 3 39 215 2 107 0 1 0 3 851 0 1 1 2 164 39 1 4 1 393 0 4 1 187 0 2 1 1 0 834 0 4 1 0 0 
160	575 0 3 0 3 0 3 0 3 0 3 0 3 0 3 7 3 0 3 0 3 7 3 0 3 575 152 0 13 4 0 835 10 12 9 50 0 1 507 20 0 0 3 141 6 1 5 2 852 1 0 3 409 6 1 5 2 1 0 3 418 6 1 5 2 1 7 3 114 6 1 5 2 560 1 0 3 576 6 1 76 5 2 1 1 1 5 2 1 2 783 1 0 0 0 3 0 6 1 5 2 1 6 1 5 2 852 1 6 1 5 2 1 6 1 5 2 560 1 6 1 5 2 1 6 1 5 2 1 6 1 5 2 1 6 1 5 2 1 4 1 0 4 1 0 2 1 1 853 0 4 1 0 2 1 1 0 4 1 0 2 1 1 0 4 1 0 2 1 1 559 7 4 1 854 855 7 2 1 1 0 4 1 0 2 1 1 0 4 1 264 0 2 1 1 0 4 1 0 2 1 1 398 0 4 1 329 0 2 1 1 0 4 1 496 0 2 1 1 7 4 1 7 2 1 1 0 4 1 0 2 1 1 0 
161	856 0 3 28 0 0 3 0 3 856 17 0 15 0 0 2 1 1 2 1 1 2 1 1 35 2 108 2 2 36 2 2 112 2 90 0 0 3 857 11 14 0 3 1 5 13 6 254 1 5 2 1 2 1 10 12 2 230 1 0 0 3 857 11 14 0 3 1 5 6 55 5 13 2 29 10 12 2 29 1 795 2 7 3 6 1 5 0 3 857 0 3 0 1 1 1 2 1 6 1 5 9 0 2 112 30 0 13 0 3 75 1 2 84 33 1 10 12 2 230 1 6 5 2 1 30 0 6 39 5 2 1 5 2 1 0 0 0 
162	851 0 3 0 3 851 20 0 77 0 187 0 2 1 1 2 1 1 79 0 0 0 3 4 231 1 79 0 0 0 4 858 0 1 80 0 0 15 0 0 3 0 3 39 408 6 43 5 2 1 0 3 39 0 3 1 1 6 1 5 9 32 0 1 1 4 413 1 1 80 0 0 15 0 0 0 3 856 0 1 1 2 1 4 1 47 0 4 332 0 26 56 47 0 30 0 4 332 0 26 56 1 122 0 6 1 5 2 1 0 4 1 228 72 0 2 1 1 69 7 4 393 0 4 1 0 0 
163	332 0 3 332 34 0 72 0 2 1 2 1 1 332 34 0 72 0 30 0 2 1 1 2 162 268 0 1 206 0 4 0 22 124 0 4 0 51 124 0 243 7 4 0 51 1 244 0 4 0 259 122 0 4 1 73 0 4 332 0 26 1 314 0 4 268 0 315 0 4 268 0 0 
164	268 0 3 268 268 30 0 2 1 1 16 0 6 1 5 4 1 5 4 38 118 0 4 0 61 782 0 4 1 0 2 1 1 177 0 21 0 0 3 6 1 5 13 2 1 139 1 10 12 9 859 0 1 1 6 1 5 4 139 1 6 1 5 4 1 4 1 73 0 4 268 0 260 0 6 1 5 4 61 56 61 1 4 323 159 0 0 0 6 1 5 0 3 13 2 1 10 12 9 577 0 1 13 54 261 5 0 3 0 262 0 3 66 0 3 27 2 1 1 1 10 12 9 577 0 1 0 
165	858 0 3 28 0 0 3 0 3 858 17 0 0 2 1 2 1 1 2 1 1 24 8 0 2 123 0 787 849 0 2 56 1 1 1 0 0 
166	859 7 3 0 3 859 704 0 12 0 2 1 1 2 1 1 0 4 1 0 
167	577 7 3 577 12 0 2 1 0 
168	574 7 3 574 30 0 85 0 2 1 1 0 
169	860 860 860 34 0 2 1 68 0 0 20 0 106 0 83 0 0 3 107 0 1 0 3 409 6 43 5 4 1 1 6 43 43 43 5 4 1 1 6 43 5 4 1 1 5 9 861 0 1 1 0 20 0 862 0 0 3 0 0 3 0 114 0 3 0 4 420 0 1 1 1 1 0 20 0 862 0 0 3 0 0 3 0 141 114 0 3 0 0 3 0 2 0 0 4 420 0 1 1 1 1 1 0 20 0 862 0 0 3 0 0 3 0 141 114 0 3 0 0 3 0 2 0 0 4 420 0 1 1 1 1 1 0 0 
170	863 0 3 28 0 0 3 0 3 0 3 863 17 0 15 0 2 1 1 2 1 1 2 1 540 2 1 35 6 55 5 2 29 1 1 0 3 0 264 0 269 0 2 84 33 75 1 1 2 1 1 36 2 1 2 90 0 0 
171	420 0 3 0 3 0 3 0 3 420 95 0 77 0 0 0 0 0 2 1 1 2 1 1 2 1 1 2 1 1 2 1 1 79 0 0 4 864 0 80 0 0 15 0 4 863 0 1 47 0 4 578 0 26 47 0 264 0 269 0 0 3 578 0 26 2 22 63 1 4 1 0 4 1 775 0 4 1 0 4 1 0 4 1 69 7 4 0 0 
172	578 578 163 0 2 1 0 
173	864 0 3 28 0 0 3 0 3 864 17 0 2 1 2 1 1 24 8 0 6 1 5 9 189 0 0 3 22 38 6 1 5 2 74 1 5 2 800 1 35 0 3 540 0 3 6 55 5 2 29 1 1 0 3 0 0 269 0 2 1 1 0 3 322 1 1 2 865 2 1 36 6 1 5 2 112 865 0 
174	867 0 0 0 3 37 0 0 0 138 0 0 138 0 0 2 1 4 457 0 0 21 0 0 0 3 689 1 4 270 0 1 131 0 0 0 3 214 4 270 0 1 690 0 31 0 0 0 0 3 214 1 4 270 0 1 300 0 0 0 3 214 4 270 0 1 300 0 31 0 0 0 0 3 214 1 4 270 0 1 17 0 868 7 8 0 11 14 0 0 3 1 5 2 81 1 138 0 0 2 19 1 270 270 49 0 0 2 1 0 0 138 0 0 2 1 4 1 0 0 0 0 
175	68 0 0 20 0 106 0 83 0 4 869 0 1 0 0 
176	869 0 3 28 0 7 3 0 0 0 3 62 0 0 0 0 0 3 37 0 0 0 0 3 37 0 0 0 0 3 37 0 0 0 3 7 3 7 3 245 7 870 0 111 0 7 3 181 7 3 372 1 7 3 1 1 11 14 0 3 1 5 6 316 1 1 9 256 0 81 2 1 1 181 6 1 2 1 579 245 7 870 0 111 0 2 1 1 1 11 14 0 3 1 5 2 871 579 111 0 11 14 0 3 1 5 2 871 7 111 0 11 14 0 3 1 5 2 1 869 95 0 77 0 2 1 1 47 0 4 213 0 26 80 0 0 15 0 9 0 79 0 0 4 229 0 0 24 8 0 2 1 579 2 871 1 579 7 6 1 5 2 316 1 6 1 5 6 1 5 2 371 1 6 1 5 7 3 580 2 1 1 6 1 5 7 3 580 2 872 1 1 1 1 11 14 0 3 1 5 2 873 11 14 0 3 1 5 6 1 5 2 119 81 1 1 2 874 1 7 2 1 1 6 1 5 2 1 5 2 1 542 0 1 7 2 1 1 6 1 5 2 1 5 2 1 542 0 1 0 2 64 2 875 0 180 7 3 11 14 0 3 1 5 0 3 581 23 1 2 872 1 1 0 3 22 0 3 1 38 48 38 2 1 1 1 2 29 81 1 1 0 0 3 37 0 11 14 0 3 1 5 2 19 1 2 1 0 2 19 1 30 0 7 0 3 867 0 180 2 1 1 2 875 1 4 1 0 0 3 867 0 180 0 0 3 581 7 3 11 14 0 3 1 5 2 1 1 2 875 1 4 1 0 868 7 7 3 580 2 872 1 1 1 4 581 23 1 0 0 4 1 7 4 581 64 0 0 4 1 7 4 1 7 4 1 7 2 1 1 8 0 13 2 29 81 1 2 19 1 0 3 23 580 6 1 5 2 33 1 6 1 5 2 784 10 12 2 19 1 30 0 0 0 6 43 1 1 5 2 874 1 1 1 30 0 138 7 6 1 5 2 874 1 30 0 9 256 0 81 1 7 4 1 6 1 5 2 316 7 245 7 870 0 6 1 5 4 316 1 1 4 69 7 4 0 0 
177	876 0 3 876 17 0 2 1 2 1 1 92 0 4 1 0 
178	0 0 0 3 62 0 0 0 20 0 194 0 2 25 1 1 20 0 2 113 1 0 20 0 4 23 1 68 0 0 20 0 106 0 83 0 0 3 1 4 582 0 1 1 422 0 17 0 0 0 0 3 231 4 877 1 1 0 333 0 583 0 91 0 423 0 0 3 424 0 1 1 1 0 3 271 0 26 2 878 1 2 33 1 0 3 584 6 1 5 9 879 0 1 4 51 38 422 0 17 0 0 6 1 5 9 32 0 4 425 1 1 150 1 422 0 17 0 0 0 0 4 0 425 1 1 0 1 422 0 17 0 0 0 4 0 425 1 0 1 0 0 
179	582 0 3 582 20 0 77 0 194 0 2 1 1 2 1 1 79 0 0 0 3 6 1 5 9 876 0 4 229 0 24 8 0 0 3 241 1 2 148 1 1 2 400 1 80 0 0 15 0 9 0 333 194 0 8 0 0 3 13 0 3 148 1 2 51 63 1 10 12 2 386 10 12 9 1 10 12 9 330 0 1 47 0 4 271 0 26 69 7 4 0 4 1 194 0 2 1 1 0 0 
180	271 271 34 0 2 1 0 4 22 38 0 0 2 22 63 1 73 0 4 271 0 26 0 
181	424 0 3 0 3 0 3 424 583 0 91 0 423 0 2 1 1 2 1 1 2 1 1 0 4 1 880 0 4 1 0 4 1 
182	0 0 3 37 0 0 7 128 0 4 19 1 7 128 0 4 113 1 68 0 0 20 0 106 0 83 0 4 882 0 1 1 0 0 
183	883 0 3 0 3 883 17 0 15 0 2 1 1 2 1 1 35 0 3 272 2 2 1 36 6 1 5 2 0 3 272 2 0 0 3 425 0 3 0 180 2 873 0 3 0 6 5 6 299 5 2 884 1 299 334 5 2 884 1 426 334 5 6 299 5 6 334 5 2 585 1 299 334 5 2 585 1 299 5 6 334 5 2 585 1 426 334 5 2 585 1 426 4 1 422 0 4 0 877 150 0 0 0 333 0 583 0 91 0 423 0 6 370 5 9 189 0 46 81 0 3 424 0 1 1 1 0 3 46 75 2 878 1 2 84 33 1 0 3 584 6 1 5 9 879 0 1 4 51 38 0 0 0 
184	882 0 3 0 3 0 3 7 3 7 3 7 3 7 3 882 0 77 0 0 2 1 1 2 1 1 0 3 107 0 1 0 3 790 1 2 164 1 2 1 173 79 0 0 9 50 0 81 80 0 0 15 0 4 883 0 1 47 0 4 271 0 26 175 0 4 1 0 4 1 7 4 1 7 2 1 1 7 4 1 7 2 1 1 7 4 1 7 2 1 1 7 4 1 7 2 1 1 0 4 1 0 2 1 1 69 7 4 0 0 
185	0 3 0 3 95 0 77 0 15 0 885 0 2 1 1 2 1 1 2 1 1 47 0 4 213 0 26 79 0 0 4 229 0 0 24 8 0 2 1 80 0 0 15 0 4 886 0 1 298 0 4 1 0 4 1 8 0 2 33 1 2 33 1 69 7 4 0 0 
186	886 0 3 886 17 0 15 0 2 1 1 2 1 1 35 2 108 2 335 84 36 2 335 887 84 2 90 0 0 
187	34 0 0 3 0 337 23 1 6 1 5 9 0 1 2 1 0 
188	888 0 3 28 0 0 3 0 3 0 0 0 3 888 888 34 0 2 1 68 0 20 0 106 0 83 0 0 3 889 0 1 338 0 3 107 0 1 0 3 0 3 0 3 173 0 3 6 1 76 5 6 105 5 2 1 45 7 3 147 6 1 5 2 1 0 2 1 45 1 0 3 45 1 2 1 273 2 1 273 2 29 1 2 1 2 1 5 2 1 1 2 1 141 5 2 1 141 0 3 1 6 1 5 2 1 586 2 247 1 2 1 0 3 890 1 0 3 890 1 2 164 1 1 2 164 337 1 4 1 35 2 108 2 338 78 36 6 1 5 2 767 2 90 0 6 1 5 2 1 4 1 451 0 2 1 1 0 6 1 5 2 1 4 1 0 2 1 1 0 4 1 0 2 1 1 0 4 0 0 4 338 0 0 
189	891 891 17 0 15 0 2 1 1 92 0 4 0 46 35 2 108 2 46 36 2 46 2 90 0 0 
190	889 0 3 0 3 28 0 0 3 0 3 0 3 0 3 7 3 889 95 0 77 0 0 2 1 1 2 1 1 0 0 0 6 1 5 0 0 0 0 0 3 96 11 14 0 0 0 0 3 1 5 0 3 109 0 3 66 2 58 1 2 58 1 2 1 1 892 0 0 6 27 5 2 247 27 6 587 5 2 587 6 5 2 248 0 2 25 1 0 3 6 1 5 2 0 6 27 5 2 247 81 2 338 1 1 892 0 0 2 338 27 587 588 0 6 55 5 2 29 1 0 3 75 1 13 2 335 33 1 10 12 9 1 10 12 9 0 1 47 0 4 589 0 26 47 0 588 0 4 589 0 26 1 79 0 0 9 0 80 0 15 0 4 891 0 1 175 0 4 0 272 69 7 4 0 4 1 0 6 1 5 2 1 4 1 885 0 2 1 1 0 6 1 5 2 1 4 1 0 2 1 1 0 6 1 5 2 1 4 1 892 0 2 1 1 128 0 2 335 84 6 1 5 2 586 337 2 1 128 0 2 335 887 84 6 335 893 110 1 5 2 586 337 2 1 0 4 894 0 0 4 0 0 4 0 0 0 
191	589 589 34 0 588 0 2 1 2 162 895 0 1 206 0 4 0 22 0 4 22 0 
192	895 0 3 895 8 0 588 0 2 1 1 2 530 1 2 63 337 0 4 1 323 159 0 0 0 2 1 6 1 5 2 25 2 25 2 25 337 2 25 2 25 2 25 2 25 2 25 2 25 2 25 2 25 2 25 338 0 3 586 2 25 1 2 25 27 2 25 587 0 
193	0 0 4 0 0 68 0 0 20 0 106 0 83 0 4 897 0 0 1 0 0 0 
194	897 0 0 3 897 20 0 77 0 0 2 1 1 2 1 79 0 0 4 229 0 24 8 0 2 19 241 1 80 0 0 15 0 4 898 0 0 1 47 0 4 0 213 0 26 0 0 4 1 69 7 4 0 0 0 
195	898 0 0 3 0 3 0 3 898 17 0 0 15 0 2 1 1 2 1 1 16 0 4 81 180 54 590 5 0 3 13 2 1 899 1 10 12 52 6 1 590 5 13 2 33 1 10 12 2 396 35 2 1 477 0 81 2 2 78 36 2 865 0 0 0 0 0 
196	900 900 900 34 0 2 1 68 0 0 20 0 106 0 83 0 4 901 0 1 0 0 
197	902 0 3 0 3 0 3 902 17 0 15 0 2 1 1 2 1 1 35 0 3 0 64 2 401 1 2 1 0 877 150 1 2 1 1 114 13 0 3 339 0 3 27 2 1 1 13 2 1 10 340 2 1 9 1 10 340 2 108 36 2 90 13 0 3 339 2 27 10 340 2 1 333 0 583 0 91 0 423 0 6 370 5 9 189 0 46 81 0 3 424 0 1 1 1 0 3 46 75 2 878 1 2 84 33 1 0 3 584 6 1 5 9 879 0 1 4 51 38 0 4 1 0 4 1 0 0 0 
198	901 0 0 3 0 3 0 3 7 3 901 95 0 77 0 2 1 1 2 1 107 0 1 69 7 4 47 0 4 271 0 26 80 0 0 15 0 6 1 64 9 50 0 4 902 0 1 79 0 0 4 903 0 295 0 0 3 173 6 1 2 1 562 4 1 0 6 141 5 6 114 5 4 339 141 5 4 339 141 114 5 4 339 0 0 4 1 0 0 2 1 1 6 1 110 5 2 1 23 150 0 2 251 1 0 4 1 0 2 1 1 559 7 4 1 854 855 7 2 1 1 0 0 
199	903 0 3 0 3 903 17 0 2 1 2 1 1 24 8 0 0 3 241 1 2 148 1 2 400 1 0 6 1 5 0 3 339 2 1 27 4 1 0 
200	427 7 3 427 85 0 2 1 427 30 0 85 0 2 1 1 0 
201	30 0 8 0 2 63 22 38 0 0 0 0 0 0 3 22 170 96 11 14 0 0 0 0 3 1 5 0 3 109 0 3 66 6 819 1 1 1 5 2 168 1 1 0 3 6 1 5 2 168 1 0 8 0 30 0 4 38 820 7 8 0 493 0 242 0 4 
202	592 0 4 592 0 592 592 34 0 2 1 68 0 0 20 0 106 0 83 0 0 3 904 0 1 0 3 107 0 1 2 852 141 2 560 114 6 418 5 2 418 0 3 173 6 1 5 6 105 5 2 1 45 6 76 5 2 1 4 1 0 0 
203	905 0 3 28 0 0 3 905 17 0 15 0 2 1 1 2 1 1 35 2 108 2 593 36 2 593 2 90 0 6 1 0 5 0 3 0 1 6 55 5 2 29 38 0 3 75 1 13 2 84 33 1 10 12 2 396 6 1 0 5 0 3 0 1 6 55 5 2 29 0 3 54 103 5 0 3 104 2 29 1 5 6 55 5 2 29 1 0 0 0 
204	904 0 3 28 0 0 3 0 3 0 3 7 3 0 3 0 3 0 3 7 3 0 3 7 3 0 3 0 3 904 20 0 77 0 2 1 1 79 0 0 6 1 5 4 1 5 6 1 5 9 32 0 4 1 0 0 906 0 4 907 0 1 0 0 908 0 4 909 0 1 80 0 0 15 0 4 905 0 1 47 0 4 341 0 26 56 47 0 30 0 4 341 0 26 56 1 122 0 6 1 5 2 1 0 4 1 228 72 0 2 1 1 853 0 4 1 0 2 1 1 559 7 4 1 854 855 7 2 1 1 0 4 1 0 2 1 1 0 4 1 0 2 1 1 0 4 1 0 2 1 1 7 4 1 7 2 1 1 0 4 1 0 2 1 1 7 4 1 7 2 1 1 0 4 1 906 0 2 1 1 0 4 1 908 0 2 1 1 0 6 1 5 2 1 4 1 0 2 1 1 0 0 3 6 1 5 2 1 0 1 1 5 2 1 0 1 6 1 5 6 1 5 2 211 1 1 6 1 5 2 74 1 6 1 5 0 3 0 1 2 1 1 6 1 5 2 1 1 1 5 2 1 1 5 2 211 1 2 2 0 1 4 1 69 7 4 0 0 
205	341 0 3 341 34 0 72 0 2 1 2 1 1 341 34 0 72 0 30 0 2 1 1 2 162 274 0 1 206 0 4 0 22 124 0 4 0 51 124 0 243 7 4 0 51 1 244 0 4 0 259 122 0 4 1 73 0 4 341 0 26 1 537 0 4 22 910 538 0 4 51 910 815 0 4 51 910 314 0 4 274 0 315 0 4 274 0 0 
206	907 0 3 28 0 0 3 0 3 0 3 907 17 0 906 0 2 1 2 1 1 2 1 1 6 1 5 9 32 0 24 8 0 0 3 565 2 1 2 850 2 56 1 1 6 55 5 2 29 38 13 2 1 10 12 9 427 0 1 35 2 108 6 1 5 2 1 593 1 36 6 1 5 2 2 1 2 90 0 4 1 0 2 1 1 0 4 1 0 
207	274 0 3 274 2 0 274 568 0 2 1 1 16 0 6 1 5 4 1 5 4 38 118 0 4 0 61 0 4 1 0 2 1 1 177 0 21 0 4 100 1 289 21 0 18 0 6 1 5 2 1 5 2 168 1 1 464 0 0 0 0 0 0 3 62 0 0 0 0 3 566 54 103 5 0 3 0 104 2 25 1 100 1 4 1 73 0 4 274 0 260 0 6 1 5 4 61 56 61 1 4 0 
208	909 0 3 28 0 0 3 0 3 0 3 909 17 0 908 0 2 1 2 1 1 2 1 1 6 1 5 9 32 0 24 8 0 0 3 565 2 1 2 850 2 2 1 2 56 1 1 6 55 5 2 29 38 13 2 1 10 12 9 427 0 1 35 2 108 6 1 5 2 1 593 36 2 1 2 90 0 4 1 0 2 1 1 0 4 1 0 
209	7 0 4 233 0 267 7 4 1 233 0 18 0 0 3 342 76 7 3 547 2 25 1 4 1 233 0 18 0 0 3 342 2 1 4 1 233 0 18 0 0 3 342 2 1 4 1 233 0 18 0 0 3 342 2 1 4 1 233 0 18 0 0 3 342 2 1 4 1 233 0 18 0 0 3 342 2 1 4 1 
210	7 18 0 4 1 0 1 48 234 0 18 0 6 1 5 4 89 6 1 0 5 0 3 0 1 4 89 6 48 234 5 4 251 89 1 5 4 89 1 7 18 0 0 3 517 1 6 1 5 4 4 0 18 0 6 1 0 5 4 0 1 6 1 0 5 4 40 1 1 4 
211	0 3 0 6 1 5 2 1 391 0 4 1 0 2 1 1 594 0 18 0 0 0 3 1 4 0 1 1 0 18 0 0 0 3 1 0 3 0 3 754 2 546 1 1 4 1 0 18 0 6 1 5 9 32 0 0 3 71 48 4 1 
212	595 7 3 595 267 7 2 1 1 595 267 7 912 0 2 1 1 2 428 1 0 4 402 0 1 0 4 518 0 387 7 4 1 16 0 4 0 1 0 
213	275 0 3 0 3 275 125 0 6 1 5 9 0 2 1 1 275 125 0 912 0 2 1 2 428 1 275 125 0 912 0 0 2 1 1 2 1 1 2 428 1 0 13 4 402 0 547 1 10 12 9 330 0 1 0 4 532 0 1 16 0 4 1 0 4 1 0 0 
214	391 0 3 0 3 1 0 3 0 3 0 3 0 3 13 2 1 778 10 596 2 1 1 391 391 0 2 1 1 97 0 461 0 6 1 5 4 0 3 6 1 5 9 597 0 2 1 1 2 1 1 594 0 267 7 4 595 0 1 594 0 267 0 4 275 0 1 594 0 0 4 598 0 1 16 0 97 0 6 1 5 4 6 1 0 5 4 0 1 6 1 0 5 4 0 0 1 5 0 3 0 2 1 528 0 1 4 40 16 0 389 0 4 40 598 0 1 0 97 0 6 1 0 5 4 0 1 6 1 0 5 4 0 1 6 1 0 5 4 0 1 5 4 0 97 0 6 1 0 5 4 0 1 6 1 0 5 4 0 1 6 1 0 5 4 0 1 5 4 0 97 0 6 1 0 5 4 0 1 6 1 0 5 4 0 1 6 1 0 5 4 0 1 5 4 0 97 0 0 3 6 1 5 6 5 4 311 0 6 5 4 311 0 0 3 40 1 4 275 0 1 0 97 0 0 3 40 1 4 275 0 1 0 97 0 0 3 6 407 5 2 1 258 0 407 5 2 1 258 0 387 2 428 2 4 913 0 1 0 0 0 3 1 0 3 407 6 1 5 2 1 518 0 387 4 1 0 97 0 0 3 0 3 0 3 0 3 407 6 1 5 2 1 158 258 0 1 5 0 3 387 6 1 5 0 3 258 0 1 2 428 1 2 1 158 1 5 9 861 0 4 598 0 1 1 0 97 0 6 1 5 13 0 3 0 0 0 3 0 71 0 524 4 913 0 1 258 0 10 12 9 597 0 1 5 0 3 40 1 0 3 532 0 1 4 913 0 258 0 1 0 97 0 4 598 0 1 0 97 0 0 3 0 2 1 1 4 524 0 97 0 0 3 1 4 1 524 0 97 0 0 3 1 4 1 0 389 0 6 1 0 5 4 0 1 6 1 0 5 4 0 1 5 9 597 0 276 0 267 7 0 3 429 430 4 158 402 0 1 276 0 185 0 0 3 429 430 4 158 1 276 0 185 0 0 3 429 430 4 158 1 276 0 125 0 4 547 276 0 127 0 0 3 429 430 4 158 1 276 0 97 0 0 3 1 4 1 276 0 389 0 6 1 0 5 4 0 1 6 1 0 5 0 3 0 1 6 914 1 5 4 914 5 0 3 754 2 1 4 1 5 9 597 0 0 6 1 5 2 1 4 1 0 2 1 1 0 0 3 71 2 2 2 4 1 0 0 3 429 4 430 0 0 3 4 0 6 1 5 2 1 4 1 0 2 1 1 0 0 3 4 0 0 3 71 4 1 
215	182 0 0 3 0 0 3 182 156 0 0 157 0 0 2 58 1 2 58 1 2 1 1 2 1 1 16 0 4 1 1 70 7 8 0 0 3 53 1 0 3 53 1 4 102 1 1 1 291 125 0 8 0 0 3 53 1 0 3 53 1 6 102 1 1 1 5 9 256 0 503 1 1 1 70 7 8 0 183 0 184 0 221 0 502 0 8 0 183 0 184 0 4 1 1 1 0 0 0 
216	915 0 3 0 0 3 0 3 915 0 31 0 0 2 1 1 2 1 1 73 0 6 1 5 2 1 1 4 1 0 31 0 0 4 0 480 71 1 
217	0 0 0 3 62 0 0 0 0 0 0 3 62 0 0 0 0 0 3 0 0 3 37 0 0 0 3 0 3 0 3 0 3 7 3 240 0 77 0 6 1 5 9 32 0 86 1 6 1 5 9 32 0 1 2 2 25 1 1 175 0 21 0 86 1 0 3 23 1 6 1 1 5 13 2 1 1 6 1 5 2 1 1 6 370 5 2 82 1 10 12 9 50 0 1 1 4 1 175 0 0 21 0 0 0 0 3 272 1 6 255 1 5 4 235 1 5 9 32 0 1 1 0 240 0 86 1 4 113 1 0 240 0 451 0 0 86 1 0 3 23 1 6 1 5 13 2 1 6 1 5 9 50 0 1 2 25 1 1 2 10 12 9 50 0 1 1 4 1 0 0 86 1 4 37 0 0 324 0 20 0 17 0 0 3 86 1 2 82 1 2 1 113 1 2 25 1 1 2 87 1 4 1 0 20 0 0 3 86 1 2 1 113 1 2 87 1 4 1 92 0 20 0 0 3 86 1 2 1 23 1 6 1 5 13 0 3 1 6 1 5 9 32 0 1 0 3 1 0 3 272 1 6 1 5 2 1 561 1 6 1 5 6 1 5 2 82 1 2 25 1 1 10 12 9 649 0 1 1 4 1 92 0 0 21 0 0 0 0 3 46 1 6 255 1 5 4 235 1 5 9 32 0 1 1 452 0 0 4 1 453 176 0 0 2 1 1 454 176 0 0 6 1 5 2 1 37 0 0 1 5 2 1 1 6 370 5 2 1 454 130 0 2 734 2 599 0 6 1 5 2 1 4 1 0 2 1 1 639 0 6 1 5 2 1 4 1 916 0 2 1 1 455 0 6 1 5 2 1 4 1 343 0 2 1 1 0 6 1 5 2 1 4 1 0 2 1 1 35 6 1 5 11 14 0 3 324 5 2 82 1 2 1 36 2 87 1 6 1 5 11 14 0 3 324 5 2 87 1 0 0 6 1 5 11 14 0 0 3 1 5 0 0 3 2 1 2 82 1 0 4 0 0 4 600 0 0 0 3 431 0 13 4 0 71 10 12 4 917 0 10 12 9 50 0 1 10 12 9 50 0 1 10 12 9 50 0 1 10 12 9 50 0 1 0 4 0 7 4 1 7 2 1 1 0 0 0 
218	918 7 3 0 3 0 3 918 918 34 0 2 1 1 68 0 0 20 0 2 58 403 0 3 107 0 1 0 3 141 6 1 5 2 1 562 0 3 790 1 0 0 3 561 1 1 1 6 1 5 4 6 1 5 6 1 0 5 0 3 0 1 2 1 2 164 1 1 4 1 204 0 4 1 205 34 0 2 1 1 551 0 6 1 5 2 1 4 1 0 2 1 1 0 4 811 0 1 0 7 3 0 0 0 3 477 0 1 2 247 1 40 4 1 35 36 6 1 5 2 767 68 0 0 20 0 106 0 83 0 0 0 0 0 
219	0 3 431 0 919 0 0 21 0 34 0 0 3 13 2 1 601 1 10 12 4 10 12 9 32 0 1 1 6 1 5 4 6 174 1 0 5 4 0 0 480 71 1 5 9 32 0 27 0 0 0 
220	552 0 0 3 0 3 0 3 552 17 0 0 15 0 2 1 1 2 1 1 16 0 4 1 92 0 0 4 1 298 0 4 1 920 0 6 1 5 2 1 277 0 48 4 1 921 922 0 2 1 1 36 2 87 1 35 2 82 1 602 596 0 2 923 230 1 0 0 0 0 
221	0 3 0 3 0 3 0 3 95 0 77 0 2 1 1 2 1 1 2 1 403 7 4 344 924 7 269 0 6 1 0 5 0 3 0 1 4 43 1 1 4 16 0 4 1 0 4 1 166 0 4 1 175 0 4 1 551 0 6 1 5 0 3 272 6 1 1 0 5 0 3 0 1 2 1 6 1 5 2 1 4 1 0 2 1 1 642 0 0 4 603 0 0 134 0 31 0 0 8 0 6 255 1 5 4 235 1 4 26 101 1 1 47 0 8 0 0 0 3 6 1 5 6 255 1 5 4 235 1 0 3 75 2 400 1 4 1 0 8 0 4 75 1 0 0 0 3 48 6 1 0 5 0 3 0 1 0 3 6 1 5 0 3 1 6 1 0 5 4 0 0 1 4 0 4 811 0 0 0 0 
222	213 0 3 432 0 0 3 0 0 0 3 0 3 0 3 0 3 0 3 0 3 925 213 34 0 2 1 1 16 0 4 1 152 0 0 3 71 2 400 4 1 8 0 6 1 5 4 2 604 520 2 162 604 22 2 535 604 51 2 536 604 259 2 584 0 0 0 519 0 0 0 6 1 4 4 62 0 0 0 1 0 30 0 6 1 4 4 215 73 0 4 213 0 1 166 0 4 1 358 0 21 0 6 1 5 4 23 1 4 358 0 21 0 31 0 0 0 3 100 1 4 26 154 101 1 1 359 21 0 18 0 2 520 25 1 1 462 0 0 0 6 1 5 2 1 62 0 0 0 4 1 646 458 0 0 0 2 1 1 206 0 6 1 5 2 1 2 433 1 4 1 185 0 2 1 1 2 433 1 124 0 4 51 124 0 243 7 6 1 1 5 2 1 2 433 1 4 1 0 2 1 1 2 433 1 0 4 1 605 0 2 1 1 244 0 4 1 0 2 1 1 2 433 1 0 4 1 643 0 2 1 1 314 0 4 606 0 315 0 4 606 0 30 0 6 1 0 5 0 3 0 1 2 530 0 
223	134 0 31 0 0 8 0 4 0 
224	606 0 0 0 3 16 0 4 38 177 0 21 0 4 170 23 1 177 0 21 0 31 0 0 0 3 139 1 4 61 26 154 101 1 1 289 21 0 18 0 6 1 5 2 1 2 25 1 1 464 0 0 0 6 1 5 2 1 4 1 646 458 0 0 0 2 1 1 73 0 4 606 0 0 0 0 0 0 0 3 62 0 0 0 2 1 4 1 323 159 0 0 0 0 
225	603 0 3 28 0 0 0 3 0 3 277 0 278 0 1 0 0 3 603 17 0 0 2 1 0 0 603 17 0 0 0 0 2 1 2 1 1 648 0 4 415 290 0 54 590 673 5 13 4 10 12 2 1 4 290 0 245 7 13 4 899 1 1 10 12 2 1 4 24 8 0 2 0 1 0 4 1 0 2 1 1 12 0 2 230 1 35 2 1 46 413 2 78 36 6 1 5 13 2 93 2 1 0 0 0 0 
226	229 0 0 3 229 17 0 0 2 1 1 92 0 0 4 1 47 0 4 75 47 0 8 0 4 75 1 35 36 0 0 0 0 
227	468 0 3 468 17 0 15 0 2 1 2 1 1 16 0 4 46 1 298 0 4 1 15 0 2 1 1 466 207 0 0 0 3 84 6 1 0 5 0 3 0 1 2 19 1 0 0 3 46 0 0 3 413 1 6 1 5 2 19 1 0 0 0 
228	277 0 3 277 0 2 278 0 28 1 1 277 302 0 2 1 1 602 605 0 2 94 153 1 0 
229	0 3 432 0 0 3 0 3 0 3 925 361 0 6 1 5 2 1 4 1 361 0 31 0 0 0 3 61 6 1 5 4 26 154 101 1 38 4 0 38 167 131 0 2 1 1 167 131 0 31 0 0 0 3 61 6 1 5 0 3 26 154 101 1 1 6 1 5 2 1 1 2 63 1 152 0 0 3 71 2 2 63 38 2 170 170 4 1 118 0 4 1 682 8 0 2 1 1 73 0 260 0 4 0 4 1 360 0 2 1 1 0 
230	926 0 15 0 4 1 0 0 
231	0 3 0 0 4 1 507 0 
232	0 3 17 0 15 0 2 1 2 1 1 16 0 4 46 1 298 0 4 1 15 0 2 1 1 466 207 0 0 0 3 84 6 1 0 5 0 3 0 1 2 19 1 0 0 3 46 0 0 3 6 1 5 2 19 1 0 0 0 
233	0 0 3 0 3 17 0 0 2 1 1 16 0 4 1 92 0 0 4 1 920 0 6 1 5 2 1 277 0 48 4 1 921 922 0 2 1 1 602 596 0 2 923 230 1 0 0 0 0 
234	381 291 125 0 8 0 6 102 1 5 9 256 0 503 1 502 0 8 0 4 1 0 0 0 
235	917 73 0 31 0 0 13 4 71 10 12 9 50 0 386 10 12 9 50 0 1 0 0 
236	927 0 3 28 0 0 3 7 3 7 3 0 3 1 7 3 0 3 927 17 0 0 15 0 2 1 1 927 17 0 0 15 0 0 2 1 1 2 1 1 6 1 5 9 32 0 180 2 29 13 2 899 10 12 2 74 1 1 7 4 1 7 2 1 1 7 4 1 7 2 1 1 0 4 1 0 2 1 1 7 4 1 7 2 1 1 795 35 2 108 6 5 2 1 426 5 2 1 884 426 36 6 1 5 2 2 90 0 0 0 0 
237	0 3 95 0 77 0 2 1 1 0 4 1 0 2 1 1 128 0 0 6 1 5 2 164 1 1 0 0 3 890 1 6 1 5 2 1 0 0 0 
238	0 3 384 0 0 3 384 0 0 3 384 0 652 6 735 5 2 108 653 6 735 5 2 236 13 2 90 2 236 2 236 2 236 7 4 23 7 4 23 7 4 23 35 36 0 
239	0 3 0 3 28 0 0 3 928 0 0 0 3 179 0 0 929 0 0 3 2 0 1 0 0 3 11 14 0 3 1 5 6 55 5 2 29 345 1 2 1 1 0 0 0 3 179 0 0 2 1 434 435 2 1 48 150 4 401 0 64 436 0 0 0 0 0 3 1 54 261 5 0 3 262 6 1 5 0 3 0 518 0 13 54 5 0 3 6 1 5 52 2 1 346 6 105 76 5 347 2 1 1 13 2 112 10 12 2 74 1 1 738 436 0 0 0 0 3 0 1 54 5 0 3 346 6 76 5 2 19 1 929 0 31 0 6 254 1 5 4 2 19 1 0 3 930 0 3 11 14 0 3 1 5 0 3 279 0 6 1 5 0 3 151 6 1 1 5 2 74 27 1 5 7 3 437 6 1 1 5 2 74 27 1 5 0 3 348 6 43 0 5 2 74 27 1 5 0 3 1 6 1 5 2 1 1 931 0 1 5 6 1 5 2 1 915 0 1 1 2 1 1 932 0 1 1 0 3 438 6 1 43 0 5 2 1 1 0 
240	134 0 31 0 0 18 0 6 234 5 6 1 0 5 0 3 0 1 0 3 71 607 64 6 1 0 5 2 401 0 1 5 7 3 11 14 0 3 1 5 2 236 1 1 1 4 0 1 6 1 48 234 5 7 3 172 1 0 3 71 607 1 11 44 7 3 1 1 1 5 2 236 1 1 23 1 1 4 0 1 6 174 1 0 5 6 1 5 6 1 0 5 4 0 251 0 1 6 48 234 5 7 3 172 1 0 3 37 0 1 11 44 7 3 1 1 1 5 2 19 23 1 1 4 0 1 4 0 
241	600 0 3 28 0 0 0 0 3 62 0 0 0 0 3 0 0 3 37 0 0 0 0 3 37 0 0 7 3 600 2 19 0 2 19 0 2 19 0 2 19 0 600 343 0 2 2 1 1 134 0 197 0 0 18 0 6 255 1 5 4 235 1 2 0 3 1 1 6 1 5 4 101 1 1 11 14 0 3 1 5 0 3 101 1 1 6 1 5 4 1 6 174 1 7 5 4 0 1 4 197 0 439 0 916 0 0 3 440 0 1 1 86 1 0 3 23 1 6 1 5 2 74 1 1 2 25 1 1 639 0 197 0 439 0 0 3 440 0 1 1 86 1 4 23 1 455 0 6 1 5 2 1 917 0 4 1 343 0 2 1 1 0 197 0 18 0 0 3 6 1 5 2 1 48 0 3 440 0 1 1 0 3 86 1 2 1 23 1 6 1 5 2 1 933 1 1 1 6 1 5 2 25 1 1 4 1 0 197 0 439 0 18 0 6 1 5 0 3 438 6 1 43 0 5 0 3 154 1 1 6 1 5 2 1 933 1 1 1 6 1 5 4 1 11 14 0 3 5 0 3 154 1 1 6 1 5 4 1 6 234 607 5 6 43 0 5 2 1 0 0 3 154 1 1 6 1 5 2 1 933 1 1 1 6 1 5 4 1 6 1 5 0 0 0 0 0 3 96 11 14 0 0 0 0 3 1 5 0 3 109 0 3 6 174 1 5 6 174 5 4 66 4 6 1 5 2 1 11 14 0 3 1 5 13 2 10 12 9 50 0 1 440 0 3 0 3 440 197 0 439 0 2 1 1 2 1 1 0 4 1 0 4 1 924 7 269 0 6 1 0 5 0 3 0 1 4 43 1 1 43 1 1 4 7 7 3 344 6 1 5 2 1 344 4 1 16 0 4 1 1 0 0 
242	932 0 3 0 3 932 343 0 91 0 2 1 1 2 1 1 16 0 4 1 134 0 31 0 0 18 0 0 3 71 6 1 5 9 50 0 27 4 0 934 1 1 1 0 
243	134 0 197 0 0 18 0 6 1 4 6 48 0 5 6 1 0 5 4 235 1 0 3 441 1 6 1 5 2 40 4 235 66 6 1 0 5 0 3 441 48 6 1 5 2 935 1 4 235 4 0 
244	931 0 3 931 91 0 2 1 1 16 0 4 1 134 0 31 0 0 18 0 4 0 934 1 1 0 
245	134 0 197 0 0 18 0 6 1 5 6 43 0 5 4 0 40 4 0 
246	929 0 
247	197 0 439 0 916 0 455 0 
248	700 0 0 3 37 0 0 0 3 700 0 0 0 2 1 1 2 1 1 24 8 0 11 14 0 3 1 5 0 0 3 6 1 102 1 5 2 84 33 1 4 6 1 5 2 33 1 16 0 0 3 936 0 7 3 11 14 0 3 1 5 6 1 5 2 1 5 2 42 2 42 2 42 40 2 42 2 42 84 6 1 5 2 42 2 42 1 2 42 4 40 0 0 4 1 0 4 1 35 2 82 1 2 82 1 36 2 87 1 2 87 1 0 0 
249	724 0 0 3 724 442 0 0 2 1 1 24 8 0 11 14 0 3 1 5 2 33 1 16 0 0 3 936 0 7 3 11 14 0 3 1 5 6 1 5 2 1 5 2 42 2 42 40 2 42 4 40 500 0 0 4 1 35 2 82 1 36 2 87 1 0 0 
250	491 0 3 0 3 0 3 28 0 0 3 0 3 0 3 0 3 0 0 4 278 0 1 1 491 608 0 0 2 1 1 489 0 491 608 0 0 703 0 302 0 2 1 1 2 1 1 2 1 1 2 1 1 16 0 4 1 1 1 24 8 0 7 3 7 3 1 5 6 1 5 2 1 1 2 371 1 13 2 33 1 4 10 12 2 94 1 1 1 2 1 1 2 33 1 0 4 1 0 4 1 0 4 1 703 0 2 1 1 378 0 4 1 302 0 2 1 1 7 8 0 0 3 22 0 3 139 1 0 7 3 6 1 5 2 1 1 2 133 1 1 2 133 1 4 1 7 6 1 5 6 55 5 2 29 1 13 2 371 1 10 12 6 55 5 2 29 1 1 35 2 82 1 1 36 2 87 1 1 0 0 
251	380 0 3 380 380 0 2 1 1 24 8 0 2 721 1 8 0 6 1 5 2 33 1 16 0 4 1 0 4 1 0 2 1 1 35 2 82 1 36 2 87 1 0 0 
252	0 
253	710 0 0 3 0 3 710 138 0 0 15 0 2 1 1 2 1 1 24 8 0 6 102 1 5 2 33 1 16 0 4 1 1 0 0 4 1 298 0 4 1 35 2 82 1 36 2 87 1 0 0 
254	278 0 3 0 3 278 2 28 0 278 88 0 2 1 1 278 88 0 217 0 2 1 1 2 1 1 16 0 4 1 24 8 0 265 1 41 6 55 5 2 29 129 1 52 41 6 609 5 2 119 129 1 52 41 6 610 5 2 611 129 1 52 41 6 612 5 2 29 129 1 52 41 6 613 5 2 253 129 1 52 41 6 614 5 2 74 129 1 52 41 2 119 1 129 1 88 30 0 265 1 41 6 55 5 2 29 1 52 41 6 609 5 2 119 1 52 41 6 610 5 2 611 1 52 41 6 612 5 2 29 1 52 41 6 613 5 2 253 1 52 41 6 614 5 2 74 1 52 41 2 119 1 1 88 30 0 605 0 265 1 41 6 55 5 2 29 1 1 52 41 6 609 5 2 119 1 1 52 41 6 610 5 2 611 1 1 52 41 6 612 5 2 29 1 1 52 41 6 613 5 2 253 1 1 52 41 6 614 5 2 74 1 1 52 41 2 119 1 1 1 0 8 0 4 1 728 0 4 1 729 88 0 2 1 1 726 0 4 1 727 217 0 2 1 1 0 
255	501 0 3 0 3 0 3 501 608 0 2 1 28 0 1 501 608 0 88 0 217 0 2 1 1 2 1 1 2 1 1 16 0 4 1 24 8 0 13 2 33 1 10 12 2 1 1 0 4 1 726 0 4 1 727 217 0 2 1 1 728 0 4 1 729 88 0 2 1 1 8 0 12 0 265 1 41 6 55 5 2 29 129 1 1 1 52 41 6 609 5 2 119 129 1 1 1 52 41 6 610 5 2 611 129 1 1 1 52 41 6 612 5 2 29 129 1 1 1 52 41 6 613 5 2 253 129 1 1 1 52 41 6 614 5 2 74 129 1 1 1 52 41 2 119 1 129 1 1 1 0 8 0 12 0 4 1 1 35 2 82 1 36 2 87 1 0 0 
256	
257	730 0 0 3 0 0 0 111 0 0 0 0 3 37 0 0 11 14 0 3 1 5 2 19 231 4 1 730 111 0 0 2 1 1 16 0 4 24 8 0 11 14 0 3 1 5 0 3 1 1 2 33 1 36 11 14 0 3 1 5 2 93 35 11 14 0 3 1 5 2 78 0 0 4 1 0 0 0 0 3 37 0 0 11 14 0 3 1 5 2 19 46 4 1 937 0 0 8 0 4 75 1 0 0 
258	731 731 111 0 0 2 1 24 8 0 0 3 1 7 3 11 14 0 3 5 6 1 5 2 1 5 2 1 1 1 2 33 1 0 0 0 0 3 75 1 0 3 51 38 6 1 5 2 22 63 1 4 1 937 0 8 0 4 215 16 0 4 0 0 
259	492 0 0 3 0 0 3 640 0 0 492 49 0 0 2 58 1 2 1 1 16 0 4 1 24 8 0 0 3 53 1 0 3 89 1 54 103 5 0 3 104 0 0 3 1 1 2 459 33 1 1 0 0 8 0 0 4 1 1 36 2 93 35 0 0 
260	489 0 3 7 3 7 3 7 3 7 3 7 3 7 3 489 16 0 4 1 152 0 13 4 0 835 10 12 9 330 0 1 1 7 7 4 1 377 0 377 7 2 1 4 376 0 376 7 2 1 4 701 0 2 4 702 0 2 4 374 0 374 7 2 2 1 4 375 0 375 7 2 2 1 4 7 4 1 374 7 2 1 1 7 4 7 938 1 375 7 2 1 1 7 4 1 7 2 1 1 7 4 1 376 7 2 1 1 7 4 1 377 7 2 1 1 7 7 7 3 6 1 5 2 1 1 6 1 1 5 2 1 938 1 1 5 2 1 1 6 1 5 0 3 7 3 1 1 2 1 1 1 4 1 7 4 1 701 7 2 1 1 7 4 1 702 7 2 1 1 0 6 1 5 2 1 0 4 1 0 0 
261	383 0 3 28 0 0 3 0 3 0 0 3 7 3 7 3 0 3 0 3 383 17 0 15 0 49 0 0 2 1 1 443 1 383 17 0 15 0 304 0 0 0 2 1 1 443 1 383 17 0 15 0 0 0 2 1 1 2 1 1 2 1 1 16 0 4 1 180 2 29 54 673 590 5 13 2 10 12 2 923 230 1 2 920 0 6 1 5 2 1 277 0 48 4 1 921 922 0 2 1 1 7 4 1 505 7 2 1 1 7 4 1 506 7 2 1 1 7 3 181 7 3 1 1 11 44 7 3 1 1 1 5 7 3 1 181 0 3 415 1 6 1 5 52 2 19 1 6 55 5 2 29 1 1 1 0 0 3 89 54 103 5 0 3 104 2 113 2 33 1 35 2 1 2 82 1 1 0 3 477 0 2 78 36 2 87 1 1 2 1 939 0 0 49 0 0 4 443 940 0 0 1 939 0 0 304 0 0 0 6 64 5 4 443 23 4 443 941 0 0 1 939 0 0 0 0 4 0 0 1 0 0 
262	486 0 3 0 3 486 329 0 2 1 1 36 6 1 5 13 2 93 2 1 35 2 1 231 24 8 0 6 1 5 9 189 0 2 33 1 398 0 4 1 16 0 4 1 0 0 0 
263	736 0 3 0 3 736 329 0 49 0 2 1 1 2 1 1 2 58 1 2 58 1 16 0 4 1 1 24 8 0 0 3 53 1 0 3 89 1 54 103 5 0 3 104 0 3 215 2 22 63 1 2 33 1 35 2 82 1 36 2 87 1 0 0 
264	725 0 3 28 0 0 0 3 0 3 0 3 725 715 0 0 0 0 2 1 1 2 1 1 2 1 1 16 0 4 1 1 1 24 8 0 0 3 1 1 6 1 5 9 942 0 1 1 6 254 1 5 2 33 1 5 2 1 1 0 0 4 1 0 4 1 0 4 1 35 2 82 1 36 2 87 1 8 0 360 0 6 55 5 2 29 1 1 0 0 
265	943 0 3 944 0 4 62 0 944 0 7 4 616 0 1 944 0 0 4 943 0 1 943 0 2 1 1 382 7 360 0 86 1 6 1 5 4 5 2 25 1 1 4 0 
266	382 7 360 0 
267	942 0 3 0 3 942 8 0 49 0 2 1 1 2 1 1 2 1 1 118 0 4 1 737 0 4 1 0 
268	723 15 0 945 15 0 500 0 0 0 
269	0 0 3 0 0 723 15 0 2 19 1 945 15 0 2 113 1 500 0 0 4 1 0 
270	24 8 0 0 0 3 893 6 110 5 9 189 0 1 0 3 1 1 6 1 5 9 189 0 1 5 2 33 1 617 0 442 0 0 8 0 0 
271	617 0 442 0 0 8 0 7 3 64 54 5 7 3 7 938 1 6 1 1 5 4 23 1 0 
272	894 7 3 617 0 442 0 0 8 0 7 3 64 6 1 1 5 2 1 4 23 1 0 
273	946 0 0 3 0 3 7 3 0 0 0 3 62 0 0 0 946 657 0 0 2 1 894 0 946 657 0 0 885 0 2 1 1 2 1 1 617 0 442 0 0 8 0 0 3 53 1 0 3 1 0 3 86 1 2 1 23 1 6 1 5 2 1 1 1 2 25 1 1 4 1 945 15 0 86 1 0 0 0 0 0 3 96 89 54 103 5 0 0 0 0 3 104 6 43 66 5 2 113 2 887 1 7 4 1 7 2 1 1 0 18 0 7 3 6 1 5 2 1 344 6 1 5 2 1 1 1 4 1 0 
274	24 8 0 0 0 3 893 11 14 0 3 1 5 0 3 1 1 2 33 1 937 0 15 0 8 0 4 215 0 
275	919 0 0 21 0 34 0 0 
276	602 605 0 
277	134 0 31 0 0 8 0 
278	73 0 31 0 0 
279	549 0 618 0 
280	926 0 15 0 
281	550 0 618 0 
282	549 269 0 461 0 2 546 1 528 0 1 549 269 0 461 0 0 
283	550 0 618 0 4 311 0 1 550 0 618 0 0 
284	0 3 28 0 0 3 0 3 0 3 947 0 0 199 0 948 0 2 1 2 1 4 1 0 199 0 948 0 4 1 282 142 0 2 1 1 0 4 1 0 2 1 1 204 0 4 1 205 163 0 2 1 1 199 0 2 48 949 0 0 950 0 0 3 279 0 6 1 5 2 1 1 1 199 0 2 48 949 0 0 950 91 0 2 1 1 2 1 1 91 0 199 0 0 3 279 0 6 1 5 0 3 151 6 1 5 6 1 5 2 74 1 5 0 3 1 1 2 934 1 1 1 199 0 2 48 949 0 0 950 91 0 91 0 199 0 0 3 279 0 6 1 5 2 211 1 0 3 345 6 1 5 13 0 3 1 1 1 2 211 1 0 3 413 1 2 78 2 1 10 12 2 74 1 9 50 0 1 0 194 0 91 0 17 0 0 3 951 0 48 1 4 132 0 16 0 4 1 24 8 0 6 55 5 2 29 1 0 3 1 1 1 6 1 5 9 189 0 13 2 10 12 9 1 10 9 0 1 128 0 2 29 1 0 619 0 31 0 0 3 345 6 1 5 6 255 1 5 4 1 6 174 0 5 13 4 231 10 12 9 50 0 1 6 174 0 5 4 356 0 403 1 4 0 20 0 21 0 0 3 6 952 1 5 2 1 46 1 5 6 952 1 5 2 1 0 283 1 6 1 5 9 0 1 5 2 74 4 1 0 0 
285	0 3 0 3 0 0 3 37 0 0 0 3 0 3 620 0 4 26 621 0 4 0 69 7 4 444 2 26 2 2 2 26 78 622 2 26 93 166 0 6 1 5 2 1 445 0 284 4 1 487 34 0 2 1 1 0 4 1 0 2 1 1 0 11 14 0 3 1 5 2 19 1 349 0 4 1 282 142 0 2 1 1 0 4 1 436 0 2 1 1 11 14 0 3 1 5 2 26 599 1 6 1 5 2 26 599 1 6 1 1 5 0 3 623 0 2 1 0 0 0 0 
286	0 3 0 3 0 3 7 3 620 0 6 1 5 2 1 561 4 1 621 0 4 0 69 7 4 1 166 0 4 1 487 34 0 2 1 1 92 0 4 1 651 17 0 2 1 1 7 2 1 1 465 0 4 1 20 0 2 1 1 68 0 2 58 1 2 58 1 4 46 1 0 
287	953 0 3 28 0 0 3 0 3 0 0 3 37 0 0 0 3 542 0 0 3 384 0 423 0 0 3 953 0 2 1 2 873 953 2 954 0 446 350 0 351 0 0 2 955 2 956 2 957 0 446 350 0 753 0 351 0 0 2 1 180 6 23 5 13 2 78 2 2 93 10 12 2 119 1 1 2 236 2 784 2 143 2 143 11 14 0 3 1 5 2 143 0 0 0 3 0 0 251 1 7 3 54 110 5 0 3 7 3 11 14 0 3 1 5 6 1 1 5 2 1 52 6 1 5 2 143 1 2 143 2 1 52 6 1 5 2 955 2 956 0 2 19 1 954 0 3 0 3 0 3 954 0 0 0 2 1 1 2 1 1 2 1 1 7 350 0 351 0 0 6 1 105 1 5 2 1 1 4 4 0 4 1 0 4 1 0 4 1 446 350 0 351 0 0 957 0 3 957 0 0 0 0 2 1 1 1 2 1 1 446 350 0 351 0 0 6 110 5 2 143 2 955 2 956 5 0 3 2 1 1 1 446 350 0 753 0 351 0 0 0 349 0 4 1 282 142 0 2 1 1 0 4 1 0 2 1 1 35 2 211 6 1 5 2 1 2 78 0 4 0 36 2 211 6 1 5 2 112 54 23 5 13 2 316 10 12 0 0 3 6 1 5 0 3 6 1 5 2 1 6 1 5 2 1 4 1 4 0 
288	623 0 3 0 3 0 3 928 0 623 142 0 436 0 2 1 1 2 1 1 623 0 2 1 284 2 1 0 4 1 436 0 2 1 1 349 0 4 1 282 142 0 2 1 1 504 0 0 2 0 1 0 0 3 11 14 0 3 1 5 6 1 5 347 6 1 5 2 19 1 622 7 31 0 0 3 1 6 1 110 5 4 4 7 31 0 6 437 5 0 3 11 14 0 3 1 5 0 3 151 6 1 5 4 4 0 31 0 4 0 71 0 
289	445 0 3 445 445 142 0 2 1 0 142 0 0 3 0 6 1 5 4 0 283 1 0 0 3 445 0 2 1 2 839 4 1 0 0 4 0 1 444 2 480 2 78 622 2 93 349 0 4 1 282 142 0 2 1 1 2 624 0 1 0 4 958 0 0 284 0 0 3 4 959 0 284 1 0 0 0 0 
290	0 3 199 0 31 0 0 948 0 0 3 284 4 0 283 1 1 199 0 31 0 0 0 3 284 0 3 1 6 1 5 7 3 1 6 1 5 4 0 283 1 6 1 5 9 32 0 1 1 9 32 0 1 349 0 6 1 5 0 3 26 6 1 0 5 0 3 0 1 4 284 5 9 32 0 4 1 282 142 0 2 1 1 0 
291	624 0 3 624 624 142 0 2 1 1 349 0 4 1 282 142 0 2 1 1 68 0 20 0 106 0 83 0 2 58 1 0 3 283 1 6 1 5 4 582 0 1 1 4 0 0 
292	0 3 0 3 0 3 444 2 839 13 6 1 5 6 960 1 5 9 32 0 2 1 46 960 6 1 5 9 32 0 960 2 1 425 1 10 12 9 32 0 1 620 0 4 1 621 0 4 69 7 4 92 0 4 1 651 17 0 2 1 1 204 0 4 1 205 163 0 2 1 1 0 0 
293	0 3 0 3 0 3 444 6 1 5 9 32 0 6 1 5 6 1 5 9 32 0 2 1 0 272 6 1 5 9 32 0 2 1 622 6 1 5 2 1 0 4 1 0 2 1 1 204 0 4 1 205 163 0 2 1 1 0 4 1 0 2 1 1 0 0 0 
294	959 0 3 0 3 959 142 0 0 2 58 1 2 1 1 2 1 1 919 0 21 0 34 0 0 3 13 2 1 283 1 10 12 6 1 5 6 1 0 5 4 0 1 5 9 32 0 1 1 6 1 5 4 4 1 1 0 
295	958 0 3 28 0 0 3 7 3 1 7 3 958 142 0 2 1 1 73 0 31 0 4 1 1 1 7 4 1 7 2 1 1 7 4 1 7 2 1 1 0 
296	962 0 3 28 0 0 3 962 962 136 0 2 1 1 926 0 15 0 0 3 6 1 5 2 74 4 1 4 380 0 1 24 8 0 2 293 662 0 663 470 0 13 2 721 1 10 12 9 50 0 1 16 0 4 0 7 265 1 41 1 4 41 1 4 41 1 4 41 1 4 41 1 4 41 1 4 41 1 4 4 681 0 4 1 136 0 2 1 1 0 0 
297	951 0 3 28 0 0 3 0 3 0 0 0 3 555 0 0 0 0 3 951 31 0 0 2 1 1 2 1 1 647 0 4 1 963 2 626 6 64 5 0 0 3 324 11 14 0 3 1 5 2 1 1 0 91 0 194 0 410 0 0 3 626 1 1 4 1 1 0 194 0 410 0 0 3 0 3 22 139 0 6 1 5 2 1 23 1 6 1 5 2 1 1 6 1 5 4 1 1 4 963 200 0 0 3 930 11 14 0 3 1 5 2 626 1 1 0 3 438 6 1 43 0 5 2 626 1 963 0 200 0 91 0 0 3 151 0 3 0 3 0 1 11 44 7 3 1 1 1 5 0 3 1 1 0 3 1 1 1 1 1 6 1 5 6 55 5 2 29 40 1 6 1 5 2 1 214 1 5 4 2 1 1 1 0 3 27 0 3 1 0 3 237 0 1 1 1 2 25 1 1 4 1 0 0 4 98 0 0 65 0 8 0 0 3 0 1 11 44 7 3 1 1 1 5 0 3 1 1 2 1 1 53 1 4 1 16 0 4 251 1 0 200 0 91 0 447 0 0 11 14 0 3 1 5 0 3 1 1 1 1 6 1 5 4 1 4 1 0 200 0 91 0 447 0 619 0 6 1 0 5 0 3 0 1 4 345 6 1 0 5 0 3 0 1 4 689 345 6 1 0 5 0 3 0 1 4 214 1 4 
298	947 0 0 0 3 555 0 0 0 947 0 447 0 4 23 1 447 0 49 0 2 25 1 1 2 0 2 0 0 
299	237 0 3 0 3 0 3 237 31 0 91 0 0 2 1 1 2 1 1 2 1 1 0 194 0 410 0 0 3 0 53 1 4 0 880 0 4 1 0 4 1 0 4 148 1 1 1 1 0 4 1 0 4 1 647 0 4 1 880 0 4 1 0 4 1 333 0 0 194 0 0 8 0 4 148 1 1 
300	0 447 0 
301	285 0 3 285 285 31 0 2 1 1 0 160 0 6 1 5 2 1 4 1 0 9 32 0 7 0 4 1 1 43 0 
302	448 0 3 0 0 0 3 448 0 0 0 0 2 1 1 2 1 1 333 0 449 0 964 0 0 0 3 0 0 3 0 64 7 3 11 14 0 0 0 0 3 96 5 0 3 109 0 3 66 0 3 23 1 6 1 5 2 1 1 1 1 2 1 1 1 1 13 4 148 1 1 10 12 9 32 0 386 10 12 9 1 10 12 9 32 0 1 0 449 0 964 0 18 0 6 48 0 5 0 3 0 1 2 1 283 1 6 48 0 5 0 3 0 1 2 1 541 1 1 6 1 0 5 0 3 0 1 11 44 7 3 3 64 1 1 1 5 2 236 1 1 1 23 1 4 1 295 0 4 27 0 4 1 
303	965 0 0 3 0 3 0 449 0 964 0 0 3 1 0 3 11 14 0 3 1 5 6 1 5 9 32 0 27 27 2 1 148 1 1 1 2 1 1 4 1 0 0 4 1 966 0 0 2 1 1 0 4 1 0 2 1 1 
304	967 0 3 7 3 967 0 2 1 1 0 160 0 286 0 0 3 0 0 3 1 0 0 3 37 0 0 64 6 1 64 5 11 44 7 3 1 64 1 5 0 3 0 23 1 0 0 3 37 0 0 0 3 968 1 1 0 1 0 3 965 0 2 1 2 1 2 19 1 2 352 1 4 0 286 0 160 0 130 0 0 966 0 0 0 3 1 0 3 450 0 3 11 44 7 3 1 172 1 5 0 3 226 1 6 627 1 5 2 1 1 1 1 0 1 1 2 1 0 1 0 3 23 64 6 1 5 2 1 968 1 0 1 1 1 5 6 1 5 9 32 0 201 6 1 5 0 3 628 11 44 7 3 1 1 1 5 0 3 1 1 0 3 279 0 6 1 5 6 151 1 5 9 330 0 1 0 3 237 0 1 1 238 0 0 0 238 0 0 0 2 19 448 0 1 62 0 0 0 2 1 348 4 1 7 389 0 0 3 450 11 44 7 3 1 172 1 5 6 226 627 1 1 5 4 4 0 286 0 0 966 0 0 160 0 0 0 3 201 0 0 3 1 201 6 110 5 9 629 0 1 1 201 2 1 0 0 630 7 0 0 4 151 1 151 1 0 0 0 3 1 0 0 0 0 3 1 0 3 2 1 1 239 239 6 1 9 629 0 1 1 201 0 0 0 0 0 3 96 11 14 0 0 0 0 3 1 5 0 3 109 0 3 23 1 6 1 43 5 0 3 66 6 1 0 5 2 935 287 0 40 0 0 3 179 0 0 239 2 239 11 14 0 3 1 5 0 0 3 23 1 6 1 5 2 1 1 0 3 23 1 0 3 101 1 1 1 2 25 1 1 11 14 0 3 1 5 2 1 2 19 448 0 1 1 4 348 0 0 160 0 0 0 3 37 0 0 0 3 450 11 44 7 3 3 172 1 1 1 5 0 3 226 1 6 1 0 5 2 19 0 1 52 4 1 134 0 286 0 0 0 200 0 6 234 64 5 0 3 37 0 11 44 7 3 1 64 1 5 0 0 3 37 0 0 2 19 23 1 0 3 101 1 1 607 2 19 1 4 1 5 0 3 23 0 3 631 6 1 5 4 287 0 1 6 1 5 0 0 3 37 0 0 0 3 968 1 1 0 1 6 1 0 1 0 5 0 3 13 2 1 0 0 10 12 9 330 0 27 0 0 3 237 0 1 238 0 0 0 238 0 0 0 2 19 448 0 1 62 0 0 0 2 1 0 0 3 965 0 2 1 2 1 6 174 348 5 9 189 0 27 348 4 1 5 0 3 201 6 254 1 5 0 3 1 2 225 1 2 158 1 1 4 287 0 1 0 3 0 4 1 0 21 0 4 1 1 0 0 0 0 0 0 0 11 14 0 3 1 5 7 3 11 14 0 3 1 5 0 3 23 1 6 1 5 2 1 52 6 1 2 1 1 1 179 0 0 239 2 1 6 110 5 4 1 4 1 4 0 0 0 0 160 0 0 0 0 0 3 238 0 0 0 0 0 3 450 0 3 11 44 7 3 1 172 1 5 0 3 226 1 6 627 1 5 0 3 0 1 0 3 201 0 0 3 23 1 6 1 5 2 1 37 0 0 2 25 201 1 2 19 1 2 1 1 5 6 43 1 5 2 19 1 2 1 1 4 1 0 0 0 160 0 0 0 0 3 62 0 0 0 0 3 11 44 7 3 1 172 1 5 0 3 226 1 6 627 1 5 0 3 0 1 0 3 66 0 3 1 6 105 5 2 1 45 6 105 5 2 1 287 0 1 2 25 27 1 4 1 0 0 200 0 21 0 0 0 3 37 0 0 0 3 628 11 44 7 3 1 1 1 5 0 3 1 1 6 0 5 347 0 3 279 0 6 632 43 632 43 27 5 0 0 0 3 238 0 0 0 0 0 0 3 238 0 0 0 0 3 151 11 44 7 3 1 1 1 5 0 3 1 1 0 3 0 1 1 6 1 5 2 25 632 1 2 25 632 1 5 52 6 1 64 5 2 19 237 0 1 1 1 1 4 1 0 0 0 91 0 868 7 0 3 1 11 44 7 3 1 1 1 5 6 174 1 1 48 5 4 0 1 1 4 0 
305	0 3 967 0 0 3 285 0 0 0 3 285 0 0 0 0 3 179 0 0 2 353 1 2 353 1 2 353 1 2 353 285 0 0 969 160 0 286 0 130 0 2 970 1 1 1 0 3 631 0 3 914 0 3 450 11 44 7 3 172 3 1 1 1 5 0 3 226 1 6 1 0 5 0 3 0 1 6 201 43 5 0 3 1 2 225 1 0 3 158 1 1 2 971 352 287 0 1 5 2 1 2 1 0 3 1 2 225 1 0 3 158 1 1 2 971 352 287 0 1 2 0 1 1 2 1 11 44 7 3 172 3 1 1 1 5 0 3 0 226 1 2 1 158 1 1 0 3 631 6 952 1 5 2 971 352 287 0 1 2 0 1 1 2 353 285 0 0 969 160 0 286 0 130 0 0 3 1 2 1 2 970 1 1 1 2 352 1 2 354 2 354 2 354 2 354 2 354 2 354 0 0 2 353 1 972 0 1 21 0 0 0 0 0 0 0 2 19 1 2 1 1 0 0 4 1 0 
306	629 7 3 0 3 0 3 629 0 0 2 2 1 1 2 1 1 782 0 0 3 1 1 4 153 1 1 0 
307	0 3 0 3 0 0 2 1 1 2 1 1 0 0 3 288 1 48 150 6 1 5 9 32 0 1 1 4 1 0 
308	237 0 3 0 3 0 0 0 3 0 0 0 3 237 91 0 0 83 0 0 0 0 0 0 2 1 1 2 1 1 2 1 1 2 1 1 295 0 4 27 
309	0 0 3 0 3 0 3 0 3 0 620 0 4 1 621 0 4 0 69 7 4 452 0 0 4 1 453 176 0 0 2 1 1 449 0 2 1 1 166 0 4 1 487 34 0 2 1 1 444 2 58 1 2 58 1 2 1 2 1 2 599 1 0 0 0 
310	972 0 3 972 508 0 2 2 1 1 969 160 0 286 0 130 0 0 3 1 6 1 5 2 1 631 2 1 2 970 1 1 1 0 3 346 1 6 76 5 2 352 1 0 
311	0 0 3 0 3 507 11 14 0 3 1 5 2 541 1 452 0 0 4 1 453 176 0 0 2 1 1 449 0 2 1 1 0 
312	159 0 137 0 18 0 0 3 23 1 6 1 5 0 3 6 1 0 5 2 1 0 1 5 2 1 37 0 2 19 1 2 19 1 5 2 25 1 1 
313	0 0 0 8 0 18 0 0 0 3 6 1 0 5 2 1 0 0 1 5 0 3 40 2 1 0 0 26 46 1 6 1 5 9 460 0 1 4 1 
314	940 0 0 3 940 49 0 0 2 1 1 630 7 340 0 0 0 3 53 1 0 3 53 1 4 305 1 1 0 0 0 
315	0 0 49 0 0 8 0 4 1 1 0 0 0 49 0 0 8 0 0 0 0 3 53 1 4 26 154 101 1 1 
316	941 0 0 0 3 941 304 0 0 0 2 1 1 630 7 340 0 0 11 14 0 0 3 1 5 0 3 53 1 0 3 53 1 7 3 305 1 1 6 1 5 4 1 4 0 0 0 
317	431 0 3 0 3 555 0 431 2 431 834 0 2 1 1 73 0 137 0 4 71 1 0 73 0 137 0 633 0 0 3 601 1 1 4 71 73 0 137 0 343 0 4 71 1 1 73 0 137 0 343 0 633 0 0 3 601 1 1 4 71 1 0 137 0 4 601 1 0 137 0 633 0 6 1 5 2 1 0 3 0 23 1 1 6 1 5 2 1 71 1 1 2 25 1 1 1 4 1 73 0 519 0 633 0 0 3 100 1 6 1 5 9 861 0 1 0 3 0 3 434 435 6 1 5 13 2 1 288 1 10 12 6 1 5 2 1 150 288 1 0 4 1 0 137 0 0 3 1 1 0 3 434 435 6 1 5 2 1 48 150 0 3 1 6 1 5 2 1 150 1 0 6 1 5 9 973 0 1 0 3 13 2 1 0 1 0 3 0 2 1 4 1 13 2 112 10 12 
318	462 7 169 0 634 0 974 0 7 3 6 1 9 32 0 6 1 9 32 0 6 1 2 1 0 3 48 0 3 628 11 44 7 3 1 1 1 5 0 3 1 1 0 3 27 0 3 348 0 3 151 6 105 1 1 1 5 13 0 3 148 1 0 6 1 347 0 3 1 1 6 1 347 2 1 45 45 2 25 1 1 1 2 1 10 4 1 7 169 0 634 0 974 0 7 3 6 1 9 32 0 6 1 9 32 0 11 44 0 3 239 89 103 5 0 3 0 104 6 105 1 5 0 3 23 1 2 1 45 76 6 168 1 1 1 5 2 113 2 1 4 1 0 634 0 974 0 6 1 9 32 0 0 3 62 0 64 11 44 0 3 239 89 103 5 0 3 0 104 6 105 1 5 0 3 23 1 2 1 45 76 2 25 1 1 2 113 4 1 7 169 0 634 0 7 3 6 1 9 32 0 6 1 9 32 0 11 44 0 3 96 89 103 5 0 0 3 0 104 6 168 1 0 109 66 5 2 113 2 1 4 1 359 7 169 0 21 0 18 0 13 0 3 48 0 3 1 1 6 1 4 6 1 48 151 5 2 148 1 0 1 5 2 148 1 0 1 151 4 10 4 0 18 0 31 0 0 3 441 1 6 1 5 2 40 4 66 6 1 0 5 4 107 0 40 4 0 18 0 31 0 0 3 441 1 6 1 5 2 935 1 4 6 1 0 5 4 0 1 4 0 200 0 21 0 2 1 45 45 0 3 628 11 44 7 3 1 1 1 5 0 3 1 1 0 3 151 6 27 43 1 1 1 5 4 1 4 7 200 0 6 441 1 4 6 1 0 4 6 1 0 4 4 16 0 169 0 4 40 1 0 16 0 169 0 0 0 3 238 0 2 1 48 1 1 0 3 635 0 48 2 42 0 3 96 7 3 11 44 0 3 89 103 5 0 0 3 0 0 104 6 1 5 2 1 5 2 42 2 42 109 2 42 2 1 66 2 42 4 40 0 18 0 2 42 1 0 200 0 0 3 27 7 3 554 6 1 5 2 1 45 1 4 1 169 0 0 0 159 0 6 1 1 2 1 438 1 1 0 3 11 44 7 3 1 1 1 5 0 3 1 1 6 437 437 437 5 347 13 2 0 3 23 1 6 1 48 234 5 13 2 1 251 0 1 10 12 2 25 27 1 10 12 2 396 
319	616 7 3 7 3 616 7 2 1 1 616 7 7 7 7 2 1 1 1 2 1 1 7 4 1 7 0 0 4 64 1 0 0 0 
320	973 0 3 973 20 0 2 1 2 1 1 465 0 4 1 0 
321	0 3 28 0 924 7 0 548 0 6 1 1 5 4 4 1 1 43 1 630 7 0 548 0 6 1 1 5 4 6 1 5 4 6 1 5 4 6 1 0 5 0 3 0 1 4 687 1 5 7 3 48 27 687 48 27 6 1 5 2 1 344 344 4 1 18 0 21 0 6 1 5 9 32 0 1 0 18 0 0 7 0 3 0 1 2 1 1 11 44 7 3 1 1 1 5 0 3 1 1 7 3 147 1 6 1 5 4 1 2 1 1 45 1 2 1 1 45 1 4 1 0 125 0 7 7 3 54 1 1 5 2 1 6 1 5 4 45 1 4 1 382 7 0 18 0 6 1 0 5 0 3 0 1 4 254 1 5 0 3 89 1 54 103 5 6 43 1 104 5 4 4 70 7 504 0 6 110 5 0 3 23 6 1 0 5 0 3 0 1 4 5 4 4 7 125 0 4 1 346 76 0 21 0 484 0 13 4 100 1 1 10 12 6 55 5 2 29 1 1 1 4 1 21 0 31 0 4 1 27 0 18 0 4 345 1 48 0 21 0 4 288 1 150 0 0 21 0 0 0 3 434 435 6 1 5 13 4 288 1 10 12 13 4 288 1 10 340 2 29 1 1 4 0 91 0 246 0 83 0 13 4 148 1 1 10 12 9 50 0 1 10 12 9 50 0 386 0 0 31 0 0 0 0 0 3 37 0 0 1 5 0 3 930 11 14 0 3 1 5 6 279 1 5 2 19 1 2 1 438 4 1 0 0 6 1 5 4 5 0 3 635 0 7 3 11 14 0 3 1 5 6 1 5 2 42 0 3 1 40 2 42 1 2 42 4 40 
322	640 0 3 28 0 0 0 0 0 3 62 0 0 0 0 0 0 17 0 0 0 3 81 0 0 3 23 1 6 1 5 13 2 1 231 2 78 10 12 9 463 0 1 1 2 25 1 1 4 1 203 17 0 0 8 0 13 0 0 3 459 1 2 33 1 10 12 9 50 0 1 203 0 17 0 0 15 0 13 0 0 3 459 1 0 3 75 2 33 1 6 55 5 2 29 1 1 2 33 1 4 1 10 12 9 50 0 1 36 2 87 324 35 0 0 
323	928 0 3 28 0 70 7 31 0 975 0 3 975 0 2 1 1 70 7 31 0 4 1 174 1 16 0 4 0 976 0 0 3 976 619 0 0 2 1 1 70 7 31 0 4 1 1 16 0 4 0 0 0 0 3 179 0 0 0 0 3 0 0 0 4 1 0 4 1 434 435 1 0 2 1 1 121 0 0 6 1 4 0 3 975 0 1 11 14 0 3 1 5 2 208 1 1 619 0 0 0 6 1 4 0 3 976 0 1 11 14 0 3 1 5 2 208 1 1 636 0 0 2 1 273 0 3 150 0 0 3 13 2 1 1 10 637 2 74 1 1 4 54 261 5 13 0 3 262 320 2 1 977 1 6 105 5 2 1 45 6 147 5 2 1 45 147 2 29 1 1 0 3 319 0 1 6 404 5 2 1 1 1 5 2 1 1 1 10 637 2 74 1 636 0 121 0 0 0 3 0 3 11 14 0 3 1 5 2 1 936 0 2 42 42 42 27 1 0 3 1 27 40 6 404 5 2 1 1 1 6 27 5 2 1 1 636 0 121 0 0 13 0 3 0 3 0 0 1 54 1 5 0 3 27 6 404 105 1 5 2 1 1 10 637 2 119 1 1 153 636 0 0 13 0 3 45 273 147 0 3 150 2 253 1 1 0 3 288 1 6 102 1 5 2 19 0 0 1 10 596 2 74 1 48 27 153 
324	0 3 28 0 207 0 11 14 0 3 1 5 2 1 207 0 11 14 0 3 1 5 6 1 0 5 0 3 0 1 2 78 18 0 6 1 0 5 0 3 0 1 2 78 6 1 0 5 2 82 0 1 207 0 0 3 11 14 0 3 1 5 6 1 0 5 0 3 0 1 13 2 93 10 12 2 29 1 1 6 1 5 2 1 1 6 1 5 9 1 207 0 0 3 11 14 0 3 1 5 6 1 0 5 0 3 0 1 13 2 93 10 12 2 29 1 1 6 1 5 2 1 1 6 1 5 9 1 
325	202 7 3 0 3 1 481 0 18 7 4 202 0 1 1 0 18 7 4 202 0 1 1 0 18 7 4 202 0 1 1 0 18 7 4 202 0 1 1 0 18 7 4 202 0 1 1 0 18 7 4 202 0 1 1 0 18 7 4 202 0 1 1 202 7 0 2 1 1 2 1 1 7 4 372 1 0 4 248 0 372 7 4 1 0 4 1 7 18 7 4 1 7 18 7 4 1 7 18 7 4 1 
326	0 3 0 3 0 3 0 3 0 3 0 3 0 4 1 0 4 1 0 4 1 0 4 1 804 0 4 1 853 0 4 1 0 0 3 635 0 6 1 5 2 42 1 2 42 6 1 76 5 2 42 1 5 2 42 11 44 7 3 1 1 1 5 6 1 5 2 42 2 42 1 1 40 2 42 6 1 5 2 42 2 42 1 6 110 5 2 42 2 42 1 6 1 5 2 42 2 42 1 4 107 0 40 0 20 0 13 0 3 62 0 6 1 5 0 3 494 11 44 7 3 1 1 1 5 7 3 1 1 147 6 1 5 0 3 977 1 1 45 1 0 3 977 1 1 45 1 2 25 1 1 5 2 25 1 1 4 1 10 12 9 0 978 1 0 40 0 20 0 0 3 399 6 1 5 0 3 562 7 3 554 6 1 5 4 1 5 2 1 45 1 5 2 1 979 1 4 808 1 0 20 0 4 1 0 20 0 0 4 107 0 409 418 141 114 173 1 576 0 20 0 0 3 0 2 1 409 2 1 1 1 2 1 576 4 1 20 0 0 0 0 3 0 3 6 1 5 9 978 0 40 7 3 7 3 147 6 1 5 2 1 45 1 2 1 147 6 1 5 2 1 45 1 2 1 45 1 2 1 554 2 1 45 1 1 2 1 45 346 1 5 2 1 1 2 1 0 3 1 2 1 0 1 11 44 7 3 1 1 1 5 2 1 1 107 0 1 1 346 2 1 147 6 1 5 6 1 5 2 1 979 45 1 2 1 808 45 1 5 6 76 5 2 1 979 1 2 1 1 0 980 0 0 3 37 0 7 3 7 3 7 3 11 44 7 3 1 1 1 5 265 1 1 41 2 1 52 41 2 1 52 41 6 1 5 0 3 45 1 1 2 19 1 2 1 1 0 3 45 1 6 76 5 2 19 1 0 3 0 64 2 401 1 4 1 0 18 0 257 0 6 105 1 5 4 45 76 4 1 0 20 0 0 0 13 6 64 5 0 3 635 0 7 3 11 44 0 3 239 89 103 5 6 1 5 2 1 5 2 42 0 3 0 104 0 3 0 23 1 2 42 1 2 42 2 42 1 4 40 5 4 10 12 9 0 978 1 0 40 0 0 0 0 3 1 6 76 5 2 1 4 1 1 0 0 0 4 107 0 1 418 141 114 173 399 576 7 980 0 7 3 6 1 5 7 3 7 3 7 3 54 1 147 1 5 2 1 2 1 2 1 54 1 147 1 5 2 1 2 1 2 1 1 1 4 1 7 980 0 7 3 4 1 
327	432 0 3 99 27 0 0 3 7 3 0 3 0 3 7 3 0 3 7 3 13 0 3 6 1 5 2 10 2 1 6 1 5 13 2 1 0 3 0 2 1 181 2 371 2 112 10 637 2 94 1 1 5 2 1 2 1 181 2 1 1 0 4 1 432 257 0 86 1 2 1 1 1 1 432 2 1 0 4 1 0 0 3 925 2 1 273 2 1 273 2 1 273 4 1 
328	0 3 28 0 0 3 553 0 4 1 799 127 0 2 1 1 34 0 0 3 0 0 1 2 1 1 0 34 0 2 143 2 143 2 143 1 2 143 2 143 2 143 2 1 0 176 0 0 11 14 0 3 1 5 0 3 46 2 638 81 2 638 2 638 1 2 638 6 1 0 5 0 3 0 1 0 3 84 2 143 1 
