0	9 6 1 6 17 8 9 3 0 1 6 3 0 15 3 0 2 0 13 14 3 0 0 16 0 5 0 10 15 1 6 1 1 0 0 3 0 2 0 0 3 2 7 13 14 1 6 0 0 3 0 1 0 16 0 13 14 3 0 1 2 16 0 13 14 3 0 0 16 0 3 2 10 3 0 1 0 16 0 8 1 6 1 1 15 3 2 0 3 1 0 3 2 8 4 1 4 1 5 0 10 16 0 5 0 10 1 6 1 0 15 3 2 0 3 2 3 1 0 3 2 3 2 10 1 6 3 2 0 16 1 0 1 
1	1 6 17 3 17 4 1 3 0 17 4 1 3 0 17 4 1 4 1 3 0 3 0 0 1 0 8 1 4 1 7 2 0 8 1 4 1 4 1 7 2 0 0 8 9 4 1 7 2 0 8 1 7 2 2 8 1 4 1 7 2 0 8 1 1 6 15 3 0 1 25 3 0 1 0 13 14 7 0 1 1 
2	1 6 1 17 4 1 4 1 3 0 0 17 4 1 3 0 17 4 1 4 1 3 0 0 17 4 1 4 1 4 1 3 0 0 0 8 1 4 1 7 1 2 2 0 8 1 7 2 8 1 7 1 25 8 1 7 1 25 8 1 4 1 7 1 25 0 8 1 4 1 4 1 7 1 25 0 0 8 1 7 1 25 1 
3	17 8 1 4 1 4 1 7 1 0 0 8 1 4 1 7 1 0 8 1 4 1 4 1 7 1 0 0 8 1 4 1 4 1 4 1 7 1 0 0 0 1 
4	1 6 1 6 1 6 1 6 1 6 9 6 1 6 1 6 9 6 9 6 1 6 1 6 1 6 1 6 1 17 3 0 1 3 2 1 8 4 1 3 0 0 8 4 1 3 0 0 8 4 1 3 0 0 8 4 1 3 0 0 8 4 1 3 0 0 8 4 1 15 3 0 2 13 14 16 1 0 8 4 1 3 0 0 8 4 1 5 2 2 2 10 3 0 8 1 6 1 6 1 6 5 0 10 3 0 2 5 0 10 1 6 16 1 0 5 0 10 16 1 5 0 10 3 0 1 5 2 0 10 16 1 2 3 2 2 0 5 0 2 10 3 0 1 0 0 5 2 10 3 0 2 10 3 2 2 0 3 0 1 6 15 5 2 10 3 2 2 5 0 2 10 3 2 0 0 3 2 3 0 2 2 0 5 0 10 3 0 2 0 13 14 3 2 2 0 16 1 0 3 0 2 0 3 0 2 20 21 9 6 0 0 0 10 3 2 0 0 0 0 0 8 4 1 4 1 4 1 4 1 1 6 1 6 1 6 15 3 0 1 0 0 3 0 1 0 2 2 0 5 0 2 2 0 2 0 2 10 3 2 0 3 2 0 0 1 6 2 0 1 6 1 1 6 1 2 0 5 0 2 2 2 10 3 0 1 6 1 3 2 0 3 2 2 3 2 0 3 2 2 0 3 2 1 3 2 1 3 2 1 3 2 1 1 1 5 0 10 3 2 2 3 0 1 1 1 0 0 1 6 2 0 3 2 0 0 3 2 0 0 13 14 5 0 3 2 5 2 10 1 6 2 5 0 1 10 3 2 3 2 2 3 2 1 0 1 0 3 2 10 3 2 10 3 2 13 14 5 0 10 3 2 3 2 5 0 10 15 3 2 3 2 13 14 8 1 4 1 5 0 2 7 1 6 1 0 9 6 2 1 6 1 20 21 9 6 0 0 0 10 3 2 5 2 2 10 7 2 2 10 7 8 4 1 1 6 1 2 5 2 10 5 2 10 16 1 2 1 
5	17 8 1 4 1 1 6 1 9 6 2 1 6 9 6 6 20 21 0 0 0 0 0 10 19 0 0 11 3 0 12 11 3 0 12 11 3 0 12 11 3 0 12 11 5 0 10 3 2 0 0 0 0 3 2 0 3 0 3 0 0 5 0 0 10 3 2 0 0 0 0 7 2 
6	1 6 1 1 6 17 3 0 1 17 4 1 3 1 0 17 4 1 3 1 0 17 4 1 5 0 10 16 1 3 0 1 3 2 0 17 4 1 3 0 17 4 1 4 9 5 0 10 16 1 3 0 0 1 0 0 8 1 7 0 8 1 5 2 10 7 1 6 1 2 15 20 21 1 6 2 2 10 1 6 2 5 0 1 10 3 2 1 0 0 5 0 1 10 3 2 1 0 0 5 0 1 10 3 2 1 0 0 5 0 1 10 3 2 1 0 0 5 0 1 10 3 2 1 0 0 5 0 1 10 3 2 1 0 0 5 0 1 10 3 2 1 0 0 5 0 1 10 3 2 1 0 0 5 0 1 10 3 2 1 0 0 10 16 1 0 2 2 13 14 16 1 7 2 8 1 1 6 1 25 3 2 7 0 8 1 6 2 15 1 6 1 2 3 2 0 3 0 0 13 14 16 1 2 13 14 16 1 8 9 7 2 8 9 4 1 7 0 1 1 0 8 1 4 1 7 1 2 2 0 0 8 9 4 1 7 2 0 8 4 9 4 1 3 2 0 0 8 9 4 1 7 2 0 8 9 4 9 4 1 7 2 0 0 8 3 2 8 9 4 1 7 2 0 8 9 4 1 7 2 0 8 1 4 9 7 2 0 8 9 4 1 7 2 0 8 9 7 2 8 1 7 2 8 9 4 1 7 2 0 8 1 7 2 8 1 4 9 7 2 0 8 1 4 9 7 2 0 8 9 4 1 7 2 0 8 9 4 1 7 2 0 8 9 4 1 7 2 0 8 1 4 9 4 1 7 2 0 0 8 9 7 2 8 1 4 9 4 9 7 1 2 0 0 8 1 7 2 8 1 4 1 7 2 0 18 8 4 1 4 1 3 2 3 2 2 3 2 3 2 3 2 2 2 3 2 1 1 1 
7	17 8 1 4 1 4 9 1 6 1 1 6 2 15 3 2 0 0 13 14 7 2 1 
8	17 8 1 4 1 1 6 1 3 2 0 0 7 1 0 8 4 1 4 1 20 21 1 6 2 2 2 10 1 6 1 2 3 2 0 3 2 0 0 
9	1 6 1 17 8 1 4 1 1 6 28 0 3 0 1 2 0 5 0 10 3 0 1 0 3 2 0 0 7 0 
10	17 8 1 4 1 4 1 7 1 2 2 0 0 8 1 4 1 4 1 7 1 2 2 0 0 8 1 4 1 4 1 7 1 2 2 0 0 
11	1 6 1 1 6 1 17 17 4 1 15 3 2 0 13 14 3 2 0 17 4 1 15 3 2 0 13 14 3 2 0 8 4 1 3 2 2 0 8 4 1 3 2 2 8 1 4 1 15 1 6 1 2 0 5 0 7 2 1 2 0 13 14 7 8 4 1 1 6 2 20 21 9 6 0 0 0 10 9 6 0 0 2 5 2 0 2 0 10 3 2 0 0 2 0 0 3 2 0 0 2 0 
12	8 3 2 8 4 1 3 2 0 8 4 1 3 2 0 8 4 1 4 1 3 2 0 0 8 4 1 4 1 3 2 0 0 8 4 1 3 2 0 8 4 1 1 6 2 3 2 0 8 4 1 3 2 0 8 1 4 1 7 2 0 8 9 4 1 4 1 4 1 4 1 7 2 0 0 0 1 1 0 8 9 4 1 4 1 4 1 4 1 1 6 1 6 15 3 0 2 0 0 3 0 1 1 0 0 13 14 1 6 0 0 16 1 0 7 2 0 0 0 0 8 9 4 1 4 1 4 1 4 1 1 6 15 3 0 2 0 0 13 14 16 1 2 5 0 10 1 6 1 0 3 2 0 15 15 3 2 0 2 13 14 3 2 0 0 3 2 0 0 3 2 7 7 8 9 4 1 4 1 4 1 4 1 4 1 5 0 0 0 0 0 10 3 2 7 5 2 0 0 10 3 2 0 7 1 6 1 3 2 0 3 2 20 21 9 6 0 0 0 10 3 2 3 2 0 0 3 2 15 9 6 2 0 0 0 2 7 0 13 14 3 2 0 7 8 9 4 1 4 1 4 1 7 2 0 2 0 0 0 0 8 9 4 1 4 1 4 1 4 1 1 6 2 0 0 5 0 10 3 2 0 7 10 3 2 0 0 7 8 1 4 1 7 2 0 8 1 4 1 4 1 7 2 0 0 8 9 4 1 7 2 0 8 4 1 3 2 0 8 4 1 3 2 0 8 4 1 3 2 0 8 4 1 3 2 0 8 4 1 4 1 3 2 2 0 0 8 9 4 1 7 2 0 1 
13	1 6 1 8 3 2 8 4 1 3 2 0 8 4 1 3 2 0 8 4 1 4 1 3 2 0 0 8 4 1 4 1 3 2 0 0 8 4 1 3 2 0 8 4 1 1 6 2 3 2 0 8 4 1 3 2 0 8 1 4 1 7 2 0 8 9 4 1 4 1 4 1 4 1 7 2 0 0 0 1 1 0 8 9 4 1 4 1 4 1 4 1 1 6 1 6 15 3 0 2 0 0 3 0 1 1 0 0 13 14 1 6 0 0 16 1 0 7 2 0 0 0 0 8 9 4 1 4 1 4 1 4 1 1 6 15 3 0 2 0 0 13 14 16 1 2 5 0 10 1 6 1 0 3 2 0 15 15 3 2 0 0 13 14 3 2 0 0 3 2 0 0 3 2 7 7 8 9 4 1 4 1 4 1 4 1 4 1 5 0 0 0 0 0 10 3 2 7 5 2 0 0 10 3 2 0 7 1 6 1 3 2 0 3 2 20 21 9 6 0 0 0 10 3 2 3 2 0 0 3 2 15 9 6 2 0 0 0 2 7 0 13 14 3 2 0 16 0 8 9 4 1 4 1 4 1 7 2 0 2 0 0 0 0 8 9 4 1 4 1 4 1 4 1 1 6 2 0 0 5 0 10 3 2 0 7 10 3 2 0 0 7 8 1 4 1 7 2 0 8 1 4 1 4 1 7 2 0 0 8 9 4 1 7 2 0 8 4 1 3 2 0 8 4 1 3 2 0 8 4 1 3 2 0 8 4 1 3 2 0 8 4 1 4 1 3 2 0 0 1 
14	1 6 1 6 1 6 8 9 4 1 5 0 10 7 9 6 5 0 1 10 3 0 1 0 3 0 5 0 1 10 3 0 1 0 3 0 5 0 1 10 3 0 1 0 3 0 7 0 8 9 4 1 5 0 10 7 9 6 5 0 0 10 3 0 3 0 5 0 0 10 3 0 3 0 5 0 0 10 3 0 3 0 7 0 8 1 4 1 4 1 5 0 10 7 0 7 2 0 0 8 9 4 1 4 1 5 0 10 7 7 2 0 0 8 1 4 1 4 1 4 1 5 0 10 16 0 7 2 0 0 0 8 9 4 1 5 0 1 10 1 6 1 0 3 2 7 10 7 1 1 1 
15	
16	8 1 4 1 4 1 4 1 1 
17	8 9 4 1 4 1 1 
18	8 1 4 1 4 1 1 
19	1 6 1 6 2 17 4 1 3 0 0 8 1 4 1 7 2 2 0 0 8 1 4 1 7 2 2 0 0 8 1 4 1 7 2 2 0 0 0 8 1 4 1 7 2 2 0 0 0 8 1 4 1 7 2 0 8 1 4 1 4 1 7 2 0 0 0 8 1 4 1 4 1 4 1 1 6 1 9 6 2 0 20 21 9 6 0 0 0 10 3 2 2 2 0 0 5 0 0 10 3 2 0 5 0 0 10 3 2 0 7 2 8 1 4 1 7 2 0 8 1 4 1 4 1 7 2 0 0 0 8 1 4 1 4 1 4 1 1 6 1 9 6 2 20 21 9 6 0 0 0 10 3 2 2 0 5 0 0 10 3 2 0 5 0 0 10 3 2 0 7 2 8 1 4 9 4 1 7 2 0 0 8 1 4 9 4 1 4 1 1 6 0 5 2 0 10 3 0 2 0 2 0 7 0 18 1 6 9 6 17 4 1 3 0 0 8 1 3 0 3 0 0 7 8 1 7 0 0 18 17 4 1 3 0 8 1 1 6 0 0 3 2 7 0 1 8 1 4 1 4 1 4 1 1 6 0 0 3 2 0 1 0 7 8 1 4 1 4 1 4 1 4 1 1 6 0 0 0 3 2 0 1 0 7 8 1 4 1 4 1 4 1 4 1 4 1 1 6 0 0 0 0 3 2 0 1 0 7 8 1 4 1 4 1 4 1 1 6 0 0 3 2 0 1 0 7 8 1 4 1 4 1 5 0 10 7 0 10 7 0 
20	1 6 8 1 4 1 8 1 4 1 4 1 8 9 4 1 8 1 8 1 4 1 17 17 4 1 3 0 0 5 0 1 10 3 2 1 0 8 1 4 1 4 1 5 0 10 7 5 0 10 7 7 2 0 0 8 1 4 1 5 0 10 7 1 6 2 0 5 0 0 10 3 0 2 0 7 0 8 9 4 1 5 0 10 7 7 2 0 8 1 7 2 8 1 4 1 5 0 10 7 7 2 0 8 1 7 0 1 1 1 
21	8 1 4 1 4 1 8 1 4 1 8 9 4 1 8 1 8 1 4 1 
22	1 1 1 1 
23	1 6 1 6 1 6 17 4 1 3 0 0 5 0 1 10 3 0 1 10 3 0 1 0 5 0 1 10 3 0 1 0 8 4 1 3 2 0 8 3 2 8 1 7 2 8 1 7 2 8 1 4 1 7 2 0 8 4 1 4 1 3 2 0 0 8 4 1 3 2 0 8 1 7 2 8 1 4 1 4 1 7 2 0 0 8 1 4 1 7 2 0 8 9 4 1 7 2 0 8 1 7 2 8 1 4 1 7 2 0 8 1 7 0 8 1 7 8 1 4 1 5 0 10 7 2 0 7 8 1 5 0 10 7 2 7 1 
24	1 6 1 1 6 1 1 6 1 6 8 4 1 3 2 0 7 8 3 2 7 8 1 5 2 7 7 1 2 8 1 7 2 8 1 4 1 7 1 2 0 8 4 1 4 1 3 2 0 0 8 4 1 3 0 0 8 1 7 0 8 1 4 1 1 6 0 3 0 0 7 0 8 1 7 0 1 1 1 
25	24 8 1 4 1 8 1 
26	8 4 1 8 8 1 8 1 8 1 4 1 8 4 1 4 1 8 1 8 4 1 
27	8 1 8 1 
28	1 6 1 1 6 1 1 6 1 6 9 6 17 4 1 4 1 3 0 2 0 3 0 0 3 0 2 8 1 7 2 8 1 7 2 8 4 1 1 6 2 5 2 10 3 2 0 2 0 10 3 2 0 0 8 1 4 1 4 1 1 6 1 2 0 5 0 10 7 2 0 0 10 5 0 10 7 2 0 0 10 5 2 0 10 7 2 0 0 10 7 2 0 0 8 1 4 1 1 6 1 6 1 2 0 5 0 10 3 0 2 0 10 5 0 10 3 0 2 0 10 3 0 2 0 5 0 10 3 0 2 0 7 0 8 9 4 1 7 8 1 7 2 2 8 1 4 1 7 2 0 8 4 1 3 2 0 8 3 2 8 1 7 2 8 1 7 2 8 1 4 1 7 2 0 8 4 1 4 1 3 2 0 0 8 1 4 1 7 2 0 8 1 7 2 8 4 1 3 2 0 8 1 7 2 1 
29	1 6 1 6 1 6 8 4 1 1 6 1 0 5 2 10 3 2 3 2 5 2 10 1 6 2 1 6 0 0 1 6 1 3 2 0 3 2 3 2 1 6 2 20 21 9 6 0 0 0 10 3 2 0 0 0 0 10 3 2 2 8 9 4 1 4 1 4 1 5 2 0 10 7 3 2 0 1 6 1 6 1 6 1 6 5 2 10 3 0 0 3 0 3 0 2 0 10 3 0 0 0 0 3 0 0 2 0 3 0 1 0 5 2 10 3 2 3 0 0 0 2 0 1 6 2 0 15 1 6 1 0 3 2 0 3 2 13 14 3 2 7 8 1 4 1 9 6 2 0 7 0 0 2 0 8 1 4 1 5 2 0 10 7 2 2 0 0 10 7 0 8 3 2 3 2 8 1 4 1 1 6 2 0 5 2 10 3 0 1 6 1 20 21 9 6 0 0 0 10 3 0 2 2 0 0 5 2 0 10 3 0 2 0 10 3 0 2 0 3 0 2 0 7 0 8 1 4 9 7 0 0 0 0 8 4 1 5 0 10 20 21 9 6 0 0 0 10 1 6 1 3 2 0 0 10 3 2 
30	1 6 1 6 1 6 17 4 1 4 1 4 1 3 0 3 0 0 3 0 0 8 1 7 0 8 1 7 0 8 4 1 3 0 0 8 1 7 0 1 
31	17 4 1 3 0 1 
32	17 4 1 3 0 1 
33	17 4 1 3 0 1 
34	9 6 9 6 9 6 9 6 9 6 1 6 9 6 9 6 9 6 9 6 17 4 1 3 0 0 17 4 9 4 9 3 0 0 3 0 0 8 9 7 0 8 9 7 0 17 4 1 4 9 4 9 3 0 0 5 0 16 1 3 0 0 3 0 0 9 0 3 0 8 4 1 4 9 4 9 3 0 0 5 0 0 0 0 3 0 9 0 3 0 3 0 0 3 0 0 8 5 0 7 3 0 5 0 7 3 2 0 0 3 0 8 3 0 8 16 1 8 3 2 5 0 10 3 2 8 5 0 7 3 2 8 9 7 0 0 8 4 9 5 0 10 3 2 0 10 5 0 0 5 0 3 2 3 2 3 0 0 9 0 8 9 4 9 4 9 7 0 0 0 0 8 4 9 4 9 4 9 5 0 10 3 2 0 0 0 7 5 0 10 7 5 0 0 10 5 0 3 2 3 2 3 2 0 0 0 7 9 6 0 6 0 0 22 0 0 10 9 6 2 0 0 0 0 3 2 0 0 0 0 0 3 0 0 3 0 0 5 0 0 5 0 3 2 3 2 8 4 9 3 2 0 0 8 4 1 4 9 4 9 5 0 10 3 2 0 0 0 7 9 6 0 6 0 0 22 0 0 10 9 6 2 0 0 0 0 3 2 0 0 0 0 0 3 0 0 3 0 0 5 0 0 5 0 3 2 3 2 8 4 1 3 2 0 2 8 4 1 3 0 0 3 0 3 2 1 
35	8 3 2 8 4 1 4 1 3 2 0 0 8 4 1 3 2 0 8 4 1 4 1 3 2 0 0 8 4 1 3 2 0 8 1 4 1 7 2 0 8 4 1 3 2 0 8 4 1 3 2 0 8 1 4 1 4 1 7 2 0 0 8 1 4 1 4 1 4 9 7 2 0 0 0 8 1 4 1 7 2 0 8 1 4 1 4 1 7 2 0 0 8 1 4 1 7 2 0 8 1 4 1 4 1 7 2 0 0 8 1 4 1 7 2 0 8 4 1 3 2 0 8 4 1 3 2 0 8 4 1 3 2 0 8 4 1 3 2 0 8 1 4 1 4 1 7 2 0 0 8 1 4 1 4 1 7 2 0 0 8 9 4 1 4 1 4 1 4 1 7 2 0 0 0 0 8 9 4 1 4 1 7 2 0 0 8 9 4 1 7 2 0 8 1 4 1 7 2 0 8 9 4 1 7 2 0 8 9 4 1 4 9 7 2 0 0 8 9 4 1 4 9 7 2 0 0 8 1 7 2 1 
36	1 6 1 6 1 6 1 6 1 6 1 6 1 6 1 6 1 6 1 6 1 6 1 6 1 6 1 6 1 6 1 6 1 6 1 6 1 6 1 6 1 6 1 6 1 6 1 6 1 6 1 6 1 6 1 6 1 6 1 6 1 6 1 6 1 6 1 6 1 6 1 6 1 6 1 6 1 6 1 6 1 6 1 6 1 6 1 6 1 6 1 6 1 6 1 6 9 6 1 6 1 6 
37	1 6 1 6 1 1 6 9 6 1 6 1 6 1 6 1 1 6 1 6 1 6 1 6 17 3 0 1 3 0 1 3 0 1 8 5 0 10 3 2 3 2 3 2 3 2 3 2 3 2 3 2 3 2 3 2 3 2 3 2 3 0 8 1 6 2 0 5 0 2 10 1 6 15 3 0 2 2 0 13 14 1 6 0 3 2 0 16 1 0 5 0 1 10 1 6 0 3 2 0 16 1 0 3 0 1 0 5 0 1 10 3 1 0 3 2 10 1 6 3 2 0 16 1 0 8 15 1 6 2 2 0 3 2 0 3 2 2 1 0 13 14 3 2 8 4 1 4 1 5 0 10 3 0 1 3 2 0 0 8 4 1 5 0 10 3 0 0 10 5 0 0 10 3 2 0 8 4 1 4 1 5 0 10 3 0 1 3 2 0 0 8 4 1 5 0 10 3 2 0 8 1 4 1 7 2 0 8 5 2 10 3 2 5 0 10 3 2 0 8 4 1 3 0 2 0 3 2 8 4 1 3 0 1 0 3 2 8 1 6 2 0 5 0 2 10 1 6 15 3 0 2 2 0 13 14 1 6 0 3 2 0 16 1 0 5 0 1 10 1 6 0 3 2 0 16 1 0 3 0 1 0 3 2 10 1 6 3 2 0 16 1 0 8 5 0 1 10 1 6 1 0 3 0 2 5 0 10 3 0 1 10 3 2 0 8 3 0 1 1 6 1 1 6 2 2 0 5 0 16 1 3 2 0 1 6 2 22 2 10 1 6 1 2 3 2 0 1 6 2 20 21 9 6 0 0 0 10 3 2 0 0 8 4 1 4 1 15 1 6 2 2 0 5 0 1 10 1 6 1 0 3 2 2 0 3 2 0 0 10 3 2 0 0 13 14 3 2 0 0 0 8 9 6 2 0 0 3 0 1 0 20 21 9 6 0 0 0 10 3 2 2 3 2 0 8 1 1 6 1 3 2 0 7 0 8 1 4 1 4 1 7 2 0 0 8 1 4 1 4 1 4 9 1 6 1 6 1 2 9 6 5 0 10 3 2 3 0 2 5 0 10 3 0 5 0 10 15 5 0 10 3 2 0 3 0 2 0 0 5 0 10 3 2 0 10 3 2 7 0 8 1 4 1 7 2 0 2 0 0 8 1 4 1 4 1 7 1 2 0 0 0 8 1 4 1 7 2 0 2 0 0 8 1 4 1 4 1 7 1 2 0 0 0 8 1 4 1 7 2 0 8 9 5 2 10 7 2 0 10 7 8 4 9 4 1 1 6 5 2 0 1 0 1 10 3 0 2 1 0 10 3 0 2 3 2 0 0 8 4 1 3 2 0 0 8 4 1 3 2 0 0 8 4 1 3 2 0 0 8 4 1 3 2 0 0 8 1 4 1 4 1 7 2 0 0 8 1 4 1 4 1 7 2 0 0 8 9 4 1 4 1 4 1 4 1 7 2 0 0 0 0 8 9 4 1 4 1 7 2 0 0 8 9 4 1 7 2 0 8 1 4 1 7 2 0 8 9 4 1 7 2 0 8 9 4 1 4 9 7 2 0 0 8 9 4 1 4 9 7 2 0 0 8 1 7 0 8 1 7 0 8 1 4 1 7 2 0 8 1 4 1 4 1 7 2 0 0 8 1 7 0 1 1 
38	8 4 1 8 4 1 8 4 1 8 4 1 
39	8 8 4 1 4 1 8 4 1 8 4 1 4 1 8 4 1 8 1 4 1 8 4 1 8 4 1 8 1 4 1 4 1 8 1 4 1 4 1 4 9 8 1 4 1 8 1 4 1 4 1 8 1 4 1 8 1 4 1 4 1 8 1 4 1 8 1 4 1 4 1 8 1 4 1 4 1 8 9 4 1 4 1 4 1 4 1 8 9 4 1 4 1 8 9 4 1 8 1 4 1 8 9 4 1 8 9 4 1 4 9 8 9 4 1 4 9 8 1 8 1 4 1 8 1 8 1 1 
40	1 6 1 8 3 2 8 1 7 0 8 4 1 4 1 3 2 0 0 8 4 1 3 2 0 8 4 1 4 1 3 2 0 0 8 4 1 3 2 0 8 1 4 1 7 2 0 8 4 1 3 2 0 8 4 1 3 2 0 8 1 7 2 8 1 4 1 4 1 7 2 0 0 8 1 4 1 4 1 4 9 7 2 0 0 0 8 1 4 1 7 2 0 8 1 4 1 4 1 7 2 0 0 8 1 4 1 7 2 0 8 1 4 1 4 1 7 2 0 0 8 1 4 1 7 2 0 8 4 1 3 2 0 8 4 1 3 2 0 8 4 1 3 2 0 8 4 1 3 2 0 8 1 4 1 4 1 7 2 0 0 8 1 4 1 4 1 7 2 0 0 8 9 4 1 4 1 4 1 4 1 7 2 0 0 0 0 8 9 4 1 4 1 7 2 0 0 8 9 4 1 7 2 0 8 1 4 1 7 2 0 8 9 4 1 7 2 0 8 9 4 1 4 9 7 2 0 0 8 9 4 1 4 9 7 2 0 0 8 1 7 2 8 1 7 2 8 1 4 1 7 2 0 8 1 7 2 8 1 7 0 1 
41	1 6 1 6 9 6 9 6 9 6 9 6 9 6 1 6 1 6 17 4 1 3 0 0 3 0 1 3 0 1 0 8 28 3 2 3 2 3 2 3 2 1 6 2 0 5 0 10 5 0 1 10 3 0 1 0 5 0 1 10 3 0 1 3 2 0 20 21 9 6 0 2 0 10 1 6 1 2 0 5 0 2 10 3 2 3 2 0 15 1 6 2 0 1 6 1 3 0 0 3 0 2 3 2 0 0 13 14 3 2 0 0 3 2 3 2 3 2 5 2 0 10 3 2 3 2 10 3 2 3 2 5 2 0 10 3 2 3 2 10 3 2 3 2 3 2 2 0 5 2 10 3 2 10 3 2 3 2 2 3 2 2 0 5 2 10 3 2 10 3 2 3 2 2 0 5 2 10 3 2 10 3 2 3 2 7 8 9 4 1 4 1 4 1 4 1 5 0 0 0 0 10 3 2 7 5 2 0 0 10 7 28 3 2 0 0 0 0 5 0 10 1 6 0 3 0 20 21 9 6 0 0 0 10 3 0 3 0 0 0 3 0 3 0 0 3 2 0 7 8 9 4 1 4 1 5 2 10 20 21 9 6 0 2 0 10 1 6 1 2 0 5 2 0 10 7 5 0 10 3 2 0 7 5 0 10 5 2 0 0 0 10 3 2 0 7 7 8 4 1 5 0 3 2 0 8 4 1 5 0 3 2 0 8 9 4 1 4 1 28 5 2 0 0 7 7 8 1 4 1 4 1 1 6 28 3 0 2 0 0 5 0 2 10 1 6 2 0 0 5 0 10 15 1 6 1 2 0 5 0 10 1 6 0 9 6 0 9 6 2 2 0 5 0 0 10 3 2 0 3 0 0 3 0 2 0 3 0 0 3 0 2 13 14 3 2 0 0 3 0 2 0 0 7 0 8 9 4 1 7 2 0 8 4 9 3 0 0 8 9 7 0 8 9 4 9 9 6 0 3 0 0 7 0 8 9 4 9 9 6 0 3 0 0 7 0 8 4 9 3 0 0 8 9 7 0 8 4 9 3 0 0 8 9 7 0 18 1 6 9 6 
42	1 6 1 6 9 6 1 6 1 1 6 1 9 6 9 6 17 4 1 3 0 0 3 2 0 8 9 4 1 4 1 4 1 4 1 1 6 1 0 0 0 0 3 2 0 9 6 5 0 10 3 2 0 0 10 3 0 2 0 5 0 2 0 10 1 6 2 0 3 2 1 0 0 7 10 1 6 1 2 2 0 0 5 0 10 3 2 2 3 2 2 0 0 0 7 8 1 4 1 4 1 5 2 0 10 1 6 2 0 5 0 10 1 6 1 2 0 5 0 10 7 2 0 1 6 1 2 2 0 0 5 0 10 7 2 0 7 8 9 4 1 28 5 2 0 10 1 6 1 2 0 5 0 7 3 2 7 7 8 4 9 3 0 0 8 4 9 3 0 0 8 4 9 3 0 0 8 1 4 1 7 2 0 8 1 4 1 4 9 1 6 1 2 0 5 0 0 10 3 0 2 0 7 0 8 1 4 1 1 6 1 1 6 5 0 2 0 0 10 3 2 0 0 7 7 0 8 9 4 1 5 0 10 7 5 0 10 7 7 8 1 4 1 4 1 5 2 0 10 1 6 2 0 5 0 10 1 6 1 2 0 5 0 10 7 1 6 1 2 2 0 0 5 0 10 7 2 7 18 1 6 1 6 1 6 1 6 1 6 1 6 9 6 17 4 1 4 1 4 1 4 1 4 1 3 0 0 3 0 0 3 0 0 3 0 0 3 0 0 8 4 9 3 0 0 8 9 7 0 8 1 7 0 8 1 7 0 8 1 4 1 1 6 1 3 2 0 3 2 0 3 2 0 3 2 0 3 2 0 7 0 8 4 1 5 0 3 2 0 8 4 1 15 1 6 1 1 0 3 0 2 0 0 3 2 0 13 14 3 2 0 2 0 
43	1 6 1 1 6 1 6 1 6 1 6 2 9 6 1 6 1 6 1 18 17 4 1 3 0 8 1 1 6 1 15 22 10 1 6 2 2 5 2 2 10 5 2 10 3 0 2 2 3 2 0 10 3 2 0 12 13 14 7 7 2 1 18 1 6 17 4 1 3 0 0 8 9 7 25 8 1 1 6 1 22 2 10 1 6 25 5 2 10 3 2 2 2 3 2 0 10 3 2 0 12 7 2 2 1 17 3 17 4 1 3 0 17 4 1 4 1 3 0 0 3 0 2 1 0 3 0 2 2 0 3 2 1 0 5 0 10 3 0 1 0 8 4 1 3 0 8 9 7 0 8 1 7 0 8 4 1 3 0 0 8 4 1 1 6 1 1 0 15 22 10 1 6 2 9 6 2 5 0 10 1 6 2 2 0 1 6 2 2 0 5 2 0 26 5 2 2 2 10 1 6 5 2 0 10 3 0 1 0 10 5 2 0 10 3 0 2 3 0 1 0 0 5 0 2 2 10 3 2 1 0 10 3 2 0 0 13 14 7 8 1 4 1 1 6 2 0 5 0 10 5 0 10 3 0 2 0 7 0 8 4 1 4 1 3 2 0 0 1 6 2 0 5 0 1 10 1 6 1 3 2 0 3 2 0 3 2 0 0 5 0 1 10 3 1 0 10 5 0 1 1 0 10 1 6 1 1 0 22 2 10 1 6 2 3 2 0 0 10 5 2 0 10 3 2 0 3 2 0 0 8 4 1 4 1 1 6 2 0 5 0 1 10 1 6 1 3 2 0 3 2 0 3 2 0 0 5 0 1 10 3 1 0 10 5 2 0 10 3 2 0 3 2 0 0 8 4 1 4 1 3 2 0 3 2 0 0 8 4 1 4 1 5 0 10 1 6 1 0 5 0 10 3 2 0 1 6 2 22 2 10 1 6 1 2 1 6 2 1 0 5 0 10 5 0 1 10 1 6 1 3 2 0 3 2 3 2 1 0 3 2 2 5 0 1 10 1 6 1 0 1 6 2 22 2 10 1 6 1 2 1 6 1 3 2 0 3 2 3 2 0 3 2 2 3 2 3 2 8 4 1 20 21 1 6 2 2 10 1 6 1 2 3 2 0 2 0 8 4 1 3 2 0 5 2 0 10 20 21 9 6 0 2 0 10 5 1 2 0 10 3 2 0 12 3 2 0 8 1 7 2 8 1 4 1 1 6 2 1 6 1 22 2 10 1 6 2 5 0 1 1 0 10 3 2 0 7 2 8 1 4 1 1 6 1 1 6 2 9 6 22 2 10 1 6 2 5 0 1 1 0 10 5 0 10 3 0 1 6 5 1 0 2 10 3 0 0 10 3 0 1 0 3 2 0 2 0 5 0 10 7 0 10 7 8 1 6 2 22 2 10 1 6 1 2 1 6 2 0 3 2 0 0 8 1 4 1 7 2 0 8 1 4 1 4 1 1 6 2 0 5 0 1 10 7 1 0 5 0 10 5 0 10 7 2 0 0 10 7 0 5 0 1 10 7 1 1 0 10 16 1 0 8 1 4 1 7 2 0 1 8 1 4 1 4 1 1 6 2 0 1 6 1 0 20 21 9 6 0 0 0 10 1 6 0 0 9 6 2 5 0 10 1 6 2 2 0 1 6 2 2 0 3 2 0 0 10 16 1 0 7 0 8 1 4 1 1 6 2 0 1 6 5 0 1 10 3 0 1 3 2 0 5 0 1 10 3 0 1 0 5 0 10 5 0 10 7 2 0 10 7 1 10 16 1 0 1 6 1 2 20 21 9 6 0 0 0 10 3 0 0 1 2 0 7 0 8 1 4 1 7 2 0 8 1 4 1 4 1 1 6 2 0 5 0 1 10 7 1 0 5 0 1 10 1 6 1 3 2 1 0 3 2 0 0 7 0 5 0 10 5 0 10 7 2 0 0 10 7 0 1 0 10 16 1 0 8 9 4 1 1 6 2 0 1 5 0 10 7 2 10 16 1 0 8 9 4 1 4 9 7 2 2 0 1 0 8 1 4 1 4 1 1 6 2 0 5 0 1 10 7 1 0 5 0 1 10 1 6 2 1 0 1 6 1 0 3 2 0 0 7 0 5 0 10 5 0 10 7 2 0 0 10 7 0 10 16 1 0 8 1 4 1 1 6 1 0 5 2 2 2 10 7 5 2 2 2 10 7 10 7 8 9 4 1 1 6 2 0 5 0 10 7 2 10 16 1 0 8 9 4 1 4 9 7 2 2 0 1 0 8 1 4 1 4 1 1 6 2 0 5 0 1 10 7 1 0 5 0 1 10 1 6 1 1 0 3 2 0 0 7 0 5 0 10 5 0 10 7 2 0 0 10 7 0 10 16 1 0 8 9 4 1 1 6 2 0 5 0 10 7 2 10 16 1 0 8 9 4 1 4 9 7 2 2 0 1 0 8 1 4 1 4 1 1 6 2 0 5 0 1 10 7 1 0 5 0 1 10 1 6 1 1 0 3 2 0 0 7 0 5 0 10 5 0 10 7 2 0 0 10 7 0 10 16 1 0 8 9 4 1 7 2 0 8 9 4 1 4 9 7 2 0 0 8 9 4 1 1 6 2 0 5 0 10 7 2 10 16 1 0 8 9 4 1 4 9 1 6 2 0 5 0 10 7 0 7 2 8 1 4 1 4 1 1 6 2 0 5 0 1 10 7 1 0 5 0 1 10 1 6 1 1 0 3 2 0 0 7 0 5 0 10 5 0 10 7 2 0 0 10 7 0 10 16 1 0 8 9 4 1 1 6 2 0 5 0 10 7 2 10 16 1 0 8 9 4 1 4 9 7 2 2 0 1 0 8 1 4 1 4 1 1 6 2 0 5 0 1 10 7 1 0 5 0 1 10 1 6 1 1 0 3 2 0 0 7 0 5 0 10 5 0 10 7 2 0 0 10 7 0 10 16 1 0 8 9 4 1 1 6 2 0 5 0 10 7 2 10 16 1 0 8 9 4 1 4 9 7 2 2 0 1 0 8 1 4 1 4 1 1 6 2 0 5 0 1 10 7 1 0 5 0 1 10 1 6 1 1 0 3 2 0 0 7 0 5 0 10 5 0 10 7 2 0 0 10 7 0 10 16 1 0 8 9 4 1 1 6 2 0 5 0 10 7 2 10 16 1 0 8 9 4 1 4 9 7 2 2 0 1 0 8 1 4 1 4 1 1 6 2 0 5 0 1 10 7 1 0 5 0 1 10 1 6 1 1 0 3 2 0 0 7 0 5 0 10 5 0 10 7 2 0 0 10 7 0 10 16 1 0 8 1 4 1 1 6 1 20 21 1 6 2 2 10 1 6 1 2 3 2 0 2 0 7 0 8 1 7 0 1 
44	9 6 9 6 1 6 8 1 8 9 8 4 9 4 9 3 0 0 3 0 0 8 9 7 0 8 9 7 0 8 4 1 4 1 4 1 3 0 0 8 9 4 1 4 1 4 1 1 1 
45	9 6 9 6 
46	8 1 7 8 9 7 0 1 6 9 6 1 6 1 6 8 4 1 4 1 4 1 3 25 0 0 0 3 0 2 0 3 0 2 0 3 0 2 2 0 2 3 0 1 2 2 2 8 9 4 1 4 1 4 1 1 6 2 2 0 5 0 7 1 6 15 3 0 2 2 0 0 13 14 3 2 0 5 0 10 7 9 6 0 1 6 2 0 1 6 2 0 22 2 10 3 2 0 1 0 3 2 0 2 3 2 2 0 0 3 0 5 0 10 3 2 0 0 10 3 2 0 5 0 10 3 2 0 0 10 3 2 0 7 1 
47	18 1 6 1 6 8 1 7 8 9 7 0 8 4 1 4 1 4 1 3 25 0 0 0 3 0 2 0 3 0 0 3 0 2 0 3 0 0 8 9 4 1 4 1 4 1 9 6 2 20 21 9 6 0 0 0 10 1 6 2 0 5 2 0 2 0 10 5 2 0 0 0 3 2 0 0 10 3 2 2 3 2 0 0 7 8 9 4 1 4 1 4 1 1 6 5 0 10 3 2 7 1 6 2 0 5 0 10 3 2 7 3 0 2 1 6 15 3 0 2 0 2 0 13 14 3 2 0 2 2 2 16 0 13 14 3 2 0 2 2 2 0 5 0 7 3 2 1 2 7 8 4 1 4 1 5 0 0 10 3 2 0 3 2 0 3 2 0 7 1 
48	8 1 4 1 1 6 2 5 0 10 7 2 10 7 1 2 0 1 
49	1 6 8 1 7 8 9 7 0 8 4 1 4 1 4 1 3 25 0 0 0 3 0 2 2 8 9 4 1 4 1 4 1 3 2 0 7 1 
50	9 6 8 1 7 8 9 7 0 8 9 4 1 4 1 4 1 7 8 4 1 4 1 4 1 3 25 0 0 0 7 8 4 1 4 1 4 1 9 6 2 5 0 10 3 2 0 16 1 9 6 2 2 5 0 0 10 1 6 2 2 16 1 0 0 1 6 2 0 1 6 2 2 0 1 6 1 20 21 9 6 0 2 0 10 3 2 2 0 1 6 2 9 6 2 0 0 0 0 7 8 1 4 1 9 6 2 1 6 1 0 9 6 22 0 0 10 3 0 0 2 2 0 0 5 0 10 5 0 0 2 10 3 0 0 0 0 2 0 0 2 3 0 5 0 10 3 2 0 3 2 0 20 21 0 0 0 0 10 3 2 0 0 3 2 7 0 8 1 4 1 1 6 2 1 6 2 1 6 1 3 0 2 22 0 0 10 3 2 2 0 3 0 0 3 2 2 0 7 0 1 
51	17 4 1 3 0 1 
52	9 6 8 1 7 8 9 7 0 8 9 4 1 4 1 4 1 5 2 10 3 2 7 1 6 2 2 0 5 0 10 3 2 7 1 6 2 1 6 2 5 0 2 0 10 1 6 1 20 21 9 6 0 0 0 10 3 2 0 0 3 2 0 0 7 1 6 15 3 0 2 0 2 0 13 14 3 2 0 2 2 2 16 0 13 14 3 2 0 2 2 2 16 0 13 14 3 2 0 0 7 15 3 2 0 3 1 2 13 14 5 0 1 10 16 1 0 3 2 0 0 7 3 2 7 1 
53	1 6 1 6 1 6 1 6 9 6 1 6 9 6 1 6 9 6 1 6 1 8 1 7 0 8 9 7 0 8 4 1 3 0 0 8 4 1 3 0 0 3 0 0 8 4 1 3 0 0 8 9 7 0 8 4 1 3 0 0 8 4 1 3 0 0 8 9 4 1 4 1 4 1 15 5 0 10 5 0 10 3 2 0 0 3 0 1 6 1 0 0 20 21 9 6 0 0 0 10 1 6 1 2 0 0 3 2 0 3 2 0 0 10 3 2 0 13 14 5 0 1 10 16 1 0 3 2 0 2 0 7 8 4 1 4 1 4 1 3 25 0 0 0 9 6 2 5 2 0 10 3 2 0 2 0 2 0 7 3 0 2 0 3 2 0 0 7 8 9 4 1 4 9 3 2 0 0 3 2 0 7 8 4 1 15 1 6 1 1 0 3 0 2 0 0 1 6 1 20 21 9 6 0 0 0 10 1 6 0 0 5 2 10 3 2 0 0 0 1 6 1 0 3 2 0 13 14 3 2 0 2 0 8 4 1 4 9 20 21 9 6 0 0 0 10 1 6 1 0 0 0 0 0 0 0 3 2 0 0 0 8 1 4 1 9 6 2 1 6 1 0 3 0 9 0 9 6 1 6 1 6 22 0 0 10 3 0 0 3 0 0 2 2 0 5 2 2 0 0 10 3 0 0 2 2 0 2 2 2 0 2 0 0 10 3 0 2 2 0 3 0 2 2 0 22 0 0 10 3 0 0 0 3 0 0 3 0 0 0 3 0 7 0 1 
54	9 6 1 6 1 6 1 6 9 6 1 6 1 6 1 6 9 6 9 6 1 6 17 4 1 4 1 4 1 4 9 3 0 0 3 0 0 3 0 0 3 0 0 3 2 5 0 3 0 2 5 0 0 10 5 0 10 3 0 1 0 8 9 7 0 8 1 4 1 4 1 5 0 0 10 5 0 10 15 3 1 0 13 14 3 2 0 10 3 2 0 0 10 3 0 0 3 0 0 3 2 0 0 7 8 1 4 1 15 1 6 5 0 0 10 5 0 10 3 0 2 0 10 3 0 2 0 5 0 0 10 3 0 2 0 5 0 0 10 3 0 2 0 5 0 0 10 3 0 0 5 0 0 10 3 0 0 5 0 0 10 3 0 2 0 5 0 0 10 3 0 0 5 0 0 10 15 1 6 1 3 2 0 0 3 0 0 13 14 3 2 0 5 0 0 10 3 0 0 10 3 2 0 0 7 0 13 14 3 2 0 7 8 19 0 11 0 0 0 0 0 10 3 0 15 1 6 0 1 6 1 1 0 3 0 2 0 0 3 0 1 2 2 5 0 2 0 10 3 2 1 6 1 1 3 2 0 0 3 2 0 0 13 14 3 2 0 2 0 12 11 0 10 3 0 3 0 1 12 11 0 10 3 0 3 0 1 12 11 0 10 3 0 3 0 1 0 12 11 0 10 3 2 0 3 0 3 0 1 0 12 11 10 3 2 0 17 4 1 4 1 3 0 0 3 0 2 3 0 2 3 0 2 3 0 2 3 0 2 5 0 3 0 2 5 0 0 10 5 0 10 3 0 1 0 8 1 7 0 8 1 7 0 8 1 7 0 8 1 7 0 8 9 7 0 
55	17 4 1 4 1 3 0 2 2 2 1 
56	17 4 1 4 1 3 0 2 2 2 1 
57	1 6 1 6 17 8 4 1 3 0 0 1 6 1 2 5 0 10 3 0 2 2 0 10 1 6 1 2 0 15 3 2 0 3 2 0 13 14 3 2 0 3 2 0 16 1 0 8 4 1 1 6 1 1 0 1 3 0 2 2 2 3 2 0 3 2 1 0 8 4 9 4 1 19 0 11 0 3 2 0 0 12 11 0 3 2 0 0 12 11 0 3 2 0 0 12 11 0 3 2 0 0 12 11 3 2 0 12 1 
58	1 6 1 6 1 6 1 6 17 8 4 1 3 0 0 3 0 2 0 15 3 2 3 2 0 13 14 3 2 0 8 3 0 2 3 2 3 2 0 1 6 2 0 5 0 2 10 3 0 3 0 1 0 3 2 3 2 3 2 3 2 8 9 6 2 0 9 6 2 0 1 6 1 0 0 3 1 0 5 0 10 3 1 0 3 2 0 8 1 6 2 0 9 6 2 0 5 0 2 2 0 10 7 1 6 1 0 0 3 2 0 8 1 6 2 0 1 6 2 0 5 0 2 2 0 10 7 1 6 1 3 1 0 3 1 0 3 1 0 3 2 0 8 1 6 2 0 1 6 2 0 1 6 2 0 1 6 2 0 1 6 2 0 5 0 2 2 0 2 2 0 2 2 0 2 2 0 2 2 10 7 1 6 1 3 2 0 3 2 0 3 2 0 3 2 0 3 2 2 0 3 2 0 3 2 3 2 0 8 4 9 4 1 19 0 11 0 3 2 0 12 11 0 3 2 0 12 11 0 3 2 0 12 11 0 3 2 0 12 11 3 2 0 12 8 3 2 8 1 6 2 22 2 10 1 6 1 2 3 2 1 
59	8 1 4 1 1 6 2 0 5 0 0 1 10 3 1 0 7 1 0 1 6 1 6 2 0 5 0 1 10 3 0 1 0 5 0 1 10 3 0 1 3 2 0 20 21 1 6 2 2 10 1 6 1 2 5 0 2 10 3 2 0 15 3 0 2 2 0 5 0 1 10 3 1 0 3 2 0 7 1 0 10 3 2 0 13 14 3 2 0 0 1 6 15 3 0 1 3 2 0 13 14 1 6 0 3 2 0 3 2 0 16 0 3 2 7 0 
60	9 6 9 6 9 6 9 6 9 6 8 4 1 8 4 9 4 1 
61	17 8 4 1 8 4 9 4 1 1 
62	1 6 1 1 6 17 8 4 1 3 0 0 8 4 9 4 1 28 1 6 1 3 0 1 0 3 0 0 3 2 0 8 4 1 28 5 2 10 20 21 1 6 2 2 10 1 6 1 2 3 2 1 0 1 0 1 
63	1 6 1 6 17 8 4 1 3 0 0 1 6 1 2 5 0 10 3 0 2 0 3 2 0 7 1 6 2 0 15 3 2 0 3 2 0 13 14 3 2 0 8 4 1 3 0 2 2 2 3 2 3 2 0 1 6 1 1 0 3 2 3 2 3 2 0 8 4 9 4 1 19 0 11 0 3 2 0 12 11 0 3 2 0 12 11 0 3 2 0 12 11 0 3 2 0 12 11 3 2 0 12 8 3 2 8 1 6 2 22 2 10 1 6 1 2 3 2 1 
64	17 4 1 3 0 8 1 4 9 4 1 7 2 1 1 
65	24 8 9 8 9 8 9 8 9 8 9 8 9 8 9 8 4 9 8 9 8 1 8 9 4 9 8 
66	18 1 1 1 6 1 1 1 6 9 6 17 3 0 1 1 1 3 0 1 1 1 3 0 3 0 8 9 7 0 8 3 2 3 2 3 0 3 0 8 1 7 1 2 8 4 1 3 2 0 3 0 8 1 5 0 0 10 3 0 1 2 7 1 2 8 1 7 1 2 8 9 7 0 0 8 4 1 22 0 0 10 3 2 3 0 1 2 8 4 1 3 2 1 0 3 0 0 3 2 8 4 1 4 9 3 0 1 2 22 0 10 1 6 2 3 2 0 3 2 0 0 3 2 3 2 0 3 0 8 4 1 4 9 5 0 10 9 6 2 3 0 1 2 22 0 10 1 6 2 3 2 0 3 2 0 0 3 2 3 2 0 3 0 10 3 0 1 2 3 0 
67	18 17 4 1 4 9 4 1 3 3 0 3 0 0 3 0 0 3 0 0 17 3 3 0 17 4 1 3 0 3 0 9 6 1 6 9 6 1 6 8 1 5 0 10 7 25 1 6 9 6 20 21 9 6 0 0 0 10 5 0 0 0 0 10 3 0 0 0 0 20 21 9 6 0 0 0 0 0 10 3 0 0 0 0 0 5 0 0 0 0 0 10 3 0 3 0 0 1 6 1 6 0 20 21 9 6 0 0 0 10 5 0 3 0 5 0 10 3 0 0 12 3 0 2 0 3 0 0 3 0 0 0 3 0 0 5 0 10 3 0 0 10 3 0 0 3 0 0 7 0 1 6 2 8 1 4 1 1 6 1 9 6 20 21 9 6 0 2 0 10 19 2 0 11 26 11 3 2 26 11 3 2 26 11 3 2 26 11 3 2 26 11 3 2 26 11 3 2 26 11 3 2 26 11 3 2 26 11 5 0 2 0 0 10 1 6 2 0 3 2 2 2 2 10 3 2 0 26 7 2 1 
68	18 1 6 1 1 6 1 1 6 1 6 1 6 17 4 1 3 1 1 2 3 0 1 1 2 3 0 0 8 1 4 1 4 1 1 6 3 0 0 15 3 2 3 2 0 3 2 0 3 0 2 13 14 3 2 0 2 0 16 1 2 13 14 3 2 0 2 0 16 1 0 0 0 13 14 16 1 2 13 14 3 2 0 2 0 3 0 7 0 8 4 1 3 0 0 8 1 4 1 7 1 2 0 8 9 4 1 5 2 0 7 7 8 1 4 1 9 6 2 1 6 2 0 9 6 5 2 2 10 3 0 5 2 2 0 10 3 0 10 5 2 2 2 2 2 2 2 2 2 2 2 2 10 3 0 5 0 7 2 0 0 7 0 8 1 1 6 1 0 9 6 3 2 0 15 22 10 19 0 2 0 11 12 11 3 0 0 12 3 2 3 2 3 2 0 3 0 10 5 7 0 13 14 5 0 10 3 2 0 3 0 10 3 2 5 0 1 10 10 5 16 1 0 5 0 1 10 10 5 16 1 0 10 5 16 1 0 5 0 10 3 2 0 16 1 8 19 0 2 0 11 3 2 12 11 3 2 12 11 3 0 0 5 2 10 3 2 10 19 0 2 0 11 3 2 12 11 3 2 12 11 3 2 12 11 3 2 12 11 3 2 12 11 3 2 12 11 3 0 0 3 2 16 1 8 1 6 1 0 9 6 3 2 0 15 1 6 3 0 2 0 3 2 0 3 0 3 0 2 0 5 0 10 3 2 0 8 1 6 1 0 9 6 3 2 0 15 1 6 9 6 9 6 22 10 3 0 2 0 3 0 5 2 10 10 12 3 2 0 3 0 19 0 11 3 0 12 5 2 2 3 0 5 2 2 0 3 0 3 0 20 21 9 6 0 0 0 3 0 0 5 0 10 3 2 0 8 1 6 1 0 9 6 3 2 0 15 19 0 2 0 11 3 2 0 12 11 3 2 0 12 11 3 2 0 12 11 3 0 0 3 2 16 1 5 0 10 3 2 0 8 1 6 1 0 9 6 3 2 0 15 3 2 0 5 0 10 3 2 0 8 1 6 1 0 9 6 3 2 0 15 3 2 0 5 0 10 3 2 0 8 1 6 1 0 9 6 3 2 0 15 3 2 0 5 0 10 3 2 0 8 1 6 1 0 9 6 3 2 0 15 3 2 0 5 0 10 3 2 0 8 9 19 0 2 0 11 3 2 10 5 7 0 12 11 3 2 10 5 7 0 12 11 3 2 10 5 7 0 12 11 3 2 10 5 7 0 12 11 3 0 0 5 2 10 3 2 10 5 7 0 10 19 0 2 0 11 3 2 10 5 7 0 12 11 3 2 10 5 7 0 12 11 3 2 10 5 7 0 12 11 3 0 0 3 2 16 1 16 1 8 1 1 6 1 0 9 6 3 2 0 1 6 9 6 9 6 1 6 9 6 9 6 9 6 15 3 0 2 0 1 6 2 3 0 1 2 0 5 2 10 3 0 3 2 0 5 0 10 3 0 2 0 0 5 0 10 3 2 3 0 10 5 7 0 3 0 0 10 3 0 2 3 2 0 3 0 19 0 2 0 11 3 2 0 12 11 3 0 0 3 2 0 22 10 5 2 10 10 12 19 0 2 0 11 3 2 0 12 11 3 0 0 3 0 2 5 0 0 10 5 0 0 10 5 2 0 10 10 10 5 16 1 0 0 0 0 0 0 10 5 0 0 10 10 5 16 1 0 0 0 3 0 19 0 2 0 11 3 2 0 12 11 3 0 0 3 2 0 5 0 0 10 10 5 7 0 1 6 1 0 9 6 3 2 0 15 22 10 3 2 19 0 2 0 11 12 11 3 0 0 12 13 14 5 0 10 3 2 0 3 0 10 3 2 5 0 1 10 10 5 16 1 0 5 0 1 10 10 5 16 1 0 10 5 16 1 0 5 0 10 3 2 0 3 2 0 3 2 0 3 0 5 0 10 3 2 0 0 0 10 5 7 0 13 14 5 0 10 3 2 0 3 0 10 3 2 5 0 1 10 10 5 16 1 0 5 0 1 10 10 5 16 1 0 10 5 16 1 0 5 0 10 3 2 0 16 1 8 1 6 1 0 9 6 3 2 0 15 3 2 0 19 0 2 0 11 3 2 22 10 19 0 2 0 11 12 11 3 0 0 12 3 2 0 3 2 12 11 3 0 0 3 2 0 13 14 5 0 10 3 2 0 3 0 10 3 2 5 0 1 10 10 5 16 1 0 5 0 1 10 10 5 16 1 0 10 5 16 1 0 5 0 10 3 2 0 8 1 6 1 0 9 6 3 2 0 15 3 2 0 19 0 2 0 11 3 2 0 12 11 3 0 0 19 0 2 0 11 3 2 12 11 3 2 12 11 3 0 0 3 2 16 1 19 0 2 0 11 3 2 0 12 11 3 0 0 3 2 0 19 0 2 0 11 3 2 0 12 11 3 0 0 19 0 2 0 11 3 2 12 11 3 2 12 11 3 0 0 3 2 16 1 19 0 2 0 11 3 2 0 12 11 3 0 0 3 2 0 13 14 5 0 10 3 2 0 3 0 10 3 2 5 0 1 10 10 5 16 1 0 5 0 1 10 10 5 16 1 0 10 5 16 1 0 5 0 10 3 2 0 8 19 0 2 0 11 3 2 0 12 11 3 0 0 19 0 2 0 11 3 2 12 11 3 0 0 5 2 10 3 2 10 19 0 2 0 11 3 2 12 11 3 2 12 11 3 2 12 11 3 2 12 11 3 2 12 11 3 0 0 3 2 16 1 19 0 2 0 11 3 2 0 12 11 3 0 0 8 1 6 1 0 9 6 3 2 0 15 3 2 3 2 0 19 0 2 0 11 3 2 22 10 19 0 2 0 11 12 11 3 0 0 12 3 2 0 3 2 12 11 3 0 0 3 2 0 13 14 5 0 10 3 2 0 3 0 10 3 2 5 0 1 10 10 5 16 1 0 5 0 1 10 10 5 16 1 0 10 5 16 1 0 5 0 10 3 2 0 8 1 6 1 0 9 6 3 2 0 15 19 0 2 0 11 3 2 0 22 10 5 2 10 10 12 3 2 0 5 2 10 3 2 10 19 0 2 0 11 3 2 12 11 3 0 0 3 2 16 1 12 11 3 2 0 3 2 0 22 10 5 2 10 10 12 3 2 0 5 2 10 3 2 10 19 0 2 0 11 3 2 12 11 3 0 0 3 2 16 1 3 2 0 12 11 3 0 0 3 2 16 1 13 14 5 0 10 3 2 0 3 0 10 3 2 5 0 1 10 10 5 16 1 0 5 0 1 10 10 5 16 1 0 10 5 16 1 0 5 0 10 3 2 0 8 1 6 1 0 9 6 3 2 0 15 3 2 0 5 0 10 3 2 0 8 1 6 1 0 9 6 3 2 0 15 3 2 0 5 0 10 3 2 0 8 1 6 1 0 9 6 3 2 0 15 19 0 2 0 11 3 2 0 12 11 3 2 0 12 11 3 2 0 12 11 3 2 0 12 11 3 2 0 12 11 3 2 0 12 11 3 2 0 12 11 3 2 0 12 11 3 2 0 12 11 3 0 0 3 2 16 1 5 0 10 3 2 0 8 1 6 1 0 9 6 3 2 0 15 3 2 0 19 0 2 0 11 3 2 0 12 11 3 0 0 3 2 0 3 2 3 2 0 1 6 1 0 9 6 3 2 0 15 22 10 3 2 19 0 2 0 11 12 11 3 0 0 12 13 14 5 0 10 3 2 0 3 0 10 3 2 5 0 1 10 10 5 16 1 0 5 0 1 10 10 5 16 1 0 10 5 16 1 0 5 0 10 3 2 0 19 0 2 0 11 22 10 3 2 19 0 2 0 11 12 11 3 0 0 12 12 11 3 0 0 19 0 2 0 11 3 2 12 11 3 0 0 3 2 0 13 14 5 0 10 3 2 0 3 0 10 3 2 5 0 1 10 10 5 16 1 0 5 0 1 10 10 5 16 1 0 10 5 16 1 0 5 0 10 3 2 0 8 1 6 1 0 9 6 3 2 0 15 3 2 0 1 6 1 0 9 6 3 2 0 15 22 10 3 2 19 0 2 0 11 12 11 3 0 0 12 13 14 5 0 10 3 2 0 3 0 10 3 2 5 0 1 10 10 5 16 1 0 5 0 1 10 10 5 16 1 0 10 5 16 1 0 5 0 10 3 2 0 13 14 5 0 10 3 2 0 3 0 10 3 2 5 0 1 10 10 5 16 1 0 5 0 1 10 10 5 16 1 0 10 5 16 1 0 5 0 10 3 2 0 8 1 6 1 0 9 6 3 2 0 15 3 2 0 19 0 2 0 11 3 2 0 12 11 3 0 0 3 2 0 3 2 3 2 0 1 6 1 0 9 6 3 2 0 15 22 10 3 2 19 0 2 0 11 12 11 3 0 0 12 13 14 5 0 10 3 2 0 3 0 10 3 2 5 0 1 10 10 5 16 1 0 5 0 1 10 10 5 16 1 0 10 5 16 1 0 5 0 10 3 2 0 13 14 5 0 10 3 2 0 3 0 10 3 2 5 0 1 10 10 5 16 1 0 5 0 1 10 10 5 16 1 0 10 5 16 1 0 5 0 10 3 2 0 8 1 6 1 0 9 6 3 2 0 15 3 2 0 19 0 2 0 11 3 2 0 12 11 3 0 0 3 2 19 0 2 0 11 3 2 0 12 11 3 0 0 3 2 0 3 2 3 2 0 3 0 19 0 2 0 11 3 2 0 12 11 3 0 0 13 14 5 0 10 3 2 0 3 0 10 3 2 5 0 1 10 10 5 16 1 0 5 0 1 10 10 5 16 1 0 10 5 16 1 0 5 0 10 3 2 0 8 3 2 0 8 1 6 1 0 9 6 3 2 0 15 3 2 13 14 5 0 10 3 2 0 3 0 10 3 2 5 0 1 10 10 5 16 1 0 5 0 1 10 10 5 16 1 0 10 5 16 1 0 5 0 10 3 2 0 8 1 6 1 0 9 6 3 2 0 15 3 2 3 2 0 3 2 13 14 5 0 10 3 2 0 3 0 10 3 2 5 0 1 10 10 5 16 1 0 5 0 1 10 10 5 16 1 0 10 5 16 1 0 5 0 10 3 2 0 8 3 2 22 10 19 0 2 0 11 12 11 3 0 0 12 3 2 0 1 6 1 0 9 6 3 2 0 15 3 2 13 14 5 0 10 3 2 0 3 0 10 3 2 5 0 1 10 10 5 16 1 0 5 0 1 10 10 5 16 1 0 10 5 16 1 0 5 0 10 3 2 0 8 3 2 22 10 19 0 2 0 11 12 11 3 0 0 12 3 2 0 1 6 1 0 9 6 3 2 0 15 3 2 13 14 5 0 10 3 2 0 3 0 10 3 2 5 0 1 10 10 5 16 1 0 5 0 1 10 10 5 16 1 0 10 5 16 1 0 5 0 10 3 2 0 8 3 2 22 10 19 0 2 0 11 12 11 3 0 0 12 19 0 2 0 11 3 2 0 1 6 1 0 9 6 3 2 0 15 3 2 13 14 5 0 10 3 2 0 3 0 10 3 2 5 0 1 10 10 5 16 1 0 5 0 1 10 10 5 16 1 0 10 5 16 1 0 5 0 10 3 2 0 12 11 3 2 0 1 6 1 0 9 6 3 2 0 15 3 2 13 14 5 0 10 3 2 0 3 0 10 3 2 5 0 1 10 10 5 16 1 0 5 0 1 10 10 5 16 1 0 10 5 16 1 0 5 0 10 3 2 0 12 11 3 0 0 3 2 16 1 8 3 2 22 10 19 0 2 0 11 12 11 3 0 0 12 19 0 2 0 11 3 2 0 1 6 1 0 9 6 3 2 0 15 3 2 13 14 5 0 10 3 2 0 3 0 10 3 2 5 0 1 10 10 5 16 1 0 5 0 1 10 10 5 16 1 0 10 5 16 1 0 5 0 10 3 2 0 12 11 3 2 0 1 6 1 0 9 6 3 2 0 15 3 2 13 14 5 0 10 3 2 0 3 0 10 3 2 5 0 1 10 10 5 16 1 0 5 0 1 10 10 5 16 1 0 10 5 16 1 0 5 0 10 3 2 0 12 11 3 2 0 1 6 1 0 9 6 3 2 0 15 3 2 13 14 5 0 10 3 2 0 3 0 10 3 2 5 0 1 10 10 5 16 1 0 5 0 1 10 10 5 16 1 0 10 5 16 1 0 5 0 10 3 2 0 12 11 3 2 0 1 6 1 0 9 6 3 2 0 15 3 2 13 14 5 0 10 3 2 0 3 0 10 3 2 5 0 1 10 10 5 16 1 0 5 0 1 10 10 5 16 1 0 10 5 16 1 0 5 0 10 3 2 0 12 11 3 0 0 3 2 16 1 8 3 2 22 10 19 0 2 0 11 12 11 3 0 0 12 19 0 2 0 11 3 2 0 1 6 1 0 9 6 3 2 0 15 3 2 13 14 5 0 10 3 2 0 3 0 10 3 2 5 0 1 10 10 5 16 1 0 5 0 1 10 10 5 16 1 0 10 5 16 1 0 5 0 10 3 2 0 12 11 3 2 0 1 6 1 0 9 6 3 2 0 15 3 2 13 14 5 0 10 3 2 0 3 0 10 3 2 5 0 1 10 10 5 16 1 0 5 0 1 10 10 5 16 1 0 10 5 16 1 0 5 0 10 3 2 0 12 11 3 0 0 3 2 16 1 8 3 2 22 10 19 0 2 0 11 12 11 3 0 0 12 19 0 2 0 11 3 2 0 1 6 1 0 9 6 3 2 0 15 3 2 13 14 5 0 10 3 2 0 3 0 10 3 2 5 0 1 10 10 5 16 1 0 5 0 1 10 10 5 16 1 0 10 5 16 1 0 5 0 10 3 2 0 12 11 3 2 0 1 6 1 0 9 6 3 2 0 15 3 2 13 14 5 0 10 3 2 0 3 0 10 3 2 5 0 1 10 10 5 16 1 0 5 0 1 10 10 5 16 1 0 10 5 16 1 0 5 0 10 3 2 0 12 11 3 2 0 1 6 1 0 9 6 3 2 0 15 3 2 13 14 5 0 10 3 2 0 3 0 10 3 2 5 0 1 10 10 5 16 1 0 5 0 1 10 10 5 16 1 0 10 5 16 1 0 5 0 10 3 2 0 12 11 3 0 0 3 2 16 1 8 5 2 10 19 0 2 0 11 3 2 0 12 11 3 0 0 3 2 0 1 6 1 0 9 6 3 2 0 15 3 2 13 14 5 0 10 3 2 0 3 0 10 3 2 5 0 1 10 10 5 16 1 0 5 0 1 10 10 5 16 1 0 10 5 16 1 0 5 0 10 3 2 0 10 19 0 2 0 11 3 2 12 11 3 0 0 3 2 16 1 8 19 0 2 0 11 3 2 0 12 11 3 0 0 19 0 2 0 11 3 2 12 11 3 2 12 11 3 2 12 11 3 0 0 5 2 10 3 2 10 19 0 2 0 11 3 2 12 11 3 2 12 11 3 2 12 11 3 2 0 3 2 3 2 0 12 11 3 0 0 3 2 16 1 19 0 2 0 11 3 2 0 12 11 3 0 0 8 9 4 9 3 0 0 3 0 0 0 9 6 2 3 2 0 7 0 8 9 4 9 3 0 0 3 0 0 0 9 6 2 3 2 0 7 0 8 9 4 9 3 0 0 3 0 0 0 9 6 2 3 2 0 7 0 8 9 4 9 3 0 0 3 0 0 0 9 6 2 3 2 0 7 0 8 9 4 9 3 0 0 3 0 0 0 9 6 2 3 2 0 7 0 8 9 4 9 3 0 0 3 0 0 0 9 6 2 3 2 0 7 0 8 9 4 9 3 0 0 3 0 0 0 9 6 2 3 2 0 7 0 8 9 4 9 3 0 0 3 0 0 0 9 6 2 3 2 0 7 0 8 9 4 9 3 0 0 3 0 0 0 9 6 2 3 2 0 7 0 8 9 4 9 3 0 0 3 0 0 0 9 6 2 3 2 0 7 0 8 9 4 9 3 0 0 3 0 0 0 9 6 2 3 2 0 7 0 8 9 5 2 0 7 5 0 0 0 7 7 8 9 5 2 0 7 5 0 0 0 7 7 8 9 5 2 0 7 5 0 0 0 7 7 8 9 1 6 3 0 0 5 2 3 0 0 5 0 0 0 7 5 2 7 5 0 0 0 7 7 8 9 5 2 0 7 5 0 0 0 7 7 8 9 5 2 0 7 5 0 0 0 7 7 8 9 5 2 7 5 0 0 0 7 7 8 9 5 2 7 5 0 0 0 7 7 8 9 5 2 7 5 0 0 0 7 7 8 9 5 2 0 7 5 0 0 0 7 7 8 9 5 2 7 5 0 0 0 7 7 8 9 5 2 7 5 0 0 0 7 7 8 9 5 2 7 5 0 0 0 7 7 8 9 5 2 0 7 5 0 0 0 7 5 2 7 5 0 0 0 7 7 8 9 5 2 0 7 5 0 0 0 7 7 8 9 5 2 7 5 0 0 0 7 7 8 9 5 2 7 5 0 0 0 7 7 8 9 5 2 0 7 5 0 0 0 7 7 8 9 5 2 0 7 5 0 0 0 7 7 8 9 5 2 0 7 5 0 0 0 7 7 8 9 5 2 0 7 5 0 0 0 7 1 6 3 0 0 5 2 10 3 0 0 5 2 7 5 0 0 0 7 5 0 0 0 7 7 8 9 5 2 7 5 0 0 0 7 1 6 22 10 3 0 0 5 2 10 3 0 0 12 5 0 0 0 7 7 8 9 5 2 0 7 5 0 0 0 7 1 6 3 0 0 5 2 10 3 0 0 5 2 7 5 0 0 0 7 5 0 0 0 7 7 8 9 5 2 0 7 5 0 0 0 7 5 2 0 7 5 0 0 0 7 1 6 22 10 3 0 0 5 2 10 3 0 0 12 5 0 0 0 7 5 2 0 7 5 0 0 0 7 7 8 9 5 2 7 5 0 0 0 7 7 8 9 5 2 0 7 5 0 0 0 7 1 6 3 0 0 5 2 3 0 0 5 0 0 0 7 3 0 0 5 2 10 3 0 0 5 2 7 5 0 0 0 7 5 0 0 0 7 3 0 0 5 2 3 0 0 5 0 0 0 7 5 2 0 7 5 0 0 0 7 7 8 9 5 2 0 7 5 0 0 0 7 7 8 9 5 2 0 7 5 0 0 0 7 1 6 22 10 3 0 0 5 2 10 3 0 0 12 5 0 0 0 7 7 8 9 5 2 7 5 0 0 0 7 7 8 9 5 2 0 7 5 0 0 0 7 7 8 9 1 6 3 0 0 5 2 10 3 0 0 5 2 7 5 0 0 0 7 5 0 0 0 7 7 8 9 5 2 7 5 0 0 0 7 7 8 9 5 2 0 7 5 0 0 0 7 7 8 9 5 2 7 5 0 0 0 7 7 8 9 5 2 7 5 0 0 0 7 7 8 9 5 2 7 5 0 0 0 7 7 8 9 5 2 7 5 0 0 0 7 7 8 9 5 2 7 5 0 0 0 7 7 8 9 5 2 0 7 5 0 0 0 7 1 6 3 0 0 5 2 3 0 0 5 0 0 0 7 3 0 0 5 2 10 3 0 0 5 2 7 5 0 0 0 7 5 0 0 0 7 3 0 0 5 2 3 0 0 5 0 0 0 7 5 2 0 7 5 0 0 0 7 7 8 9 5 2 7 5 0 0 0 7 7 8 9 5 2 7 5 0 0 0 7 5 2 0 7 5 0 0 0 7 1 6 3 0 0 5 2 3 0 0 5 0 0 0 7 5 2 0 7 5 0 0 0 7 7 8 9 5 2 7 5 0 0 0 7 7 8 9 5 2 0 7 5 0 0 0 7 7 8 9 1 6 3 0 0 5 2 3 0 0 5 0 0 0 7 3 0 0 5 2 10 3 0 0 5 2 10 3 0 0 5 2 10 3 0 0 5 2 10 3 0 0 5 2 10 3 0 0 5 2 10 3 0 0 5 2 10 3 0 0 5 2 7 5 0 0 0 7 5 0 0 0 7 5 0 0 0 7 5 0 0 0 7 5 0 0 0 7 5 0 0 0 7 5 0 0 0 7 5 0 0 0 7 7 8 9 5 2 0 7 5 0 0 0 7 7 8 9 5 2 7 5 0 0 0 7 7 8 9 5 2 7 5 0 0 0 7 7 8 9 5 2 0 7 5 0 0 0 7 7 8 9 5 2 7 5 0 0 0 7 7 8 9 5 2 7 5 0 0 0 7 7 8 9 1 6 3 0 0 5 2 10 3 0 0 5 2 7 5 0 0 0 7 5 0 0 0 7 7 8 9 1 6 3 0 0 5 2 3 0 0 5 0 0 0 7 5 2 0 7 5 0 0 0 7 5 2 7 5 0 0 0 7 7 8 9 5 2 7 5 0 0 0 7 7 8 9 5 2 7 5 0 0 0 7 7 8 9 5 2 7 5 0 0 0 7 7 8 9 5 2 7 5 0 0 0 7 7 8 9 5 2 0 7 5 0 0 0 7 7 8 9 5 2 7 5 0 0 0 7 7 8 9 5 2 0 7 5 0 0 0 7 5 2 7 5 0 0 0 7 7 8 9 5 2 7 5 0 0 0 7 7 8 9 5 2 0 7 5 0 0 0 7 7 8 9 1 6 3 0 0 5 2 3 0 0 5 0 0 0 7 3 0 0 5 2 10 3 0 0 5 2 10 3 0 0 5 2 10 3 0 0 5 2 10 3 0 0 5 2 10 3 0 0 5 2 10 3 0 0 5 2 7 5 0 0 0 7 5 0 0 0 7 5 0 0 0 7 5 0 0 0 7 5 0 0 0 7 5 0 0 0 7 5 0 0 0 7 3 0 0 5 2 3 0 0 5 0 0 0 7 7 8 9 5 2 0 7 5 0 0 0 7 7 8 9 5 2 0 7 5 0 0 0 7 1 6 3 0 0 5 2 3 0 0 5 0 0 0 7 3 0 0 5 2 10 3 0 0 5 2 7 5 0 0 0 7 5 0 0 0 7 3 0 0 5 2 3 0 0 5 0 0 0 7 5 2 0 7 5 0 0 0 7 7 8 9 5 2 7 5 0 0 0 7 7 8 9 5 2 0 7 5 0 0 0 7 7 8 9 5 2 7 5 0 0 0 7 7 8 9 5 2 7 5 0 0 0 7 7 8 9 5 2 0 7 5 0 0 0 7 7 8 9 5 2 7 5 0 0 0 7 7 8 9 5 2 7 5 0 0 0 7 1 6 22 10 3 0 0 5 2 10 3 0 0 12 5 0 0 0 7 7 8 9 5 2 7 5 0 0 0 7 7 8 9 5 2 0 7 5 0 0 0 7 1 6 3 0 0 5 2 3 0 0 5 0 0 0 7 3 0 0 5 2 10 3 0 0 5 2 7 5 0 0 0 7 5 0 0 0 7 3 0 0 5 2 3 0 0 5 0 0 0 7 5 2 0 7 5 0 0 0 7 3 0 0 5 2 3 0 0 5 0 0 0 7 3 0 0 5 2 10 3 0 0 5 2 7 5 0 0 0 7 5 0 0 0 7 3 0 0 5 2 3 0 0 5 0 0 0 7 5 2 0 7 5 0 0 0 7 7 8 9 5 2 7 5 0 0 0 7 7 8 9 5 2 7 5 0 0 0 7 7 8 9 5 2 0 7 5 0 0 0 7 1 6 3 0 0 5 2 3 0 0 5 0 0 0 7 5 2 0 7 5 0 0 0 7 7 8 9 5 2 7 5 0 0 0 7 7 8 9 5 2 7 5 0 0 0 7 7 8 9 5 2 7 5 0 0 0 7 7 8 9 1 6 3 0 0 5 2 10 3 0 0 5 2 10 3 0 0 5 2 10 3 0 0 5 2 10 3 0 0 5 2 10 3 0 0 5 2 10 3 0 0 5 2 10 3 0 0 5 2 7 5 0 0 0 7 5 0 0 0 7 5 0 0 0 7 5 0 0 0 7 5 0 0 0 7 5 0 0 0 7 5 0 0 0 7 5 0 0 0 7 7 8 9 5 2 0 7 5 0 0 0 7 7 8 9 5 2 0 7 5 0 0 0 7 7 1 6 1 6 6 9 6 1 6 6 9 6 9 6 9 6 9 6 9 6 9 9 6 9 6 1 6 1 9 6 9 6 17 4 1 3 0 1 0 3 0 1 3 0 3 0 20 21 9 6 0 0 3 0 0 20 21 9 6 0 0 0 3 0 0 1 8 4 1 3 2 0 3 0 1 3 0 3 2 3 0 20 21 9 6 0 0 3 0 0 20 21 9 6 0 0 0 3 0 0 1 17 4 1 3 0 0 3 0 1 3 0 3 0 20 21 9 6 0 0 3 0 0 20 21 9 6 0 0 0 3 0 0 1 8 4 1 3 0 0 3 0 1 3 0 3 2 3 0 20 21 9 6 0 0 3 0 0 20 21 9 6 0 0 0 3 0 0 1 8 1 4 9 1 6 5 0 0 3 0 0 3 0 0 2 3 0 5 0 0 10 3 0 5 0 10 3 0 20 21 9 6 0 0 0 10 1 6 0 0 22 0 10 5 0 0 3 0 3 0 0 7 0 3 0 0 3 0 0 16 2 8 9 4 9 5 0 0 10 3 0 5 0 10 3 0 0 0 2 10 3 0 0 0 10 3 0 0 5 0 10 9 6 1 6 0 22 0 0 0 10 3 0 3 0 0 5 0 3 2 0 0 7 0 0 8 1 5 0 3 0 0 3 0 0 2 3 0 3 0 7 0 8 1 4 9 1 6 0 0 0 20 21 9 6 0 0 0 10 5 0 3 0 0 3 0 0 2 7 0 8 9 5 0 0 7 0 0 2 7 0 0 1 1 1 6 1 1 1 9 6 9 6 9 6 9 9 6 8 4 9 4 9 5 0 7 5 0 0 10 3 0 0 0 5 0 10 3 0 9 0 20 21 9 6 0 0 0 10 3 0 0 0 0 9 6 20 21 1 1 1 6 2 2 10 9 6 9 2 5 0 0 10 3 0 20 21 9 6 0 0 0 10 5 0 0 0 0 10 3 0 12 5 0 12 5 0 3 2 0 5 0 3 0 0 0 0 8 1 3 2 9 6 9 20 21 9 6 0 0 10 3 0 0 5 0 10 3 0 0 3 0 20 21 9 6 0 0 10 5 0 0 0 10 20 21 9 6 0 0 10 5 0 0 0 10 3 0 0 5 0 0 0 10 3 0 0 20 21 9 6 0 0 10 5 0 0 10 3 0 9 3 0 0 3 2 0 3 0 3 2 3 2 9 6 9 2 20 21 9 6 0 2 0 10 3 0 0 9 2 0 7 1 0 0 0 8 8 8 3 0 20 21 9 6 0 0 10 1 6 0 0 23 0 10 5 0 0 10 3 0 0 3 0 0 0 19 0 11 3 2 12 11 3 2 12 11 3 2 12 11 3 2 12 11 3 2 12 11 3 2 12 11 3 2 12 11 3 2 12 11 3 2 12 11 3 2 12 11 3 2 12 3 0 0 3 0 8 4 9 4 9 1 6 0 0 22 0 0 10 5 0 10 3 0 0 1 12 3 0 0 3 0 0 0 0 3 0 0 3 0 0 18 9 6 1 6 9 6 1 6 1 1 
69	24 9 6 9 6 9 6 9 6 9 6 9 6 9 6 9 6 9 6 9 6 9 6 9 6 9 6 9 6 9 6 9 6 9 6 9 6 9 6 9 6 9 6 9 6 9 6 9 6 9 6 9 6 9 6 9 6 9 6 9 6 9 6 9 6 9 6 9 6 9 6 9 6 9 6 9 6 9 6 9 6 9 6 9 6 9 6 9 6 9 6 9 6 9 6 9 6 9 6 9 6 9 6 9 6 9 6 9 6 9 6 9 6 9 6 9 6 9 6 9 6 9 6 9 6 9 6 9 6 9 6 9 6 9 6 1 6 
70	18 9 6 9 6 9 6 1 6 1 9 6 9 6 9 6 9 6 9 6 8 9 1 6 15 3 0 1 2 13 14 3 0 3 2 0 7 5 0 3 2 2 1 2 1 2 3 0 1 2 3 0 1 2 3 2 1 2 7 8 9 5 0 3 2 2 0 1 6 1 3 2 1 0 3 2 1 0 3 2 1 0 3 0 3 2 0 7 8 3 2 3 0 3 0 3 0 3 0 3 0 3 0 7 8 9 6 5 0 3 0 22 0 10 5 0 10 5 0 0 10 3 2 10 3 0 3 0 10 5 2 12 1 1 1 6 0 8 4 1 1 1 3 0 0 8 9 4 9 4 9 19 0 11 5 0 10 3 0 7 5 0 7 5 0 7 7 11 5 0 10 3 0 3 0 7 5 0 7 7 11 5 0 10 3 0 3 0 7 7 11 5 0 10 3 0 3 0 7 5 0 7 7 11 7 8 9 4 9 4 9 7 2 2 0 0 0 8 9 4 9 4 9 3 0 0 3 0 0 7 0 8 9 4 9 4 9 4 9 3 0 0 3 0 0 15 3 0 2 13 14 7 0 7 2 0 0 8 9 19 0 11 3 0 7 2 11 3 0 7 2 11 7 2 11 7 2 11 7 2 11 7 2 11 7 2 11 7 2 11 7 2 11 7 2 11 7 2 11 3 0 7 2 11 3 0 7 2 11 3 0 7 2 11 7 2 11 7 2 11 7 2 11 7 2 11 7 2 11 7 2 8 9 4 9 15 3 0 2 13 14 3 2 0 7 19 0 11 5 0 7 2 12 11 5 0 7 2 12 11 5 0 7 2 12 11 5 0 7 2 12 11 5 0 7 2 5 0 7 2 5 0 7 2 5 0 7 2 12 11 7 2 0 11 7 2 0 11 5 0 7 2 12 11 12 7 2 0 8 9 4 9 4 9 5 0 0 7 2 0 15 3 0 2 13 14 3 2 0 7 19 0 11 7 2 0 11 7 2 0 11 12 7 2 0 8 9 4 9 4 9 5 0 0 7 2 0 15 3 0 2 13 14 3 2 0 7 19 0 11 5 0 7 2 12 11 7 2 0 11 12 7 2 0 8 9 4 9 4 9 5 0 0 7 2 0 15 3 0 2 13 14 3 2 0 7 19 0 11 5 0 7 2 12 11 12 7 2 0 8 4 9 5 0 0 0 10 3 0 0 0 3 0 0 0 8 4 9 4 9 23 0 0 10 3 0 0 0 0 8 4 9 4 9 3 2 0 3 2 0 8 4 9 4 9 23 0 0 10 3 2 0 0 8 4 9 3 2 0 0 3 2 0 0 9 6 9 6 8 9 4 9 4 9 9 6 9 6 3 0 9 6 3 0 0 9 6 6 20 21 10 5 0 3 2 5 0 10 9 6 0 23 0 0 10 19 0 0 11 5 0 10 5 0 3 0 3 2 5 0 10 5 0 3 0 5 0 10 5 0 3 0 3 2 5 0 10 5 0 3 0 3 2 5 0 3 2 5 0 3 2 5 0 3 2 5 0 3 0 0 5 0 10 5 0 3 0 3 2 5 0 3 0 0 12 11 5 0 3 2 12 11 5 0 0 3 0 12 11 5 0 0 3 0 12 11 5 0 3 0 0 12 11 5 0 3 0 0 12 11 5 0 0 3 0 12 11 5 0 3 0 0 12 11 5 0 3 0 0 12 11 5 0 12 5 0 3 0 3 2 12 11 5 0 3 2 12 11 5 0 3 2 12 11 5 0 0 3 0 12 11 5 0 3 2 12 11 5 0 3 2 12 11 5 0 3 2 12 11 5 0 3 0 0 12 11 5 0 3 2 12 11 5 0 3 2 12 11 5 0 3 2 12 11 5 0 3 2 12 11 5 0 3 2 12 11 5 0 3 2 12 11 5 0 3 2 12 11 5 0 0 3 0 12 11 5 0 0 3 0 12 11 5 0 0 3 0 12 11 5 0 3 0 0 12 11 5 0 3 2 12 11 5 0 12 5 0 3 0 3 2 12 11 5 0 12 5 0 3 0 3 0 0 12 11 5 0 0 3 0 12 11 5 0 3 2 12 11 5 0 0 3 0 12 11 5 0 12 5 0 3 0 3 2 12 11 12 5 0 10 9 6 0 23 0 0 10 19 0 0 11 5 0 10 5 0 3 0 3 2 5 0 3 2 12 11 5 0 3 0 12 11 5 0 3 2 12 11 5 0 3 2 12 11 5 0 3 2 12 11 3 2 12 11 5 0 3 2 12 11 5 0 12 5 0 3 0 3 2 12 11 5 0 3 2 12 11 5 0 3 2 12 11 5 0 3 2 12 11 5 0 3 2 12 11 12 10 9 6 9 0 9 6 0 9 6 0 9 6 0 9 6 0 23 0 0 10 19 0 0 11 5 2 0 0 0 0 0 0 3 0 12 11 5 2 0 0 0 0 0 3 2 12 11 5 2 0 0 0 0 0 3 2 12 11 12 5 0 10 3 0 0 3 0 0 3 0 3 0 5 0 0 0 0 0 7 0 15 3 0 2 13 14 7 0 8 9 4 9 4 9 19 0 11 5 0 7 7 11 7 8 9 4 9 4 9 7 2 2 0 0 0 8 9 4 9 4 9 4 9 3 0 0 3 0 0 15 3 0 2 13 14 7 0 7 2 0 0 8 9 19 0 11 3 0 7 2 11 7 2 11 7 2 8 9 4 9 15 3 0 2 13 14 3 2 0 7 19 0 11 5 0 7 2 5 0 7 2 12 11 5 0 7 2 12 11 12 7 2 0 8 9 4 9 4 9 9 6 9 6 3 0 9 6 3 0 0 9 6 6 20 21 10 5 0 3 2 5 0 10 9 6 0 23 0 0 10 19 0 0 11 5 0 10 5 0 3 0 3 2 5 0 3 0 0 12 11 5 0 3 0 0 12 11 5 0 0 3 0 12 11 5 0 3 0 0 12 11 5 0 0 3 0 12 11 5 0 3 2 12 11 5 0 0 3 0 12 11 5 0 12 5 0 3 0 3 2 12 11 12 5 0 10 9 6 0 23 0 0 10 19 0 0 11 5 0 3 2 12 11 5 0 3 0 12 11 5 0 3 2 12 11 5 0 3 2 12 11 5 0 3 2 12 11 12 10 9 6 9 0 9 6 0 9 6 0 9 6 0 9 6 0 23 0 0 10 19 0 0 11 5 2 0 0 0 0 0 0 3 0 12 11 12 5 0 10 3 0 0 3 0 0 3 0 3 0 5 0 0 0 0 0 7 0 15 3 0 2 13 14 7 0 8 9 4 9 4 9 19 0 11 5 0 7 5 0 10 3 0 7 5 0 10 3 0 7 7 11 5 0 7 5 0 10 3 0 3 0 7 5 0 10 3 0 3 0 7 5 0 7 7 11 5 0 10 3 0 3 0 7 5 0 10 3 0 3 0 7 7 11 5 0 7 5 0 10 3 0 3 0 7 7 11 5 0 10 3 0 3 0 7 7 11 7 8 9 4 9 4 9 7 2 2 0 0 0 8 9 4 9 4 9 4 9 3 0 0 3 0 0 15 3 0 2 13 14 7 0 7 2 0 0 8 9 19 0 11 3 0 7 2 11 7 2 11 7 2 11 7 2 11 7 2 8 9 4 9 15 3 0 2 13 14 3 2 0 7 19 0 11 5 0 7 2 12 11 5 0 7 2 12 11 5 0 7 2 12 11 7 2 0 11 7 2 0 11 12 7 2 0 8 9 4 9 4 9 5 0 0 7 2 0 15 3 0 2 13 14 3 2 0 7 19 0 11 7 2 0 11 7 2 0 11 12 7 2 0 8 9 4 9 4 9 5 0 0 7 2 0 15 3 0 2 13 14 3 2 0 7 19 0 11 7 2 0 11 5 0 7 2 12 11 12 7 2 0 8 9 4 9 4 9 5 0 0 7 2 0 15 3 0 2 13 14 3 2 0 7 19 0 11 7 2 0 11 12 7 2 0 8 9 4 9 4 9 5 0 0 7 2 0 15 3 0 2 13 14 3 2 0 7 19 0 11 5 0 7 2 12 11 12 7 2 0 8 9 4 9 4 9 9 6 9 6 3 0 9 6 3 0 0 9 6 6 20 21 10 5 0 3 2 5 0 10 9 6 0 23 0 0 10 19 0 0 11 5 0 10 5 0 3 0 3 2 5 0 10 5 0 3 0 3 2 5 0 3 2 5 0 3 0 0 12 11 5 0 10 5 0 3 0 3 2 5 0 10 5 0 3 0 5 0 3 2 5 0 3 0 0 12 11 5 0 12 5 0 3 0 3 2 12 11 5 0 12 5 0 3 0 3 2 12 11 5 0 12 5 0 3 0 3 2 12 11 5 0 3 0 0 12 11 5 0 0 3 0 12 11 5 0 3 0 0 12 11 5 0 3 2 12 11 5 0 12 5 0 3 0 3 2 12 11 5 0 0 3 0 12 11 5 0 3 2 12 11 5 0 0 3 0 12 11 5 0 12 5 0 3 0 3 2 12 11 5 0 3 2 12 11 5 0 0 3 0 12 11 5 0 0 3 0 12 11 5 0 3 0 0 12 11 5 0 3 2 12 11 5 0 0 3 0 12 11 5 0 0 3 0 12 11 5 0 3 0 0 12 11 12 5 0 10 9 6 0 23 0 0 10 19 0 0 11 5 0 10 5 0 3 0 3 2 5 0 3 2 5 0 3 2 12 11 5 0 12 5 0 3 0 3 2 12 11 5 0 10 5 0 3 0 3 2 5 0 3 0 0 5 0 3 0 0 12 11 5 0 10 5 0 3 0 3 2 5 0 3 0 0 12 11 5 0 10 5 0 3 0 3 2 5 0 10 5 0 3 0 3 2 12 11 5 0 3 0 12 11 5 0 12 5 0 3 0 3 2 12 11 5 0 3 2 12 11 5 0 3 2 12 11 5 0 3 2 12 11 5 0 3 2 12 11 5 0 3 2 12 11 5 0 12 5 0 3 0 3 2 12 11 5 0 3 0 0 12 11 12 10 9 6 9 0 9 6 0 9 6 0 9 6 0 9 6 0 23 0 0 10 19 0 0 11 5 2 0 0 0 0 0 0 3 0 12 11 12 5 0 10 3 0 0 3 0 0 3 0 3 0 5 0 0 0 0 0 7 0 15 3 0 2 13 14 7 0 8 9 4 9 4 9 19 0 11 5 0 7 5 0 7 7 11 7 8 9 4 9 4 9 7 2 2 0 0 0 8 9 4 9 4 9 4 9 3 0 0 3 0 0 15 3 0 2 13 14 7 0 7 2 0 0 8 9 19 0 11 3 0 7 2 11 3 0 7 2 11 7 2 8 9 4 9 15 3 0 2 13 14 3 2 0 7 19 0 11 5 0 7 2 12 11 5 0 7 2 12 11 5 0 7 2 12 11 12 7 2 0 8 9 4 9 4 9 9 6 9 6 3 0 9 6 3 0 0 9 6 6 20 21 10 5 0 3 2 5 0 10 9 6 0 23 0 0 10 19 0 0 11 5 0 3 0 0 12 11 5 0 10 5 0 3 0 3 2 5 0 10 5 0 3 0 3 2 5 0 3 2 5 0 3 2 12 11 5 0 3 2 5 0 10 5 0 3 0 12 11 5 0 3 2 5 0 3 0 0 5 0 10 5 0 3 0 12 11 5 0 3 2 12 11 5 0 3 2 12 11 5 0 0 3 0 12 11 5 0 3 2 12 11 5 0 12 5 0 3 0 3 2 12 11 5 0 3 0 0 12 11 5 0 12 5 0 3 0 3 0 0 12 11 5 0 3 0 0 12 11 5 0 0 3 0 12 11 5 0 0 3 0 12 11 5 0 3 2 12 11 5 0 0 3 0 12 11 5 0 12 5 0 3 0 3 2 12 11 12 5 0 10 9 6 0 23 0 0 10 19 0 0 11 5 0 3 0 0 12 11 5 0 10 5 0 3 0 3 2 5 0 3 2 5 0 3 2 12 11 5 0 3 2 5 0 3 2 5 0 3 2 12 11 5 0 3 2 5 0 3 2 5 0 3 0 0 12 11 5 0 3 2 12 11 5 0 3 0 0 12 11 5 0 12 5 0 3 0 3 2 12 11 5 0 3 2 12 11 5 0 12 5 0 3 0 3 2 12 11 5 0 3 0 12 11 5 0 3 2 12 11 5 0 3 2 12 11 5 0 3 2 12 11 5 0 3 2 12 11 12 10 9 6 9 0 9 6 0 9 6 0 9 6 0 9 6 0 23 0 0 10 19 0 0 11 5 2 0 0 0 0 0 12 5 0 3 0 3 2 12 11 5 2 0 0 0 0 0 0 3 0 12 11 12 5 0 10 3 0 0 3 0 0 3 0 3 0 5 0 0 0 0 0 7 0 15 3 0 2 13 14 7 0 8 9 4 9 4 9 19 0 11 5 0 7 7 11 7 8 9 4 9 4 9 7 2 2 0 0 0 8 9 4 9 4 9 4 9 3 0 0 3 0 0 15 3 0 2 13 14 7 0 7 2 0 0 8 9 19 0 11 3 0 7 2 11 7 2 11 7 2 8 9 4 9 15 3 0 2 13 14 3 2 0 7 19 0 11 5 0 7 2 5 0 7 2 12 11 5 0 7 2 12 11 12 7 2 0 8 9 4 9 4 9 9 6 9 6 3 0 9 6 3 0 0 9 6 6 20 21 10 5 0 3 2 5 0 10 9 6 0 23 0 0 10 19 0 0 11 5 0 10 5 0 3 0 3 2 5 0 3 0 0 12 11 5 0 3 0 0 12 11 5 0 0 3 0 12 11 5 0 3 0 0 12 11 5 0 0 3 0 12 11 5 0 3 2 12 11 5 0 0 3 0 12 11 5 0 12 5 0 3 0 3 2 12 11 12 5 0 10 9 6 0 23 0 0 10 19 0 0 11 5 0 3 2 12 11 5 0 3 0 12 11 5 0 3 2 12 11 5 0 3 2 12 11 5 0 3 2 12 11 12 10 9 6 9 0 9 6 0 9 6 0 9 6 0 9 6 0 23 0 0 10 19 0 0 11 5 2 0 0 0 0 0 0 3 0 12 11 12 5 0 10 3 0 0 3 0 0 3 0 3 0 5 0 0 0 0 0 7 0 15 3 0 2 13 14 7 0 8 9 4 9 4 9 19 0 11 5 0 7 7 11 7 8 9 4 9 4 9 7 2 2 0 0 0 8 9 4 9 4 9 4 9 3 0 0 3 0 0 15 3 0 2 13 14 7 0 7 2 0 0 8 9 19 0 11 3 0 7 2 11 7 2 8 9 4 9 15 3 0 2 13 14 3 2 0 7 19 0 11 5 0 7 2 12 11 5 0 7 2 12 11 12 7 2 0 8 9 4 9 4 9 9 6 9 6 3 0 9 6 3 0 0 9 6 6 20 21 10 5 0 3 2 5 0 10 9 6 0 23 0 0 10 19 0 0 11 5 0 10 5 0 3 0 5 0 10 5 0 3 0 3 2 5 0 3 0 0 5 0 3 0 0 12 11 5 0 3 0 0 12 11 5 0 0 3 0 12 11 5 0 3 0 0 12 11 5 0 0 3 0 12 11 5 0 0 3 0 12 11 5 0 3 0 0 12 11 5 0 0 3 0 12 11 5 0 3 2 12 11 5 0 0 3 0 12 11 5 0 12 5 0 3 0 3 2 12 11 12 5 0 10 9 6 0 23 0 0 10 19 0 0 11 5 0 3 2 12 11 5 0 3 0 12 11 5 0 3 2 12 11 5 0 3 2 12 11 5 0 3 2 12 11 12 10 9 6 9 0 9 6 0 9 6 0 9 6 0 9 6 0 23 0 0 10 19 0 0 11 5 2 0 0 0 0 0 0 3 0 12 11 12 5 0 10 3 0 0 3 0 0 3 0 3 0 5 0 0 0 0 0 7 0 15 3 0 2 13 14 7 0 8 9 4 9 4 9 19 0 11 5 0 7 5 0 10 3 0 7 7 11 5 0 7 5 0 10 3 0 3 0 7 7 11 5 0 10 3 0 3 0 7 7 11 5 0 10 3 0 3 0 7 5 0 7 7 11 7 8 9 4 9 4 9 7 2 2 0 0 0 8 9 4 9 4 9 4 9 3 0 0 3 0 0 15 3 0 2 13 14 7 0 7 2 0 0 8 9 19 0 11 3 0 7 2 11 7 2 11 7 2 11 7 2 11 7 2 11 7 2 8 9 4 9 15 3 0 2 13 14 3 2 0 7 19 0 11 5 0 7 2 12 11 5 0 7 2 12 11 7 2 0 11 7 2 0 11 12 7 2 0 8 9 4 9 4 9 5 0 0 7 2 0 15 3 0 2 13 14 3 2 0 7 19 0 11 7 2 0 11 7 2 0 11 12 7 2 0 8 9 4 9 4 9 5 0 0 7 2 0 15 3 0 2 13 14 3 2 0 7 19 0 11 5 0 7 2 12 11 7 2 0 11 12 7 2 0 8 9 4 9 4 9 5 0 0 7 2 0 15 3 0 2 13 14 3 2 0 7 19 0 11 5 0 7 2 12 11 12 7 2 0 8 9 4 9 4 9 9 6 9 6 3 0 9 6 3 0 0 9 6 6 20 21 10 5 0 3 2 5 0 10 9 6 0 23 0 0 10 19 0 0 11 5 0 10 5 0 3 0 3 2 5 0 3 0 0 5 0 3 0 0 12 11 5 0 3 0 0 12 11 5 0 0 3 0 12 11 5 0 3 0 0 12 11 5 0 12 5 0 3 0 3 0 0 12 11 5 0 3 0 0 12 11 5 0 0 3 0 12 11 5 0 3 2 12 11 5 0 0 3 0 12 11 5 0 12 5 0 3 0 3 2 12 11 12 5 0 10 9 6 0 23 0 0 10 19 0 0 11 5 0 10 5 0 3 0 3 2 5 0 3 2 12 11 5 0 3 0 12 11 5 0 12 5 0 3 0 3 2 12 11 5 0 0 3 0 12 11 5 0 3 2 12 11 5 0 3 2 12 11 5 0 3 2 12 11 5 0 3 2 12 11 12 10 9 6 9 0 9 6 0 9 6 0 9 6 0 9 6 0 23 0 0 10 19 0 0 11 5 2 0 0 0 0 0 0 3 0 12 11 12 5 0 10 3 0 0 3 0 0 3 0 3 0 5 0 0 0 0 0 7 0 15 3 0 2 13 14 7 0 8 9 4 9 4 9 19 0 11 5 0 7 5 0 10 3 0 7 5 0 7 7 11 5 0 7 5 0 10 3 0 3 0 7 7 11 5 0 10 3 0 3 0 7 7 11 5 0 10 3 0 3 0 7 5 0 7 7 11 7 8 9 4 9 4 9 7 2 2 0 0 0 8 9 4 9 4 9 4 9 3 0 0 3 0 0 15 3 0 2 13 14 7 0 7 2 0 0 8 9 19 0 11 3 0 7 2 11 7 2 11 7 2 11 7 2 11 7 2 11 7 2 11 7 2 11 7 2 11 7 2 11 7 2 11 7 2 8 9 4 9 15 3 0 2 13 14 3 2 0 7 19 0 11 5 0 7 2 12 11 5 0 7 2 12 11 5 0 7 2 12 11 7 2 0 11 7 2 0 11 12 7 2 0 8 9 4 9 4 9 5 0 0 7 2 0 15 3 0 2 13 14 3 2 0 7 19 0 11 7 2 0 11 7 2 0 11 12 7 2 0 8 9 4 9 4 9 5 0 0 7 2 0 15 3 0 2 13 14 3 2 0 7 19 0 11 5 0 7 2 12 11 7 2 0 11 12 7 2 0 8 9 4 9 4 9 5 0 0 7 2 0 15 3 0 2 13 14 3 2 0 7 19 0 11 5 0 7 2 12 11 12 7 2 0 8 9 4 9 4 9 9 6 9 6 3 0 9 6 3 0 0 9 6 6 20 21 10 5 0 3 2 5 0 10 9 6 0 23 0 0 10 19 0 0 11 5 0 10 5 0 3 0 3 2 5 0 10 5 0 3 0 3 2 5 0 10 5 0 3 0 3 2 5 0 3 0 0 5 0 3 2 5 0 3 2 5 0 3 2 5 0 3 0 0 12 11 5 0 3 0 0 12 11 5 0 0 3 0 12 11 5 0 3 0 0 12 11 5 0 12 5 0 3 0 3 2 12 11 5 0 3 2 12 11 5 0 3 2 12 11 5 0 0 3 0 12 11 5 0 3 2 12 11 5 0 3 2 12 11 5 0 3 2 12 11 5 0 3 0 0 12 11 5 0 3 2 12 11 5 0 3 2 12 11 5 0 3 2 12 11 5 0 3 2 12 11 5 0 3 2 12 11 5 0 3 2 12 11 5 0 3 2 12 11 5 0 0 3 0 12 11 5 0 3 2 12 11 5 0 12 5 0 3 0 3 2 12 11 5 0 12 5 0 3 0 3 0 0 12 11 5 0 3 0 0 12 11 5 0 0 3 0 12 11 5 0 3 2 12 11 5 0 0 3 0 12 11 5 0 12 5 0 3 0 3 2 12 11 12 5 0 10 9 6 0 23 0 0 10 19 0 0 11 5 0 10 5 0 3 0 3 2 5 0 3 2 12 11 5 0 3 0 12 11 5 0 3 2 12 11 5 0 3 2 12 11 5 0 3 2 12 11 3 2 12 11 5 0 3 2 12 11 5 0 12 5 0 3 0 3 2 12 11 5 0 0 3 0 12 11 5 0 3 2 12 11 5 0 3 2 12 11 5 0 3 2 12 11 5 0 3 2 12 11 12 10 9 6 9 0 9 6 0 9 6 0 9 6 0 9 6 0 23 0 0 10 19 0 0 11 5 2 0 0 0 0 0 0 3 0 12 11 5 2 0 0 0 0 0 3 2 12 11 5 2 0 0 0 0 0 3 2 12 11 12 5 0 10 3 0 0 3 0 0 3 0 3 0 5 0 0 0 0 0 7 0 15 3 0 2 13 14 7 0 8 9 4 9 4 9 19 0 11 5 0 7 5 0 10 3 0 7 7 11 5 0 7 5 0 10 3 0 3 0 7 7 11 5 0 10 3 0 3 0 7 7 11 5 0 10 3 0 3 0 7 5 0 7 7 11 7 8 9 4 9 4 9 7 2 2 0 0 0 8 9 4 9 4 9 4 9 3 0 0 3 0 0 15 3 0 2 13 14 7 0 7 2 0 0 8 9 19 0 11 3 0 7 2 11 7 2 11 7 2 11 7 2 11 7 2 11 7 2 11 7 2 8 9 4 9 15 3 0 2 13 14 3 2 0 7 19 0 11 5 0 7 2 12 11 5 0 7 2 12 11 7 2 0 11 7 2 0 11 12 7 2 0 8 9 4 9 4 9 5 0 0 7 2 0 15 3 0 2 13 14 3 2 0 7 19 0 11 7 2 0 11 7 2 0 11 12 7 2 0 8 9 4 9 4 9 5 0 0 7 2 0 15 3 0 2 13 14 3 2 0 7 19 0 11 5 0 7 2 12 11 7 2 0 11 12 7 2 0 8 9 4 9 4 9 5 0 0 7 2 0 15 3 0 2 13 14 3 2 0 7 19 0 11 5 0 7 2 12 11 12 7 2 0 8 9 4 9 4 9 9 6 9 6 3 0 9 6 3 0 0 9 6 6 20 21 10 5 0 3 2 5 0 10 9 6 0 23 0 0 10 19 0 0 11 5 0 10 5 0 3 0 3 2 5 0 3 0 0 5 0 3 0 0 12 11 5 0 3 0 0 12 11 5 0 0 3 0 12 11 5 0 3 0 0 12 11 5 0 12 5 0 3 0 3 0 0 12 11 5 0 3 0 0 12 11 5 0 0 3 0 12 11 5 0 3 2 12 11 5 0 0 3 0 12 11 5 0 12 5 0 3 0 3 2 12 11 12 5 0 10 9 6 0 23 0 0 10 19 0 0 11 5 0 10 5 0 3 0 3 2 5 0 3 2 12 11 5 0 3 0 12 11 5 0 12 5 0 3 0 3 2 12 11 5 0 0 3 0 12 11 5 0 3 2 12 11 5 0 3 2 12 11 5 0 3 2 12 11 5 0 3 2 12 11 12 10 9 6 9 0 9 6 0 9 6 0 9 6 0 9 6 0 23 0 0 10 19 0 0 11 5 2 0 0 0 0 0 0 3 0 12 11 12 5 0 10 3 0 0 3 0 0 3 0 3 0 5 0 0 0 0 0 7 0 15 3 0 2 13 14 7 0 9 6 8 9 4 9 4 9 4 9 4 9 4 9 19 0 11 7 0 0 0 11 5 0 0 0 7 7 1 6 1 6 9 6 9 6 9 6 9 6 9 6 1 6 9 6 9 9 6 9 1 6 9 6 9 6 9 6 17 4 1 3 0 0 17 4 1 4 9 3 0 3 2 0 8 4 1 3 0 0 3 0 0 3 0 0 3 2 8 9 6 3 0 20 21 0 0 3 0 0 8 4 1 4 9 3 2 0 3 2 0 8 4 9 5 0 0 16 1 0 0 3 0 0 8 1 1 6 2 0 3 0 0 1 6 0 0 3 0 0 2 0 3 0 2 3 0 2 3 0 2 3 0 2 7 0 9 6 9 6 9 6 9 6 9 6 9 6 8 1 9 6 1 6 1 6 9 6 20 21 10 15 3 0 2 13 14 3 0 3 0 2 3 0 0 7 0 3 0 3 0 20 21 10 19 0 11 3 0 3 0 3 0 2 12 11 3 0 3 0 3 0 2 5 0 0 10 3 0 12 11 3 0 3 0 3 0 2 5 0 0 10 3 0 12 11 3 0 3 0 3 0 2 12 11 3 0 3 0 3 0 2 5 0 0 10 3 0 12 11 3 0 3 0 3 0 2 5 0 0 10 3 0 12 11 3 0 3 0 3 0 2 5 0 0 10 3 0 12 11 3 0 3 0 3 0 2 5 0 0 10 3 0 12 11 3 0 3 0 3 0 2 5 0 0 10 3 0 12 5 0 10 5 0 0 3 2 0 0 5 0 0 0 10 3 0 2 3 0 0 3 2 0 5 0 0 3 0 0 0 7 0 5 0 0 0 10 5 0 0 0 10 3 0 2 5 0 3 0 0 10 3 0 0 3 0 0 0 3 2 0 3 2 5 0 0 3 0 0 0 26 3 2 5 0 0 3 0 0 0 3 0 3 0 15 3 0 2 26 13 14 9 6 2 9 6 2 1 6 9 6 15 3 2 3 2 13 14 3 0 3 0 0 2 5 0 0 10 3 0 3 0 3 0 5 0 10 3 2 3 0 0 2 16 1 0 0 0 0 0 0 0 8 4 1 19 0 11 5 0 3 0 1 1 2 0 0 0 3 2 2 0 0 0 3 2 3 0 5 0 3 2 3 2 12 11 5 0 3 0 1 1 2 0 0 0 3 2 2 0 0 0 5 0 3 2 3 2 3 0 3 2 12 11 12 8 3 0 0 0 19 0 11 5 0 3 0 1 1 2 0 3 2 2 0 3 0 5 0 10 5 0 0 10 3 0 3 2 3 0 5 0 3 2 0 3 2 3 2 0 12 11 5 0 3 0 1 1 2 0 3 2 2 0 3 0 5 0 10 5 0 0 10 3 0 3 2 3 0 5 0 3 2 0 3 2 3 2 0 12 11 5 0 3 0 1 1 2 0 3 2 2 0 3 0 5 0 10 5 0 0 10 3 0 3 2 3 0 3 2 3 2 0 12 11 5 0 3 0 1 1 2 0 3 2 2 0 3 0 3 2 3 0 3 2 3 2 0 12 11 5 0 3 0 1 1 2 0 3 2 2 0 3 0 3 0 3 2 3 2 0 12 11 5 0 3 0 1 1 2 0 3 2 2 0 3 0 5 0 10 5 0 0 0 0 10 3 0 3 2 3 0 5 0 3 2 0 3 2 3 2 0 12 11 12 8 4 1 19 0 11 5 0 3 0 1 1 2 0 0 0 3 2 2 0 0 0 5 0 3 0 5 0 0 3 2 0 12 11 5 0 3 0 1 1 2 0 0 0 3 2 2 0 0 0 3 2 12 11 5 0 3 0 1 1 2 0 0 0 3 2 2 0 0 0 3 2 0 12 11 5 0 3 0 1 1 2 0 0 0 3 2 2 0 0 0 5 0 10 3 0 5 0 3 2 0 3 2 3 0 3 2 0 5 0 10 3 0 5 0 0 3 2 0 12 11 5 0 3 0 1 1 2 0 0 0 3 2 2 0 0 0 3 0 3 2 12 11 5 0 3 0 1 1 2 0 0 0 3 2 2 0 0 0 3 0 3 2 12 11 5 0 3 0 1 1 2 0 0 0 3 2 2 0 0 0 3 0 3 2 12 11 5 0 3 0 1 1 2 0 0 0 3 2 2 0 0 0 5 0 0 0 0 3 2 12 11 5 0 3 0 1 1 2 0 0 0 3 2 2 0 0 0 5 0 3 2 3 2 5 0 3 0 5 0 3 0 12 11 5 0 3 0 1 1 2 0 0 0 3 2 2 0 0 0 3 0 3 2 12 11 5 0 3 0 1 1 2 0 0 0 3 2 2 0 0 0 3 2 0 12 11 5 0 3 0 1 1 2 0 0 0 3 2 2 0 0 0 3 2 0 12 11 5 0 3 0 1 1 2 0 0 0 3 2 2 0 0 0 3 0 3 2 12 11 5 0 3 0 1 1 2 0 0 0 3 2 2 0 0 0 3 0 0 3 0 12 11 5 0 3 0 1 1 2 0 0 0 3 2 2 0 0 0 5 0 0 0 0 10 3 2 12 11 5 0 3 0 1 1 2 0 0 0 3 2 2 0 0 0 3 2 3 0 5 0 3 2 0 3 2 0 12 11 5 0 3 0 1 1 2 0 0 0 3 2 2 0 0 0 3 2 12 11 12 1 
71	24 9 6 9 6 9 6 9 6 9 6 9 6 9 6 9 6 9 6 9 6 9 6 9 6 9 6 9 6 9 6 9 6 9 6 9 6 9 6 9 6 9 6 9 6 9 6 9 6 9 6 9 6 9 6 9 6 9 6 9 6 9 6 9 6 9 6 9 6 9 6 9 6 9 6 9 6 1 6 
72	18 9 6 9 6 6 6 6 1 6 1 6 1 6 8 1 7 0 8 1 4 9 19 0 11 7 1 
73	18 9 6 9 6 9 6 9 6 9 6 8 1 4 1 1 6 1 9 6 20 21 9 6 0 2 0 10 19 2 0 11 26 11 3 2 26 11 3 2 26 11 3 2 26 11 3 2 26 11 3 2 26 11 3 2 26 11 3 2 26 11 3 2 26 11 5 0 2 0 0 10 1 6 2 0 3 2 2 2 2 10 3 2 0 26 7 2 8 1 4 9 4 9 4 9 4 9 4 1 4 9 7 0 0 0 2 2 0 9 0 2 0 8 1 7 25 17 17 4 1 4 9 3 0 3 0 0 17 4 9 4 9 4 9 4 9 4 1 4 9 4 9 3 2 0 0 0 0 0 0 0 1 
74	9 6 9 6 9 6 9 6 9 6 9 6 9 6 9 6 9 6 9 6 9 6 1 1 1 6 9 6 9 6 9 6 8 4 9 9 6 9 0 9 6 9 0 9 6 9 0 15 5 0 10 3 2 0 0 0 0 0 3 2 0 0 0 0 0 3 0 0 3 2 0 0 0 0 0 3 2 0 0 0 0 0 3 0 0 3 2 0 0 0 0 0 3 2 0 0 0 0 0 3 0 0 3 0 0 0 0 10 3 2 0 0 0 0 0 3 0 0 3 2 0 0 0 0 0 3 0 0 3 2 0 0 0 0 0 3 0 0 3 0 0 0 13 14 16 1 2 3 0 3 0 0 3 0 8 5 0 0 10 5 0 0 10 5 0 10 3 0 0 3 0 0 5 0 3 0 0 3 2 5 0 0 3 0 0 5 0 0 3 2 3 0 0 9 6 15 5 0 2 0 0 0 0 10 3 2 16 1 1 1 3 0 0 7 13 14 3 0 3 2 5 0 3 0 0 16 0 8 9 3 0 9 6 2 3 0 0 7 0 8 4 9 3 0 5 0 10 3 0 3 0 0 5 0 10 3 0 5 0 10 3 0 3 0 0 19 0 11 3 0 12 11 3 0 12 11 3 0 3 0 0 12 11 12 3 0 0 0 3 0 0 0 8 9 5 0 10 3 0 7 0 0 0 0 0 5 0 0 3 2 9 6 0 0 3 2 0 7 0 8 9 7 0 0 8 9 7 0 0 8 9 7 0 0 8 9 7 0 0 8 9 7 0 0 8 9 7 0 0 8 4 9 3 0 0 5 0 0 3 0 0 17 4 1 1 1 4 9 4 9 4 9 3 0 0 3 0 0 3 0 0 3 0 0 0 3 0 9 0 3 0 9 0 3 0 9 0 17 4 1 1 1 4 9 4 9 3 0 0 0 8 4 1 1 1 4 9 4 9 4 9 3 0 0 3 0 0 3 0 0 5 0 0 0 10 3 0 0 0 3 0 9 0 3 0 9 0 3 0 9 0 3 0 0 3 0 0 0 3 0 8 4 1 1 1 4 9 4 9 3 2 0 0 0 17 4 1 1 1 4 9 4 9 4 9 3 1 1 1 0 0 0 17 4 1 1 1 4 9 4 9 3 0 0 0 8 4 1 1 1 4 9 4 9 4 9 3 2 1 1 1 0 0 0 8 4 1 1 1 4 9 4 9 3 2 0 0 0 8 1 5 0 0 7 1 0 0 0 0 7 1 0 0 0 0 1 0 0 8 9 4 9 9 6 9 0 5 0 0 3 2 0 0 0 0 0 10 3 2 0 0 0 0 0 0 0 3 2 0 0 0 0 0 7 0 8 3 0 3 0 3 0 8 4 9 4 9 9 6 0 9 6 5 0 0 10 3 0 0 0 0 10 3 0 0 0 0 0 9 6 6 6 9 6 6 22 0 0 0 0 0 0 0 0 0 0 10 3 0 0 0 3 0 0 0 0 0 0 3 0 0 0 0 3 0 0 3 0 5 0 0 10 3 0 0 0 3 0 0 0 0 22 0 0 10 5 0 0 0 0 0 0 0 3 0 0 0 3 0 0 0 3 0 0 0 3 0 0 0 1 
75	1 6 1 6 8 1 4 1 8 9 7 0 8 1 7 0 
76	17 4 9 3 0 17 4 1 4 9 3 0 0 8 1 4 1 4 1 7 2 0 8 1 4 1 1 6 2 2 0 1 6 2 2 0 5 0 0 10 3 2 0 2 2 0 2 2 2 7 5 0 1 0 1 10 3 2 0 1 2 2 2 7 7 1 1 0 1 0 1 
77	17 4 9 3 0 17 4 1 4 9 3 0 0 8 1 4 1 4 1 7 2 0 8 1 4 1 7 1 2 0 8 9 4 1 1 6 2 1 6 2 5 0 0 10 3 2 0 2 2 2 7 5 2 0 10 5 2 0 10 7 7 1 
78	17 4 9 3 0 17 4 1 4 9 3 0 0 8 1 4 1 4 1 7 2 0 1 
79	17 4 9 3 0 17 4 1 4 9 3 0 0 8 1 4 1 4 1 7 2 0 8 9 4 1 4 1 9 6 6 2 20 21 0 0 0 0 3 2 2 0 0 0 7 1 
80	9 6 2 9 6 17 4 9 3 0 17 4 1 4 9 3 0 0 8 1 4 1 4 1 7 2 0 8 1 4 1 4 1 1 6 2 9 6 2 9 6 2 5 0 0 10 3 0 0 10 3 0 2 2 0 0 0 7 0 8 9 4 1 4 1 3 2 0 7 1 
81	1 6 1 6 9 6 17 4 9 3 0 17 4 1 4 9 3 0 0 8 1 4 1 4 1 7 2 0 8 1 4 1 4 1 3 25 0 0 5 2 0 10 3 0 3 0 1 2 2 2 0 3 2 0 0 3 2 2 2 5 2 0 2 10 3 0 3 0 1 2 0 2 3 2 0 0 3 2 2 2 10 3 0 7 0 8 9 4 1 4 1 5 0 10 3 2 0 0 10 3 2 3 2 0 7 8 4 1 3 0 0 7 8 1 7 0 1 
82	17 4 9 3 0 17 4 1 4 9 3 0 0 8 1 4 1 4 1 7 2 0 8 1 4 1 1 6 2 2 0 1 6 2 2 0 5 0 0 10 3 2 0 2 2 0 2 2 2 7 5 0 1 0 1 10 3 2 0 1 2 2 2 7 5 1 0 10 3 2 2 2 2 7 7 1 1 0 1 0 1 
83	17 4 9 3 0 17 4 1 4 9 3 0 0 8 1 4 1 4 1 7 2 0 8 9 4 1 7 2 2 0 8 9 4 1 4 1 7 2 2 0 0 1 
84	17 4 9 3 0 17 4 1 4 9 3 0 0 8 1 4 1 4 1 7 2 0 8 9 4 1 7 1 
85	17 4 9 3 0 17 4 1 4 9 3 0 0 8 1 4 1 4 1 7 2 0 8 9 4 1 1 6 2 2 0 1 6 2 2 0 5 0 0 10 3 2 0 2 2 0 2 2 2 7 5 2 2 2 10 7 2 0 10 3 2 2 2 2 2 2 7 8 1 4 1 9 6 2 0 7 0 0 0 1 
86	1 6 9 6 17 4 9 3 0 17 4 1 4 9 3 0 0 8 1 4 1 4 1 7 2 0 8 1 4 1 4 1 3 0 2 7 0 8 9 4 1 4 1 3 2 0 7 1 
87	17 4 9 3 0 17 4 1 4 9 3 0 0 8 1 4 1 4 1 7 2 0 8 9 4 1 4 1 3 2 2 0 7 1 
88	17 4 9 3 0 17 4 1 4 9 3 0 0 8 1 4 1 4 1 7 2 0 8 9 4 1 7 2 2 0 8 1 4 1 7 2 2 0 1 
89	1 6 0 17 4 9 3 0 17 4 1 4 9 3 0 0 8 1 4 1 4 1 7 2 0 8 9 4 1 7 8 1 4 1 7 0 1 
90	17 4 9 3 0 17 4 1 4 9 3 0 0 8 1 4 1 4 1 7 2 0 8 9 4 1 1 6 2 2 0 1 6 2 2 0 5 0 0 10 3 2 0 2 2 0 2 2 2 7 5 0 1 0 1 10 3 2 0 1 0 1 2 2 2 2 2 7 7 1 0 1 0 8 1 4 1 9 6 2 0 7 0 0 0 1 
91	17 4 9 3 0 17 4 1 4 9 3 0 0 8 1 4 1 4 1 7 2 0 8 9 4 1 1 6 2 2 0 1 6 2 2 0 5 0 0 10 3 2 0 2 2 0 2 2 2 7 5 0 1 0 1 10 3 2 0 1 0 1 2 2 2 2 2 7 7 1 0 1 0 8 1 4 1 9 6 2 0 7 0 0 0 1 
92	1 6 1 6 17 4 9 3 0 17 4 1 4 9 3 0 0 8 1 4 1 4 1 7 2 0 8 1 4 1 4 1 3 25 0 0 3 0 2 0 3 0 1 2 2 2 7 0 8 1 4 1 4 1 1 6 15 1 6 2 1 6 2 5 0 0 0 10 3 0 1 0 10 3 0 2 2 0 0 0 5 0 2 10 3 0 1 3 0 0 3 0 0 3 2 0 13 14 3 2 0 0 5 0 10 7 15 7 2 0 13 14 1 6 2 5 0 2 1 1 1 10 15 7 2 2 2 1 2 13 14 16 1 2 2 2 2 2 2 2 2 10 16 1 2 2 2 2 2 2 2 2 13 14 7 13 14 3 2 0 2 0 7 1 
93	17 4 9 3 0 17 4 1 4 9 3 0 0 8 1 4 1 4 1 7 2 0 8 9 4 1 4 1 5 2 2 0 10 3 2 2 0 0 7 9 6 2 20 21 9 6 0 0 0 10 5 2 2 0 0 10 3 2 2 0 0 0 7 7 8 4 1 4 1 1 
94	18 17 4 9 3 0 17 4 1 4 9 3 0 0 8 1 4 1 4 1 7 2 0 1 
95	17 4 9 3 0 17 4 1 4 9 3 0 0 8 1 4 1 4 1 7 2 0 8 1 4 1 1 6 2 2 0 1 6 2 2 0 5 0 0 10 3 2 0 2 2 2 7 5 0 1 0 1 10 3 2 0 1 2 2 2 7 9 6 1 0 9 6 1 0 9 6 2 0 0 3 0 9 6 0 0 1 6 1 9 6 0 20 21 9 6 0 0 0 10 3 2 1 0 3 0 0 7 0 1 
96	17 4 9 3 0 17 4 1 4 9 3 0 0 8 1 4 1 4 1 7 2 0 8 9 4 1 1 6 2 2 0 1 6 2 2 0 5 0 0 10 3 2 0 2 2 0 2 2 2 7 5 0 1 0 1 10 3 2 0 1 0 1 2 2 2 2 2 7 7 1 0 1 0 8 1 4 1 9 6 2 0 7 0 0 0 1 
97	17 4 9 3 0 17 4 1 4 9 3 0 0 8 1 4 1 4 1 7 2 0 8 9 4 1 1 6 2 2 0 1 6 2 2 0 5 0 0 10 3 2 0 2 2 0 2 2 2 7 5 0 1 0 1 10 3 2 0 1 0 1 2 2 2 2 2 7 7 1 0 1 0 8 1 4 1 9 6 2 0 7 0 0 0 1 
98	1 6 9 6 17 4 9 3 0 17 4 1 4 9 3 0 0 8 1 4 1 4 1 7 2 0 8 1 4 1 4 1 3 25 0 0 3 0 2 0 3 0 2 7 0 8 1 4 1 4 1 1 6 1 6 1 0 15 1 6 2 1 6 2 5 0 0 0 10 20 21 9 6 0 0 0 3 0 0 2 2 0 0 3 0 1 0 10 20 21 9 6 0 0 0 3 0 0 2 2 0 0 3 0 2 2 0 0 0 1 5 0 10 3 0 1 3 0 0 3 0 0 3 2 0 5 0 7 13 14 16 0 13 14 3 2 0 7 15 1 6 2 0 0 5 0 10 5 2 0 7 1 7 0 13 14 1 6 2 5 0 2 1 1 1 10 15 7 2 2 0 1 2 13 14 16 1 0 2 2 2 0 0 10 16 1 0 2 2 2 2 2 2 0 13 14 3 2 0 2 0 7 1 
99	17 4 9 3 0 17 4 1 4 9 3 0 0 8 1 4 1 4 1 7 2 0 8 1 4 1 1 6 2 2 0 1 6 2 2 0 5 0 0 10 3 2 0 2 2 0 2 2 2 7 5 0 1 0 1 10 3 2 0 1 2 2 2 7 5 1 0 10 3 2 2 2 2 7 7 1 1 0 1 0 1 
100	17 4 9 3 0 17 4 1 4 9 3 0 0 8 1 4 1 4 1 7 2 0 8 1 4 1 1 6 2 2 0 1 6 2 2 0 5 0 0 10 3 2 0 2 2 0 2 2 2 7 5 0 1 0 1 10 3 2 0 1 2 2 2 7 7 1 1 0 1 0 1 
101	17 4 9 3 0 17 4 1 4 9 3 0 0 8 1 4 1 4 1 7 2 0 8 9 4 1 1 6 2 2 0 1 6 2 2 0 5 0 0 10 3 2 0 2 2 0 2 2 2 7 5 2 2 2 10 7 2 0 10 3 2 2 2 2 2 2 7 8 1 4 1 9 6 2 0 7 0 0 0 1 
102	17 4 9 3 0 17 4 1 4 9 3 0 0 8 1 4 1 4 1 7 2 0 8 9 4 1 5 2 2 0 7 7 8 1 4 1 7 2 2 0 0 0 1 
103	1 6 17 4 9 3 0 17 4 1 4 9 3 0 0 8 1 4 1 4 1 7 2 0 8 1 4 1 4 1 3 25 0 0 3 0 1 2 0 7 0 8 1 4 1 7 0 1 
104	17 4 9 3 0 17 4 1 4 9 3 0 0 8 1 4 1 4 1 7 2 0 8 1 4 1 9 6 2 1 6 1 20 21 9 6 0 0 0 10 3 2 2 2 0 0 7 0 1 
105	17 4 9 3 0 17 4 1 4 9 3 0 0 8 1 4 1 4 1 7 2 0 8 1 4 1 7 1 2 0 8 9 4 1 1 6 2 1 6 2 5 0 2 0 7 5 0 2 0 7 7 1 
106	17 4 9 3 0 17 4 1 4 9 3 0 0 8 1 4 1 4 1 7 2 0 1 
107	17 4 9 3 0 17 4 1 4 9 3 0 0 8 1 4 1 4 1 7 2 0 1 
108	9 6 9 6 9 6 9 6 9 6 1 6 1 6 9 6 9 6 1 6 1 6 1 6 1 6 9 6 1 6 17 4 9 3 0 17 4 1 4 9 3 0 0 8 1 4 1 4 1 7 2 0 8 1 4 1 4 1 3 25 0 0 3 0 2 3 0 2 5 0 10 3 0 2 2 0 0 3 0 1 2 2 2 7 0 8 1 7 0 8 1 4 1 4 1 5 0 0 7 1 6 2 0 0 5 0 10 7 15 20 21 9 6 0 0 0 10 3 0 2 2 0 0 0 5 0 10 7 7 0 13 14 3 2 2 0 2 2 2 3 2 0 16 0 8 9 4 1 4 1 5 0 0 10 3 2 0 7 1 6 2 0 5 0 10 5 0 10 3 2 0 3 2 3 2 0 10 3 2 0 3 2 0 7 1 6 2 5 0 10 3 0 2 2 0 5 0 10 3 2 0 3 2 0 3 2 0 3 2 0 5 0 0 2 0 10 3 2 1 2 7 10 3 2 0 3 2 0 3 2 2 7 8 9 4 1 1 6 2 0 5 0 10 7 5 0 1 10 5 1 0 7 7 7 8 1 4 1 7 0 2 0 8 9 4 1 4 1 5 2 10 3 2 0 0 7 1 6 2 0 0 5 0 10 3 2 1 2 7 20 21 9 6 0 0 0 10 3 0 2 2 0 0 0 5 0 10 3 2 1 2 7 15 1 6 2 2 0 0 0 0 5 0 7 3 2 0 0 13 14 16 1 0 2 2 2 2 0 13 14 3 2 0 2 2 2 7 7 8 1 1 6 2 9 6 2 5 0 10 9 6 9 6 2 3 0 2 5 0 10 3 2 3 0 3 0 0 7 0 22 0 0 2 0 10 3 0 9 6 0 9 6 22 0 0 2 0 10 3 0 3 0 7 0 3 0 5 2 10 9 6 9 6 2 22 0 0 2 0 10 3 0 5 0 3 0 5 0 3 0 2 0 3 0 2 0 9 6 2 5 0 10 3 0 0 2 0 3 0 2 0 3 0 2 5 2 10 3 0 0 5 0 3 0 5 2 10 7 0 10 7 2 5 2 10 3 0 0 7 0 5 2 10 3 0 0 7 2 10 3 0 0 7 0 8 1 4 1 4 1 7 2 0 8 4 1 5 0 3 0 0 8 1 5 0 7 0 7 25 1 
109	1 6 1 6 1 6 9 6 17 4 9 3 0 17 4 1 4 9 3 0 0 8 1 4 1 4 1 7 2 0 8 1 4 1 4 1 3 25 0 0 3 0 2 3 0 2 3 0 2 0 3 0 2 0 2 7 0 8 9 4 1 4 1 1 6 2 0 5 0 10 5 0 10 1 6 2 9 6 5 0 10 3 0 2 2 2 5 0 10 3 2 2 2 2 7 5 2 10 3 2 0 0 10 3 2 0 0 7 8 1 7 1 2 8 1 7 2 1 
110	9 6 1 6 1 6 1 6 17 4 9 3 0 17 4 1 4 9 3 0 0 8 1 4 1 4 1 3 25 0 0 3 0 2 0 2 0 2 2 0 2 2 0 2 3 0 2 0 2 2 0 2 3 0 0 5 0 10 1 6 1 1 0 3 0 2 0 0 2 3 2 0 0 7 0 8 1 4 1 4 1 7 2 0 8 1 4 1 5 0 10 15 1 6 1 3 2 0 0 1 6 2 7 2 2 13 14 3 2 0 7 0 1 
111	17 4 9 3 0 17 4 1 4 9 3 0 0 8 1 4 1 4 1 7 2 0 8 1 4 1 1 6 2 2 0 1 6 2 2 0 5 0 0 10 3 2 0 2 2 0 2 2 2 7 5 0 1 0 1 10 3 2 0 1 2 2 2 7 7 1 1 0 1 0 1 
112	9 6 17 4 9 3 0 17 4 1 4 9 3 0 0 8 1 4 1 4 1 7 2 0 8 1 4 1 4 1 1 6 2 1 6 2 0 3 0 2 7 0 8 9 4 1 4 1 3 2 0 7 1 
113	1 6 0 17 4 9 3 0 17 4 1 4 9 3 0 0 8 1 4 1 4 1 7 2 0 8 9 4 1 7 8 1 4 1 7 0 1 
114	17 4 9 3 0 17 4 1 4 9 3 0 0 8 1 4 1 4 1 7 2 0 1 
115	17 4 9 3 0 17 4 1 4 9 3 0 0 8 1 4 1 4 1 7 2 0 1 
116	17 4 1 4 1 4 1 4 1 3 0 0 0 0 8 4 1 4 1 15 9 6 1 6 1 6 3 0 1 3 2 0 3 0 2 5 2 0 10 3 2 2 0 3 0 2 3 0 2 0 0 0 5 0 10 5 2 0 7 3 0 13 14 3 2 0 1 
117	1 6 1 17 4 1 4 1 4 1 4 1 3 0 0 3 0 0 3 0 2 0 0 8 1 4 1 5 0 7 7 2 0 0 8 1 4 1 4 1 5 0 7 15 7 2 0 0 13 14 16 1 0 2 2 2 2 13 14 7 1 
118	24 8 8 8 4 1 8 1 8 4 1 4 9 8 1 4 9 8 9 8 1 4 1 4 1 8 1 4 1 4 1 8 1 8 1 8 9 8 1 4 1 4 1 8 9 4 1 8 1 4 1 8 9 4 1 4 1 8 1 4 1 4 1 8 4 9 8 9 8 1 8 8 9 8 9 8 9 
119	8 1 4 1 1 6 5 0 2 7 0 1 6 0 22 0 10 3 0 0 22 0 10 1 6 0 1 6 1 20 21 9 6 0 2 0 10 9 6 2 0 5 0 0 10 3 2 0 5 0 10 9 6 9 6 9 6 0 20 21 0 0 0 2 0 10 9 6 2 0 5 0 10 26 5 0 10 3 0 3 0 10 3 0 5 0 10 1 6 2 0 0 3 2 0 3 0 0 3 0 2 3 0 0 7 0 8 1 4 1 7 2 0 0 8 1 4 1 4 1 1 6 1 20 21 9 6 0 2 10 9 6 2 0 19 0 11 1 6 1 20 21 0 0 2 0 10 3 0 2 0 5 0 0 2 0 3 2 0 5 0 0 26 12 5 2 10 1 6 2 2 5 0 3 2 2 2 3 2 2 12 11 3 2 0 3 0 12 7 2 
120	8 1 4 1 4 1 8 1 4 1 4 1 8 1 4 1 4 1 8 1 4 1 4 1 8 1 4 1 4 1 8 1 4 1 4 1 8 1 4 1 4 1 8 1 4 1 4 1 8 1 4 1 4 1 8 1 4 1 4 1 8 1 4 1 4 1 8 1 4 1 4 1 8 1 4 1 4 1 8 1 4 1 4 1 8 1 4 1 4 1 8 1 4 1 4 1 8 1 4 1 4 1 8 1 4 1 4 1 8 1 4 1 4 1 8 1 4 1 4 1 8 1 4 1 4 1 8 1 4 1 4 1 8 1 4 1 4 1 8 1 4 1 4 1 8 1 4 1 4 1 8 1 4 1 4 1 8 1 4 1 4 1 8 1 4 1 4 1 8 1 4 1 4 1 8 1 4 1 4 1 8 1 4 1 4 1 8 1 4 1 4 1 8 1 4 1 4 1 8 1 4 1 4 1 8 1 4 1 4 1 
121	1 6 1 6 17 4 1 4 1 4 1 4 1 3 0 0 3 0 0 3 2 0 0 8 4 1 4 1 15 9 6 1 6 1 6 3 0 1 3 2 0 3 0 2 3 0 2 0 0 0 5 0 7 3 0 1 3 2 0 3 0 2 5 2 0 10 3 2 2 0 10 3 2 2 0 3 0 2 3 0 2 0 0 0 5 0 7 13 14 3 2 0 8 1 4 1 5 0 7 7 2 0 1 
122	18 1 6 1 6 1 6 9 6 1 6 9 6 9 6 1 6 6 17 4 9 3 0 0 17 4 1 4 9 3 0 3 0 0 8 8 8 4 1 3 0 0 8 1 7 0 8 1 7 0 8 4 1 3 0 0 8 1 7 0 8 4 1 4 9 5 0 10 3 0 1 0 5 0 0 10 1 6 1 0 3 2 0 0 0 3 0 0 3 0 0 0 8 1 4 9 7 0 0 8 9 7 0 0 8 1 4 1 4 1 7 2 0 8 1 4 1 4 1 5 0 10 20 21 9 6 0 0 0 10 3 0 0 2 0 0 7 0 8 1 4 1 7 0 2 8 4 1 3 2 2 0 5 0 10 20 21 9 6 0 0 0 10 1 6 1 0 0 5 0 10 3 2 0 8 1 1 6 0 1 6 1 0 22 0 0 10 3 0 0 3 2 0 7 2 8 1 4 1 4 1 3 0 1 0 9 6 6 2 20 21 0 0 0 0 10 15 3 2 2 0 0 0 13 14 3 2 0 7 0 8 9 4 1 7 8 1 4 1 7 8 9 4 1 4 1 9 6 6 2 20 21 0 0 0 0 3 2 2 0 0 0 7 8 1 4 1 4 1 7 8 9 7 0 8 4 9 3 0 0 8 9 7 0 8 3 0 8 9 7 0 8 9 7 0 8 9 7 0 1 
123	17 8 9 1 6 15 1 6 1 3 0 1 1 2 0 0 9 6 9 9 6 22 0 2 0 3 2 0 0 3 2 2 7 13 14 16 0 13 14 3 2 2 7 5 0 10 15 3 2 13 14 1 
124	1 6 1 6 9 6 9 6 9 6 9 6 1 6 1 6 0 1 6 17 8 4 1 3 0 0 8 9 8 9 7 2 8 4 9 3 0 0 8 9 5 0 10 7 7 2 0 8 3 0 2 0 0 8 4 1 3 0 0 8 1 7 0 8 4 1 3 0 0 8 1 7 0 8 9 7 0 8 4 9 3 0 0 8 1 7 0 8 4 1 3 0 0 8 4 1 3 0 0 8 1 7 0 
125	8 4 1 8 1 4 1 8 1 4 1 4 1 8 1 4 1 8 1 
126	1 6 1 1 6 8 4 1 3 0 0 3 2 2 8 1 4 1 7 1 2 0 8 1 4 1 4 1 7 1 2 0 0 8 1 4 1 7 1 2 0 8 1 7 2 2 1 
127	8 1 4 1 4 9 1 6 19 0 11 0 3 0 1 12 11 0 3 0 1 12 7 0 
128	9 6 9 6 8 4 1 8 1 4 1 4 9 4 1 8 1 4 1 
129	9 6 9 6 1 6 1 6 1 6 1 1 6 1 1 6 1 9 6 9 6 1 6 8 4 1 3 0 0 3 2 2 1 6 3 2 20 21 9 6 0 2 0 10 1 6 1 2 0 1 6 2 5 0 10 3 2 2 0 26 3 0 2 0 0 3 2 0 0 3 2 0 3 2 0 3 0 2 0 1 6 2 0 1 6 5 0 2 10 15 3 0 2 2 0 13 14 1 6 0 3 2 0 3 0 5 0 1 10 1 6 0 3 2 0 3 0 5 0 3 0 1 3 0 1 0 3 2 0 3 2 8 5 0 10 7 1 6 2 2 0 20 21 9 6 0 2 0 10 1 6 2 0 0 1 6 2 2 0 5 0 10 3 2 2 0 26 3 2 0 2 0 3 2 0 3 0 8 1 4 1 4 9 4 1 1 6 2 0 5 0 10 15 3 2 0 0 13 14 3 2 0 7 2 0 0 0 13 14 3 2 0 16 0 13 14 3 2 0 16 0 10 15 3 0 2 0 0 0 5 2 2 10 3 2 0 0 13 14 3 2 0 16 0 13 14 3 2 0 16 0 13 14 3 2 0 16 0 7 0 8 1 4 1 4 9 4 1 1 6 2 0 0 3 2 0 3 2 0 3 2 0 1 6 20 21 9 6 0 2 0 10 3 0 1 2 0 3 2 0 15 5 2 10 5 0 10 3 2 0 2 3 0 2 0 12 13 14 5 2 10 16 1 0 3 2 0 3 2 2 3 2 7 0 8 4 1 4 1 5 2 10 3 2 5 2 10 5 2 2 0 10 3 2 2 2 0 3 2 0 9 6 2 2 0 3 2 3 2 0 8 1 4 1 4 9 7 2 0 0 0 8 1 4 1 1 6 20 21 9 6 0 2 0 10 3 0 1 2 0 1 6 15 3 0 2 0 5 0 10 7 2 2 13 14 5 0 10 15 3 2 13 14 7 1 
130	8 4 1 3 2 3 2 8 1 4 1 1 6 5 0 2 10 16 1 15 1 6 2 2 3 0 2 0 13 14 16 1 2 7 0 8 9 4 1 7 8 9 4 1 7 1 
131	1 6 1 6 1 8 4 1 3 2 3 0 2 9 6 2 20 21 9 6 0 0 0 10 3 2 1 2 0 3 2 8 1 4 1 5 0 2 10 16 1 1 6 2 0 5 0 2 10 1 6 0 3 2 0 16 1 0 5 2 10 3 0 2 9 6 2 20 21 9 6 0 0 0 10 1 6 1 2 0 1 6 2 0 0 5 0 10 3 2 0 0 7 0 1 6 0 16 1 0 8 1 4 1 4 1 15 1 6 1 0 0 5 2 10 7 1 1 2 10 7 13 14 7 8 9 4 1 9 6 1 6 2 1 6 1 2 0 1 6 20 21 9 6 0 0 2 0 10 1 6 1 2 0 1 6 1 0 0 5 2 10 3 0 0 1 6 1 0 0 5 0 2 10 5 2 0 2 10 3 0 2 2 7 0 8 9 4 1 1 6 1 2 2 1 6 1 0 2 5 2 10 7 2 10 7 1 
132	1 6 1 6 1 6 1 6 17 4 1 4 1 3 0 0 3 0 0 3 2 3 2 0 8 15 3 2 0 1 6 1 0 3 0 1 2 3 2 3 2 3 2 3 2 3 0 2 13 14 3 2 0 8 15 3 2 13 14 3 2 0 3 0 3 0 3 2 8 1 4 1 1 6 15 1 6 2 0 5 0 10 3 0 2 0 13 14 3 2 0 16 1 2 7 0 8 1 1 6 1 1 6 2 22 2 10 1 6 1 2 5 2 10 3 2 2 0 7 0 8 1 7 0 
133	1 6 1 1 6 1 8 4 1 3 2 1 6 2 5 0 2 10 3 0 2 5 0 2 10 3 2 3 2 2 20 21 9 6 0 2 0 10 3 2 1 2 0 3 2 8 4 1 3 2 0 5 0 10 3 2 5 2 10 3 2 5 2 10 3 0 3 2 0 1 6 1 0 0 3 2 2 3 2 2 0 8 4 1 5 2 0 10 1 6 1 2 0 3 2 8 4 1 3 2 0 8 1 4 1 1 6 5 0 2 10 16 1 1 6 2 0 5 0 2 10 1 6 0 3 2 0 16 1 0 5 2 10 3 0 2 5 2 0 10 1 6 1 2 0 5 2 0 10 1 6 1 2 0 3 0 2 0 7 0 16 1 0 8 9 4 1 7 8 9 4 1 7 1 
134	9 6 9 6 1 6 1 6 8 4 1 4 1 3 0 0 3 0 2 3 0 2 3 0 2 8 4 1 8 1 4 1 8 9 4 1 8 9 4 1 8 1 7 0 8 4 9 3 0 0 8 9 7 0 8 4 9 3 0 0 8 9 7 0 
135	8 1 4 1 4 1 1 6 15 3 0 1 2 2 0 3 2 2 2 7 0 13 14 3 2 2 0 16 1 0 2 0 
136	1 6 1 6 8 4 1 3 0 0 8 4 1 3 0 0 8 1 4 1 4 1 3 0 2 0 7 0 8 1 4 1 4 1 3 0 2 0 7 0 8 1 4 1 4 1 3 0 2 0 7 0 8 1 4 1 4 1 3 0 2 0 7 0 8 1 4 1 4 1 3 0 2 0 7 0 8 1 4 1 4 1 3 0 2 0 7 0 8 1 4 1 4 1 3 0 2 0 7 0 8 1 4 1 4 1 3 0 2 0 7 0 8 1 4 1 4 1 3 0 2 0 7 0 8 1 4 1 4 1 3 0 2 0 7 0 8 1 4 1 4 1 3 0 2 0 7 0 8 1 4 1 4 1 3 0 2 0 7 0 8 1 4 1 4 1 3 0 2 0 7 0 8 1 4 1 4 1 3 0 2 0 7 0 8 1 4 1 4 1 3 0 2 0 7 0 8 1 4 1 4 1 3 0 2 0 7 0 8 1 4 1 4 1 3 0 2 0 7 0 8 1 4 1 4 1 3 0 2 0 7 0 8 1 4 1 4 1 3 0 2 0 7 0 8 1 4 1 4 1 3 0 2 0 7 0 8 1 4 1 4 1 3 0 2 0 7 0 8 1 4 1 4 1 3 0 2 0 7 0 8 1 4 1 4 1 3 0 2 0 7 0 8 1 4 1 4 1 3 0 2 0 7 0 8 1 4 1 4 1 3 0 2 0 7 0 8 1 4 1 4 1 3 0 2 0 7 0 8 1 4 1 4 1 3 0 2 0 7 0 8 1 4 1 4 1 3 0 2 0 7 0 8 1 4 1 4 1 3 0 2 0 7 0 8 1 4 1 4 1 3 0 2 0 7 0 8 1 4 1 4 1 3 0 2 0 7 0 8 1 4 1 4 1 3 0 2 0 7 0 8 1 4 1 4 1 3 0 2 0 7 0 8 1 4 1 4 1 3 0 2 0 7 0 8 1 4 1 4 1 3 0 2 0 7 0 1 
137	9 6 9 6 8 1 1 6 1 20 21 9 6 0 0 0 10 3 2 7 2 8 1 4 1 4 1 1 6 1 6 1 6 5 0 10 3 0 2 5 0 2 3 0 0 3 0 0 0 3 2 2 0 0 3 0 3 0 2 0 3 0 7 0 8 1 4 1 4 1 7 2 0 0 8 1 4 1 4 1 7 2 0 0 8 1 4 1 4 1 7 2 0 0 8 1 4 1 4 1 7 2 0 0 8 1 4 1 4 1 7 2 0 0 8 1 4 1 4 1 7 2 0 0 8 1 4 1 4 1 7 2 0 0 8 1 4 1 4 1 7 2 0 0 8 1 4 1 4 1 7 2 0 0 8 1 4 1 4 1 7 2 0 0 8 1 4 1 4 1 7 2 0 0 8 1 4 1 4 1 7 2 0 0 8 1 4 1 4 1 7 2 0 0 8 1 4 1 4 1 7 2 0 0 8 1 4 1 4 1 7 2 0 0 8 1 4 1 4 1 7 2 0 0 8 1 4 1 4 1 7 2 0 0 8 1 4 1 4 1 7 2 0 0 8 1 4 1 4 1 7 2 0 0 8 1 4 1 4 1 7 2 0 0 8 1 4 1 4 1 7 2 0 0 8 1 4 1 4 1 7 2 0 0 8 1 4 1 4 1 7 2 0 0 8 1 4 1 4 1 7 2 0 0 8 1 4 1 4 1 7 2 0 0 8 1 4 1 4 1 7 2 0 0 8 1 4 1 4 1 7 2 0 0 8 1 4 1 4 1 7 2 0 0 8 1 4 1 4 1 7 2 0 0 8 1 4 1 4 1 7 2 0 0 8 1 4 1 4 1 7 2 0 0 8 1 4 1 4 1 7 2 0 0 8 1 4 1 4 1 7 2 0 0 8 1 4 1 4 1 7 2 0 0 1 
138	1 6 17 4 1 3 0 0 8 1 4 1 4 1 1 6 1 2 2 2 5 0 10 3 2 0 3 0 2 0 7 0 1 
139	1 6 1 6 1 6 1 6 1 6 1 6 1 6 1 6 1 6 1 8 4 1 3 25 0 3 2 0 3 0 2 0 0 8 4 1 15 1 6 2 0 3 2 0 13 14 16 1 0 0 8 1 4 1 1 6 2 0 5 0 2 10 1 6 2 3 0 2 0 5 0 2 10 3 0 2 0 5 0 2 10 3 0 2 0 5 0 2 10 3 2 0 0 10 3 2 0 0 1 6 1 5 0 10 1 6 2 2 0 5 0 10 3 0 0 3 2 1 0 7 0 8 4 1 4 1 3 2 0 0 8 4 1 4 1 3 2 0 0 8 4 1 4 1 1 6 15 3 0 2 0 0 3 2 0 0 1 6 2 0 0 0 5 0 10 7 3 2 0 0 0 13 14 3 2 0 0 0 3 2 0 0 0 8 4 1 4 1 4 1 7 8 4 1 4 1 4 1 1 6 2 1 6 1 6 2 15 3 0 1 2 5 0 10 3 0 1 1 0 0 10 3 2 1 0 0 3 2 0 0 15 5 0 10 3 2 3 2 3 2 0 13 14 8 4 1 4 1 1 6 0 9 6 2 5 0 0 2 2 0 10 1 6 2 0 5 2 0 10 3 0 0 3 2 0 8 1 4 1 7 2 0 0 8 1 4 1 4 1 1 6 1 3 2 0 0 3 2 0 0 7 0 8 1 4 1 7 2 0 8 1 4 1 4 1 7 2 0 0 8 1 4 1 4 1 4 1 1 6 2 0 5 0 10 16 1 7 0 8 1 4 1 16 1 8 4 1 4 1 4 1 1 6 1 3 2 3 2 3 2 3 2 3 2 1 6 2 5 0 2 2 10 3 2 0 3 2 1 6 1 3 2 1 0 3 2 2 3 2 3 2 3 2 3 2 2 2 1 
140	1 6 1 6 1 6 17 3 8 1 1 1 7 1 8 15 3 2 0 5 2 0 0 0 0 10 3 2 10 3 2 13 14 1 
141	1 6 1 17 4 1 3 0 8 1 4 1 4 1 4 1 1 6 1 5 0 10 3 2 2 0 3 2 2 2 0 0 7 2 8 4 1 1 6 1 0 5 2 10 3 2 5 2 10 3 2 10 1 6 3 2 0 3 2 0 8 1 4 1 7 2 0 8 9 4 1 4 1 4 1 4 1 4 1 1 6 2 2 0 0 0 1 6 2 2 0 0 0 7 2 2 2 0 0 8 1 4 1 1 6 1 3 2 2 2 3 2 2 2 2 7 2 1 
142	1 6 9 6 1 6 17 3 15 3 0 1 3 2 0 3 2 13 14 3 2 0 3 2 8 4 1 8 1 1 1 7 1 8 3 0 15 1 6 1 1 6 1 6 1 1 6 2 3 0 2 3 2 0 1 6 1 3 2 0 0 5 2 2 0 10 3 2 3 0 1 3 0 2 3 0 2 3 2 0 3 0 1 3 2 0 0 5 2 2 0 10 3 2 13 14 3 2 0 5 0 10 3 2 8 4 9 4 1 5 2 0 10 3 0 1 1 18 1 6 1 6 17 15 1 6 1 0 9 6 9 9 2 1 6 1 0 3 2 0 3 2 3 0 2 0 0 13 14 3 2 0 8 1 4 1 7 0 1 
143	1 6 1 6 1 6 1 6 1 6 17 3 15 3 2 0 3 2 0 3 2 0 3 2 0 3 2 0 3 2 13 14 3 2 3 2 3 2 8 1 1 1 7 1 8 15 3 2 0 1 6 2 2 0 1 6 2 2 0 1 6 1 2 0 0 1 6 1 2 0 0 1 6 1 1 0 1 6 1 1 0 1 6 1 3 2 0 0 3 2 3 2 3 2 0 0 3 2 3 2 5 2 0 0 0 0 2 0 0 0 0 10 3 2 13 14 3 2 2 1 
144	1 6 1 6 1 6 17 3 8 1 1 1 7 1 8 15 3 2 0 1 6 1 0 1 6 1 2 0 3 2 0 3 2 0 2 3 2 0 3 2 0 2 3 2 0 1 6 2 3 2 0 2 3 2 0 3 2 0 2 3 2 0 3 2 2 3 2 3 2 0 3 2 2 1 2 3 2 3 2 0 3 2 2 1 2 3 2 3 2 0 3 2 2 1 2 3 2 3 2 0 3 2 2 1 2 3 2 3 2 0 3 2 2 1 2 3 2 3 2 0 3 2 2 1 2 3 2 3 2 0 3 2 2 1 2 3 2 3 2 0 3 2 2 3 2 3 2 0 3 2 0 2 3 2 3 2 3 2 5 2 0 0 10 3 2 13 14 3 2 3 2 3 2 8 4 1 4 1 22 2 10 3 2 1 2 3 2 3 2 8 4 1 4 1 20 21 9 6 0 2 0 10 3 2 1 2 0 3 2 3 2 8 4 1 4 1 3 2 3 2 0 3 2 3 2 1 
145	1 6 1 6 1 6 17 3 8 1 1 1 7 1 8 15 3 2 0 1 6 1 0 1 6 1 2 0 3 2 0 3 2 0 2 3 2 0 3 2 0 2 3 2 0 1 6 2 3 2 0 2 3 2 0 3 2 0 2 3 2 0 3 2 2 3 2 3 2 0 3 2 2 1 2 3 2 3 2 0 3 2 2 1 2 3 2 3 2 0 3 2 2 1 2 3 2 3 2 0 3 2 2 1 2 3 2 3 2 0 3 2 2 1 2 3 2 3 2 0 3 2 2 1 2 3 2 3 2 0 3 2 2 1 2 3 2 3 2 0 3 2 2 3 2 3 2 0 3 2 0 2 3 2 3 2 3 2 5 2 0 0 10 3 2 13 14 3 2 3 2 3 2 8 4 1 4 1 22 2 10 3 2 1 2 3 2 3 2 8 4 1 4 1 20 21 9 6 0 2 0 10 3 2 1 2 0 3 2 3 2 8 4 1 4 1 3 2 3 2 0 3 2 3 2 1 
146	17 3 15 3 2 0 0 3 2 13 14 3 2 3 2 3 2 8 1 1 1 7 1 8 1 6 1 3 2 1 3 2 1 3 2 1 1 6 1 3 0 3 0 3 0 1 6 1 15 3 2 0 1 6 2 2 0 1 6 1 2 0 0 1 6 1 2 0 0 1 6 1 1 0 1 6 1 1 0 3 2 0 3 2 0 0 3 2 3 2 3 2 0 3 2 0 0 3 2 3 2 5 2 0 0 0 0 2 0 0 0 0 10 3 2 13 14 3 2 2 1 1 
147	17 3 15 3 2 0 0 3 2 0 3 2 13 14 3 2 3 2 3 2 8 1 1 1 7 1 8 1 6 1 15 3 2 0 1 6 2 2 0 1 6 1 2 0 0 1 6 1 1 0 3 2 0 0 3 2 3 2 5 2 0 0 0 0 10 3 2 3 0 2 2 0 3 0 1 2 0 0 3 0 1 1 0 3 2 0 0 3 2 3 2 5 2 0 0 0 0 10 3 2 3 0 2 2 0 3 0 1 2 0 0 3 0 1 1 0 3 2 0 0 3 2 3 2 5 2 0 0 0 0 10 3 2 3 0 2 2 0 3 0 1 2 0 0 3 0 1 1 0 3 2 0 0 3 2 3 2 5 2 0 0 0 0 10 3 2 13 14 3 2 2 1 1 
148	1 6 9 6 1 6 1 6 17 3 15 3 2 0 3 2 13 14 3 2 0 3 2 8 4 1 8 1 1 1 7 1 8 1 6 1 1 6 1 3 2 3 2 0 1 6 1 0 3 2 15 1 6 1 6 1 3 2 0 0 0 5 2 2 0 10 3 2 3 0 3 0 1 3 2 0 0 0 5 2 2 0 10 3 2 3 0 3 0 1 3 0 3 2 0 0 0 5 0 10 3 2 3 0 3 0 1 3 0 3 2 0 0 0 5 0 10 3 2 3 0 3 2 3 0 3 0 1 15 3 2 0 0 0 13 14 3 2 13 14 3 2 3 0 3 0 3 0 1 15 3 2 0 0 0 3 2 13 14 13 14 3 2 13 14 3 2 0 13 14 3 2 0 13 14 3 2 0 8 16 1 8 1 4 1 4 1 1 6 5 0 10 3 0 0 10 5 2 10 3 0 0 7 0 8 9 4 1 4 1 5 2 7 7 8 1 4 1 4 1 4 1 5 0 2 10 7 16 0 8 4 9 4 1 3 0 0 1 1 1 1 1 
149	1 6 1 6 17 3 15 3 0 1 3 2 0 3 2 13 14 3 2 0 3 2 8 4 1 8 1 1 1 7 1 8 3 0 1 6 3 2 0 5 0 2 0 0 10 3 2 8 4 9 4 1 1 6 19 0 11 0 3 0 0 12 11 0 3 0 0 12 11 0 3 0 0 12 11 0 3 0 0 12 11 3 0 0 12 3 0 0 0 1 1 
150	1 6 17 3 0 15 3 2 0 3 2 0 3 2 0 0 3 2 13 14 3 2 0 3 2 8 1 1 1 7 1 8 15 3 2 0 1 6 2 2 0 1 6 2 2 0 1 6 1 2 0 0 1 6 1 2 0 0 1 6 1 1 0 1 6 1 1 0 1 6 1 3 2 0 0 3 2 3 2 3 2 0 0 3 2 3 2 5 2 0 0 0 0 2 0 0 0 0 10 3 2 13 14 3 2 2 1 1 
151	1 6 1 6 1 6 1 6 1 17 3 17 4 1 3 0 8 1 1 1 7 1 8 1 6 1 15 1 6 1 3 0 3 0 2 2 1 0 0 3 0 1 2 0 0 5 2 0 3 2 0 1 6 1 3 0 3 0 2 2 1 0 0 3 0 1 2 0 0 5 2 0 3 2 0 1 6 1 3 0 3 0 2 2 1 0 0 3 0 1 2 0 0 5 2 0 3 2 0 1 6 1 9 3 0 3 0 2 2 1 0 0 3 0 1 2 0 0 5 2 0 3 2 0 1 6 1 9 3 0 3 0 2 2 1 0 0 3 0 1 2 0 0 5 2 0 3 2 0 1 6 1 9 3 0 3 0 2 2 1 0 0 3 0 1 2 0 0 5 2 0 3 2 0 1 6 1 9 3 0 3 0 2 2 1 0 0 3 0 1 2 0 0 5 2 0 3 2 0 1 6 1 9 3 0 3 0 2 2 1 0 0 3 0 1 2 0 0 5 2 0 3 2 0 1 6 3 0 2 2 1 0 5 0 3 2 0 3 0 2 2 1 0 5 0 3 2 0 9 6 2 5 0 10 1 6 1 20 21 9 6 0 0 0 3 2 2 1 2 0 3 2 2 13 14 3 2 2 18 8 1 4 9 7 8 1 4 9 7 8 1 4 9 7 8 1 4 9 7 8 1 4 9 7 8 1 4 9 7 8 1 4 9 7 8 1 4 9 7 8 1 7 8 1 7 1 
152	17 3 17 4 1 3 0 8 1 1 1 7 1 8 15 3 2 1 6 1 6 1 6 1 1 6 1 1 3 0 2 2 1 0 5 0 3 2 3 0 1 2 0 0 5 2 10 3 2 0 3 0 2 2 1 0 5 0 3 2 13 14 3 2 2 24 18 9 6 1 18 9 6 1 18 8 1 4 1 4 1 7 8 1 4 1 4 1 7 8 1 4 1 4 1 7 8 1 4 1 7 8 1 4 1 7 18 8 1 4 1 4 1 7 8 1 4 1 4 1 7 8 1 4 1 4 1 7 8 1 4 1 7 8 1 4 1 7 1 
153	17 4 1 3 0 8 1 7 1 1 8 1 6 1 6 1 6 1 6 1 1 6 1 1 1 1 6 1 1 1 1 6 1 1 1 1 6 1 1 1 6 1 1 1 6 1 1 3 0 2 2 1 0 3 0 1 2 0 0 3 2 2 3 0 2 2 1 0 3 0 1 2 0 0 3 2 2 3 0 2 2 1 0 3 0 1 2 0 0 3 2 2 3 0 2 2 1 0 3 0 1 2 0 0 3 2 2 3 0 2 2 1 0 3 0 1 2 0 0 3 2 2 1 6 1 3 0 2 2 1 0 3 0 1 2 0 0 3 2 2 18 8 1 4 9 4 9 7 8 1 4 1 4 9 4 9 7 8 1 4 1 4 9 4 1 7 8 1 4 1 4 9 4 9 7 8 1 4 1 4 9 7 8 1 4 9 4 9 7 1 
154	17 3 15 3 2 13 14 3 2 0 3 2 8 1 1 1 7 1 8 1 6 1 6 1 3 2 1 6 1 15 3 2 0 0 0 3 2 13 14 3 2 3 2 2 3 2 2 1 6 2 3 2 0 5 0 1 10 3 2 1 0 13 14 3 2 0 3 2 3 0 15 3 2 0 0 0 3 2 13 14 3 2 3 2 2 3 2 2 1 6 2 3 2 0 5 0 1 10 3 2 1 0 13 14 3 2 3 0 15 3 2 0 0 0 3 2 13 14 3 2 3 2 2 3 2 2 1 6 2 3 2 0 5 0 1 10 3 2 1 0 13 14 3 2 3 0 15 3 2 0 0 0 3 2 13 14 3 2 3 2 2 3 2 2 1 6 2 3 2 0 5 0 1 10 3 2 1 0 13 14 3 2 8 16 1 8 16 1 8 4 1 16 1 1 
155	17 3 17 4 1 3 0 8 1 7 1 8 1 6 1 6 1 6 2 0 0 3 2 2 3 0 3 0 2 0 0 3 2 2 3 0 3 0 2 0 0 3 2 2 3 0 3 0 2 0 0 3 2 2 1 
156	1 6 1 6 1 6 1 6 1 6 1 6 17 3 15 3 2 0 3 2 0 3 2 0 0 3 2 0 3 2 0 3 2 0 3 2 0 3 2 0 3 2 0 3 2 0 0 3 2 13 14 3 2 3 2 3 2 8 1 1 1 7 1 8 15 3 2 0 1 6 2 2 0 1 6 2 2 0 1 6 2 2 0 1 6 1 2 0 0 1 6 1 2 0 0 1 6 1 2 0 0 1 6 1 1 0 1 6 1 1 0 1 6 1 1 0 1 6 1 3 2 0 0 3 2 3 2 3 2 0 0 3 2 3 2 3 2 0 0 3 2 3 2 5 2 0 0 0 0 10 3 2 5 2 0 0 0 0 10 3 2 5 2 0 0 0 0 10 3 2 13 14 3 2 2 1 
157	1 6 1 6 1 6 1 6 1 6 1 6 1 6 17 3 15 3 2 0 3 2 0 0 3 2 0 0 3 2 13 14 3 2 3 2 3 2 8 1 1 1 7 1 8 15 1 6 2 2 0 1 6 2 2 0 1 6 1 2 0 0 1 6 1 2 0 0 1 6 1 1 0 1 6 1 1 0 1 6 1 3 2 0 0 3 2 3 2 3 2 0 0 3 2 3 2 5 2 0 0 0 0 2 0 0 0 0 10 3 2 13 14 3 2 2 1 
158	17 4 1 3 0 8 1 7 1 1 8 1 6 1 3 2 1 6 3 2 1 1 0 3 0 15 3 2 1 1 0 3 2 13 14 8 1 6 1 3 2 1 6 3 2 1 1 0 3 0 15 3 2 1 1 0 3 2 13 14 8 1 6 1 3 2 1 6 3 2 1 1 0 3 0 3 2 1 1 0 3 0 15 3 2 1 1 0 3 2 13 14 3 2 1 
159	1 6 1 6 1 6 1 6 1 6 0 1 6 0 1 6 0 
160	1 6 1 6 1 6 1 6 1 6 1 6 1 6 1 6 17 4 1 3 2 0 3 0 0 8 1 1 1 7 1 8 3 0 1 3 0 2 3 0 1 3 2 3 2 3 0 1 3 2 1 3 2 1 3 0 1 3 0 1 0 3 0 1 0 3 2 0 3 2 3 2 2 3 2 0 3 2 0 3 2 1 3 2 2 3 2 2 3 2 2 3 2 2 3 2 0 3 2 1 3 2 1 3 2 1 0 3 2 3 2 1 1 6 9 6 3 2 0 3 2 2 3 2 0 3 2 0 3 2 2 3 2 0 8 15 1 6 2 2 0 0 3 2 0 1 6 1 2 0 0 0 1 6 1 1 0 3 2 0 0 3 2 3 2 5 2 0 0 0 0 0 10 3 2 13 14 3 2 0 3 2 2 1 1 
161	1 6 17 15 3 2 0 0 3 2 0 3 2 0 3 2 0 3 2 3 0 1 3 2 1 0 13 14 3 2 3 2 3 2 3 2 8 1 6 20 21 9 6 0 10 3 0 2 2 0 5 0 10 3 2 0 3 2 1 0 10 12 8 1 4 9 7 0 1 1 
162	1 6 1 6 17 3 8 1 1 1 7 1 8 8 15 3 2 0 5 2 0 0 2 0 0 2 0 0 2 0 0 2 0 0 10 3 2 13 14 1 
163	1 6 1 6 17 3 8 1 1 1 7 1 8 8 15 3 2 0 5 2 0 0 2 0 0 2 0 0 2 0 0 2 0 0 10 3 2 13 14 1 
164	1 6 1 6 17 3 15 3 2 0 0 3 2 13 14 3 2 3 2 8 1 1 1 7 1 8 1 6 1 15 1 6 1 3 2 0 0 0 1 6 2 5 2 0 10 3 2 13 14 3 2 2 1 
165	1 6 1 1 6 1 6 17 3 15 3 2 0 0 3 2 13 14 3 2 3 2 3 2 8 1 1 1 7 1 8 1 6 1 3 2 3 2 15 3 2 0 0 0 5 2 2 10 3 2 13 14 3 2 2 1 1 
166	17 3 8 1 1 1 7 1 8 1 6 1 15 3 2 1 13 14 3 2 3 2 0 2 0 1 6 1 3 2 0 3 2 2 18 8 4 1 4 1 3 2 0 0 8 1 4 1 1 6 1 3 2 0 7 0 8 1 7 1 1 18 8 1 4 1 7 8 1 7 8 1 7 1 8 1 7 1 18 8 1 4 1 7 8 1 7 8 1 4 1 7 8 1 4 1 7 8 1 7 8 9 7 8 1 4 1 7 8 9 7 8 1 4 1 7 8 1 4 1 7 8 1 4 1 7 8 1 4 1 7 8 1 4 1 7 8 1 7 8 1 4 1 7 8 1 7 8 1 7 8 4 1 4 1 8 4 1 8 4 1 4 1 8 4 1 8 4 1 4 1 1 18 1 6 8 8 9 7 8 1 7 0 0 8 1 1 1 7 8 1 1 1 7 8 1 1 1 7 8 9 7 8 8 4 9 8 4 9 8 4 1 5 0 10 9 6 2 5 0 0 2 10 3 0 2 0 5 0 10 3 0 3 0 2 2 0 8 4 1 1 1 8 4 1 1 1 1 8 4 1 4 9 8 4 1 4 1 8 4 1 4 9 8 9 4 1 7 8 1 4 1 7 0 8 1 4 1 7 0 8 1 4 1 7 0 8 1 4 1 7 0 8 4 9 8 4 9 4 1 8 4 1 8 4 1 4 9 8 4 1 4 1 8 4 1 4 9 8 4 9 8 4 9 4 1 1 1 
167	1 6 1 17 4 1 4 1 1 6 1 6 1 1 6 2 1 6 1 3 2 3 2 1 6 1 1 6 3 2 1 3 2 1 3 2 0 15 1 6 1 15 1 6 1 1 5 0 3 2 0 13 14 20 21 1 6 2 2 10 1 6 1 2 3 2 0 2 0 3 2 0 3 2 0 3 2 0 3 2 5 0 10 3 0 1 6 15 3 0 2 0 0 13 14 3 2 0 13 14 3 2 0 0 1 6 1 3 2 0 3 2 3 2 2 3 2 0 3 2 0 3 2 2 3 2 2 3 2 2 3 2 2 3 2 2 3 2 0 3 2 1 3 2 1 3 2 1 3 2 1 0 3 2 3 2 0 3 2 1 9 6 1 6 3 2 0 3 2 2 3 2 0 3 2 0 3 2 0 1 6 1 6 1 3 0 1 3 0 1 1 6 1 3 2 3 2 0 1 6 1 0 5 0 10 3 0 1 1 0 0 3 2 0 0 3 2 3 2 13 14 3 2 0 13 14 3 2 0 3 2 8 1 4 1 4 1 5 0 7 0 8 9 4 1 4 1 5 2 7 7 8 1 4 1 4 1 4 1 5 2 7 16 0 8 4 1 1 6 1 6 5 0 3 0 0 3 0 1 0 0 1 1 1 
168	8 9 7 8 1 7 
169	8 1 7 1 
170	8 1 7 
171	1 6 9 6 1 6 1 6 9 6 8 1 7 8 1 1 6 1 3 2 3 2 3 2 7 0 8 1 1 6 1 7 0 8 1 1 6 1 3 2 3 2 3 2 7 0 8 1 1 6 1 3 2 3 2 3 2 3 2 1 6 1 3 2 0 3 2 0 7 0 8 1 1 6 1 3 2 3 2 3 2 7 0 8 1 1 6 1 3 2 2 7 0 8 1 7 0 8 4 1 3 0 0 8 1 1 6 1 20 21 9 6 0 0 10 1 6 1 3 2 2 0 3 2 2 0 3 2 2 0 3 0 0 0 7 0 8 1 1 6 1 3 2 3 2 3 2 3 2 7 0 8 1 1 6 1 3 2 1 3 2 1 3 2 1 3 2 1 7 0 8 1 7 8 1 7 8 1 1 6 1 3 2 3 2 7 0 8 1 1 6 1 3 0 3 0 7 0 8 9 7 8 9 7 8 9 7 8 1 4 1 7 8 1 4 1 1 6 1 20 21 9 6 0 0 0 10 3 2 2 1 0 0 7 2 8 1 4 1 1 6 1 20 21 9 6 0 2 0 10 3 2 2 1 2 0 7 2 8 1 4 1 1 6 1 20 21 9 6 0 2 0 10 3 2 2 2 0 7 2 8 1 4 1 4 1 4 1 4 1 7 0 2 0 0 8 1 4 1 4 1 7 0 0 8 1 7 1 8 1 7 1 8 1 4 1 7 2 8 1 4 1 4 9 7 2 2 0 8 9 4 1 9 6 0 20 21 9 6 0 0 0 5 0 0 2 2 7 7 8 4 1 8 4 1 3 2 0 3 0 2 8 1 3 2 0 1 6 1 0 3 0 7 0 8 1 4 1 7 0 8 1 4 1 4 1 3 0 0 7 0 8 1 3 2 16 1 8 1 3 2 16 1 
172	1 6 1 6 17 4 1 15 3 2 1 6 1 1 0 2 0 1 6 1 0 3 0 2 0 0 3 0 1 3 2 3 2 1 0 3 2 0 13 14 3 2 0 3 2 8 4 1 1 6 1 0 
173	1 6 1 6 1 6 1 6 1 1 6 1 6 1 1 6 1 1 6 1 6 1 6 17 3 2 8 1 7 0 8 4 1 3 0 0 17 4 1 15 1 6 15 3 0 1 1 0 3 2 0 5 0 10 3 2 13 14 3 2 17 4 1 3 0 1 2 8 1 6 2 1 15 1 6 15 3 0 2 0 3 2 0 5 0 10 3 2 13 14 3 2 8 4 1 3 2 0 0 8 1 7 2 0 8 4 1 3 2 0 0 8 1 7 2 0 8 4 1 3 0 0 8 4 1 3 0 0 8 1 4 1 4 1 1 6 5 0 2 2 2 10 3 0 1 0 10 3 0 1 1 1 0 0 7 0 8 1 4 1 4 1 1 6 5 0 2 2 2 10 3 0 2 0 10 3 0 2 0 0 7 0 8 1 4 1 4 1 7 2 0 0 8 1 4 1 4 1 4 1 4 1 7 2 0 0 0 0 8 1 4 1 4 1 4 1 4 1 4 1 4 1 5 0 0 10 3 2 0 0 1 6 2 0 0 0 0 5 0 2 10 1 6 1 3 2 0 0 7 2 10 1 6 5 2 0 10 3 0 2 2 0 0 0 0 0 3 2 0 0 10 3 0 1 2 0 1 6 1 0 3 2 0 0 7 8 1 4 1 4 1 3 0 0 3 2 0 3 2 0 1 6 2 0 0 1 6 1 3 2 0 0 7 2 8 1 4 1 3 2 0 0 7 0 8 4 1 4 1 1 6 2 22 2 10 1 6 2 2 3 2 0 2 0 8 4 1 3 2 0 3 2 2 8 4 1 1 6 2 22 2 10 1 6 1 2 5 2 10 1 6 2 0 9 6 2 1 6 2 0 15 1 6 2 0 1 6 2 3 2 0 0 13 14 3 2 8 1 6 2 2 22 2 10 1 6 1 2 15 3 2 3 2 13 14 3 2 
174	1 6 1 6 1 6 1 6 1 6 1 6 1 6 1 6 9 6 1 6 2 8 4 1 3 0 0 8 1 7 0 8 4 1 1 6 1 1 6 1 0 22 2 10 1 6 2 2 3 2 2 5 2 10 3 2 3 0 2 3 2 0 8 1 7 0 8 4 1 15 3 0 2 13 14 16 1 0 8 1 7 0 8 4 1 3 0 0 8 4 1 3 0 0 8 4 1 3 0 0 8 1 7 0 8 4 1 1 6 2 0 3 0 1 20 21 9 6 0 0 0 10 1 6 1 15 1 6 2 0 0 3 2 0 3 2 1 0 13 14 1 6 2 2 15 1 6 2 0 0 5 0 10 16 1 0 0 10 3 2 0 13 14 3 0 1 6 2 22 2 10 1 6 1 2 1 6 2 0 3 2 0 0 8 1 7 0 8 4 9 3 0 0 8 1 7 1 8 5 0 0 10 16 1 5 0 10 16 1 5 0 10 16 1 5 0 10 16 1 1 6 1 15 5 0 10 3 2 0 0 3 2 0 0 5 0 10 3 2 3 2 0 3 2 0 3 2 0 3 2 0 3 2 1 6 2 3 2 0 3 2 0 3 2 0 3 2 0 5 0 10 3 2 0 1 6 1 0 5 2 10 3 2 1 6 0 0 0 3 2 0 0 1 6 2 0 0 1 6 2 3 2 0 5 0 10 1 6 2 22 2 10 1 6 1 2 1 6 2 0 15 3 2 0 1 0 13 14 1 6 2 0 5 0 10 3 2 0 1 0 10 5 2 10 3 0 2 2 2 0 3 0 2 2 3 2 0 0 3 2 2 0 0 3 2 3 2 3 2 3 2 13 14 16 0 13 14 16 1 2 2 0 2 13 14 16 1 0 0 13 14 16 1 0 0 13 14 16 1 0 0 8 4 1 3 2 2 1 8 1 
175	8 1 4 1 1 6 1 1 6 2 2 5 0 10 3 0 2 0 10 3 0 2 0 7 0 8 1 4 1 1 6 1 1 6 2 2 1 6 1 0 22 2 10 1 6 2 15 1 6 0 5 2 0 10 3 0 0 0 3 2 1 0 12 13 14 7 0 8 1 4 1 1 6 1 1 6 2 2 15 5 2 10 3 0 2 2 1 6 2 0 3 2 0 13 14 7 0 
176	1 6 9 6 9 6 17 4 1 5 2 2 10 16 1 3 0 0 3 0 3 0 2 0 8 1 5 0 0 7 2 0 0 16 1 0 0 8 9 7 0 0 8 16 1 1 
177	1 6 17 4 1 3 0 0 8 1 7 2 8 9 7 2 8 1 
178	1 6 9 6 9 6 17 4 9 3 0 0 3 0 1 0 8 4 1 9 6 28 5 0 0 10 3 0 0 5 0 10 3 0 0 0 8 1 9 6 28 5 0 10 3 0 0 3 0 7 0 0 7 8 9 7 0 
179	1 6 2 9 6 2 8 1 4 1 1 6 1 9 6 2 20 21 9 6 0 0 0 10 3 2 2 2 0 7 2 8 1 4 1 7 2 2 0 8 1 4 1 1 6 1 6 1 3 0 0 1 6 1 0 22 2 10 1 6 1 2 3 2 2 0 7 2 8 1 4 1 7 2 0 8 1 4 1 4 1 1 6 1 6 1 3 0 0 1 6 1 0 0 22 2 10 1 6 1 2 3 2 2 0 7 2 8 1 4 1 1 6 2 2 1 6 2 2 7 0 0 8 1 4 1 1 6 2 2 1 6 2 7 0 0 8 1 4 1 4 1 1 6 1 1 6 1 0 0 22 2 10 3 2 2 7 1 2 1 2 8 1 4 1 4 9 7 2 0 0 0 8 1 4 1 4 9 4 1 5 0 0 0 10 7 0 9 6 2 5 2 2 0 10 3 0 3 0 5 0 10 3 0 0 5 0 10 3 0 7 2 0 8 1 4 1 4 1 7 2 0 1 0 8 1 4 1 4 1 1 6 1 20 21 9 6 0 2 10 9 6 2 0 19 0 11 1 6 1 20 21 0 0 2 0 10 3 0 2 0 5 0 2 0 3 2 0 12 5 2 10 1 6 1 2 2 5 0 10 3 2 0 12 11 3 2 0 3 0 12 7 0 8 1 4 1 1 6 1 6 1 0 5 2 10 15 1 6 1 0 9 6 9 9 2 3 2 0 3 0 1 0 13 14 3 2 0 3 2 7 0 8 1 4 1 9 6 2 1 6 1 20 21 9 6 0 2 0 10 9 6 2 0 5 0 0 10 3 2 0 3 0 0 7 2 8 1 4 1 9 6 2 1 6 1 20 21 9 6 0 2 0 10 9 6 2 0 5 0 0 10 3 2 0 3 0 0 7 2 8 1 4 1 4 1 4 1 9 6 5 0 2 0 0 10 9 6 2 9 6 2 9 6 2 1 6 1 0 3 2 2 0 0 0 3 0 0 9 6 0 22 0 2 0 0 10 3 2 2 0 0 0 0 0 3 0 0 3 0 0 3 2 0 0 0 0 7 2 7 0 8 1 4 1 1 6 15 1 6 1 3 2 1 0 3 0 2 13 14 7 0 8 1 4 1 1 6 0 5 2 10 3 0 2 5 2 10 3 0 0 22 10 5 0 12 3 0 2 0 2 0 22 10 9 6 2 5 0 12 3 0 2 0 2 0 22 10 9 6 2 5 0 12 3 0 2 0 2 0 22 10 9 6 2 5 0 12 5 0 10 9 6 2 0 3 0 2 0 2 0 7 0 8 1 4 9 4 1 4 1 5 0 10 7 0 10 7 0 8 9 4 1 9 6 2 20 21 9 6 0 0 0 10 5 2 0 2 2 2 0 10 7 7 
180	18 1 6 1 1 6 1 1 6 1 6 1 1 6 1 17 4 1 3 0 0 3 2 17 8 1 7 0 8 1 4 1 4 1 1 6 2 0 0 1 6 2 0 5 0 0 10 7 5 0 10 15 3 0 2 0 0 13 14 3 2 0 0 16 0 5 0 10 3 2 0 0 10 3 2 0 0 7 1 0 8 1 6 1 6 2 0 20 21 9 6 0 0 0 10 1 6 0 0 1 6 2 0 5 0 10 3 2 0 3 2 2 0 0 8 1 4 1 1 6 2 1 6 1 2 20 21 9 6 0 0 0 10 5 0 0 2 10 5 0 0 2 0 3 2 5 0 0 2 0 3 2 5 0 0 2 0 3 2 5 0 0 2 0 3 2 5 0 0 2 0 3 2 5 0 0 2 0 3 2 5 0 0 2 0 3 2 5 0 0 2 0 3 2 10 3 2 0 0 2 7 2 8 1 4 1 4 1 1 6 2 0 1 20 21 9 6 0 0 0 10 1 6 0 0 5 0 10 3 0 0 3 2 2 2 7 2 8 1 4 1 1 6 2 5 2 2 10 7 0 1 6 1 0 20 21 9 6 0 0 10 3 0 0 1 0 0 9 6 2 0 0 5 0 0 10 3 0 1 0 9 6 20 21 9 6 0 0 0 10 1 6 0 0 5 0 10 3 0 0 0 7 0 8 9 4 1 4 1 4 9 9 6 0 5 2 2 10 20 21 9 6 0 0 0 0 0 10 15 1 6 0 0 5 0 10 3 2 0 3 0 13 14 5 0 0 10 7 0 1 6 2 5 0 10 3 0 2 0 0 0 5 0 0 10 7 0 1 6 2 20 21 9 6 0 0 10 3 0 2 0 0 0 0 5 0 0 10 7 0 7 0 8 1 4 1 1 6 2 5 2 0 10 7 0 7 2 0 2 2 8 1 4 1 4 1 4 1 5 2 0 10 15 7 2 0 0 13 14 7 1 6 2 5 0 10 1 6 2 0 0 0 5 0 10 7 0 1 6 2 20 21 9 6 0 0 0 10 1 6 2 0 0 0 0 5 0 10 7 0 7 18 1 6 1 6 1 6 9 6 17 4 1 3 0 3 0 2 3 0 2 3 0 8 4 1 3 0 2 0 0 3 0 3 0 3 0 
181	9 6 9 6 1 6 17 4 1 4 9 4 9 3 0 0 3 0 0 3 0 0 17 8 1 7 0 8 9 7 0 8 9 7 0 
182	1 6 1 6 
183	1 6 1 6 17 4 1 3 0 0 8 1 4 1 4 1 4 1 15 7 25 0 0 0 13 14 1 6 0 20 21 9 6 0 0 0 10 5 0 3 0 0 3 0 0 0 0 2 2 3 0 0 0 3 2 0 7 8 3 25 3 2 0 1 
184	1 6 1 1 6 1 8 1 4 1 4 1 4 1 5 0 10 16 1 0 1 6 28 0 3 0 1 2 0 5 0 10 5 2 2 10 3 2 3 0 2 0 7 2 0 0 8 1 4 1 1 6 1 0 3 2 0 0 3 2 2 7 0 8 3 2 3 0 1 
185	9 6 9 6 9 6 1 6 1 8 4 1 1 6 2 1 6 2 0 5 0 10 3 0 1 3 2 0 0 3 2 0 7 8 1 4 1 7 1 2 0 8 1 4 1 4 1 1 6 2 0 5 0 10 7 9 6 0 1 6 1 0 20 21 9 6 0 0 0 10 1 6 0 0 3 0 0 0 2 7 2 0 0 18 1 8 1 4 1 4 1 1 6 2 0 0 5 2 10 7 5 2 10 7 1 2 1 6 1 20 21 1 6 2 2 10 1 6 1 2 1 6 2 9 6 20 21 1 6 2 0 2 10 1 6 1 2 19 2 0 2 11 10 3 2 12 11 10 3 0 12 5 0 10 3 2 0 5 2 10 16 1 7 1 2 8 9 4 1 4 1 9 6 9 6 20 21 9 6 0 0 0 10 5 0 0 0 0 10 3 0 0 2 0 0 0 0 3 0 0 2 0 0 0 0 5 0 10 5 0 10 7 0 7 0 5 0 10 7 0 7 0 8 1 4 1 4 1 1 6 1 20 21 1 6 2 2 10 1 6 1 2 5 2 0 0 10 3 2 0 7 0 8 9 4 1 4 1 1 6 2 5 0 0 10 7 20 21 9 6 0 0 0 10 5 2 0 0 0 0 10 7 7 8 9 4 1 4 1 5 0 2 10 7 5 0 2 0 10 7 5 2 10 5 0 0 0 1 7 5 0 0 0 1 7 5 0 0 0 1 7 5 0 0 0 1 0 1 7 5 0 0 0 1 0 1 0 1 7 5 0 0 0 1 0 1 0 1 0 1 7 5 0 0 0 1 0 1 0 1 0 1 0 1 7 5 0 0 0 1 0 1 0 1 0 1 0 1 0 1 7 7 8 9 4 1 4 1 5 0 2 10 7 5 2 0 10 7 5 2 10 5 0 0 0 0 7 5 0 0 0 0 0 0 7 5 0 0 0 0 0 0 0 0 7 5 0 0 0 0 0 0 0 0 0 0 7 5 0 0 0 0 0 0 0 0 0 0 0 0 7 7 
186	8 8 1 4 1 4 1 8 1 4 1 4 1 4 1 4 1 8 1 4 1 4 1 4 1 8 1 4 1 4 1 4 1 4 1 
187	1 6 1 6 8 8 4 1 3 0 0 3 0 1 0 8 1 4 1 4 1 5 2 2 10 7 1 0 5 0 1 10 7 1 0 5 0 1 10 7 1 0 5 0 1 10 3 2 2 2 2 7 1 0 5 0 1 10 3 2 2 2 2 7 1 1 0 3 2 2 2 2 7 8 1 4 1 4 1 4 1 4 1 5 0 7 1 6 2 2 0 0 7 0 1 0 8 1 4 1 4 1 4 1 1 6 1 6 2 3 0 1 0 0 0 0 5 2 10 3 0 1 0 0 0 0 5 2 10 3 0 1 0 0 0 0 7 0 1 0 8 1 4 1 4 1 4 1 4 1 1 6 2 1 6 1 6 15 1 6 0 15 3 0 2 0 0 0 0 5 0 10 16 1 13 14 1 6 1 3 2 0 5 2 2 10 3 2 2 2 10 3 2 2 2 3 0 2 0 2 0 0 5 0 10 16 1 13 14 5 2 0 1 10 1 6 1 1 3 0 2 0 0 0 5 0 7 1 0 0 7 0 1 0 18 1 6 17 4 1 3 0 0 17 8 1 4 1 4 1 7 2 0 0 8 9 7 8 1 7 2 8 1 7 2 1 18 1 6 17 4 1 3 0 0 17 8 1 4 1 7 2 0 8 9 7 8 1 7 2 2 1 18 1 6 1 6 17 4 1 3 0 0 17 4 1 4 1 3 0 0 3 0 0 17 8 1 4 1 4 1 1 6 1 5 0 10 3 2 0 3 2 0 10 3 2 0 7 2 0 2 8 9 7 8 1 7 2 1 1 1 
188	8 4 1 
189	8 1 4 1 4 1 8 9 8 1 8 1 
190	8 1 4 1 8 9 8 1 
191	8 1 4 1 4 1 8 9 8 1 
