0	6 4 1 4 513 274 6 2 0 1 4 2 0 11 2 0 514 0 10 275 2 0 0 12 0 3 0 7 11 1 4 168 1 276 1 0 0 2 0 124 0 0 2 5 10 515 1 4 0 0 2 0 217 1 0 12 0 10 516 2 0 217 1 94 12 0 10 14 2 0 0 12 0 2 75 7 2 0 149 1 0 12 0 1 4 240 1 72 1 11 2 218 0 2 1 0 2 241 23 1 70 1 3 0 7 12 0 3 0 7 1 4 240 1 0 11 2 218 0 2 381 2 1 0 2 241 2 381 7 1 4 2 22 0 12 120 1 0 1 
1	1 4 72 2 72 23 1 2 0 72 1 2 0 72 23 1 1 2 0 2 0 0 142 1 0 1 21 1 5 26 0 1 21 1 40 1 5 15 0 0 6 21 1 5 169 0 1 5 517 242 1 21 1 5 150 0 1 1 4 11 2 0 1 518 2 0 142 1 0 10 151 5 0 1 1 
2	1 4 1 200 37 1 130 1 2 0 0 200 37 1 2 0 200 37 1 382 1 2 0 0 200 37 1 277 1 382 1 2 0 0 0 1 1 5 116 1 318 319 0 243 1 5 201 1 5 116 1 244 519 1 5 116 1 383 519 1 37 1 5 116 1 383 0 519 1 37 1 1 5 116 1 383 0 0 1 5 116 1 1 
3	520 278 1 37 1 130 1 5 200 1 0 0 278 1 37 1 5 200 1 0 278 1 37 1 382 1 5 200 1 0 0 278 1 37 1 277 1 382 1 5 200 1 0 0 0 1 
4	1 4 1 4 1 4 1 4 1 4 6 4 1 4 1 4 6 4 6 4 1 4 1 4 1 4 1 4 219 1 2 0 1 2 520 1 521 1 2 0 0 521 1 2 0 0 1 2 0 0 1 2 0 0 1 2 0 0 522 523 1 11 2 0 384 10 245 12 131 1 0 1 2 0 0 1 3 320 320 320 7 2 0 183 1 4 1 4 1 4 3 0 7 2 0 385 3 0 7 1 4 12 131 1 0 3 0 7 12 131 1 3 0 7 2 0 107 1 3 170 0 7 12 131 1 202 2 137 202 0 3 0 35 7 2 0 107 1 0 0 3 170 7 2 0 246 7 2 137 202 0 2 0 1 4 11 3 170 7 2 36 202 3 0 35 7 2 50 0 0 2 36 2 0 68 247 0 3 0 7 2 0 0 10 14 2 137 28 0 12 131 1 0 2 0 0 2 0 18 19 6 4 0 0 0 7 2 386 0 0 0 0 0 274 1 1 1 1 1 4 1 4 1 4 11 2 0 107 1 0 0 2 0 107 1 0 38 184 0 3 0 246 246 0 246 0 246 7 2 0 2 137 0 0 1 4 0 1 4 72 1 1 4 1 95 0 3 0 35 31 31 7 2 0 1 4 524 1 2 525 0 2 15 2 15 0 2 15 0 2 15 526 1 2 15 527 1 2 15 387 1 2 15 248 1 1 1 3 0 7 2 15 2 0 117 1 108 1 121 1 0 0 1 4 68 0 2 96 0 0 2 137 0 0 10 14 3 0 2 3 7 1 4 3 0 1 7 2 29 2 29 94 2 29 1 0 1 0 2 29 7 2 109 7 2 109 10 14 3 0 7 2 2 109 3 0 7 11 2 90 2 75 10 14 1 249 1 3 0 35 5 1 4 279 1 0 6 4 1 4 34 1 18 19 6 4 0 0 0 7 2 17 3 28 35 7 5 280 28 7 5 1 1 4 107 1 3 170 7 3 388 7 12 131 1 202 1 
5	387 1 1 1 4 34 1 6 4 250 1 4 6 4 4 18 19 0 0 0 0 0 7 16 0 0 8 2 0 9 8 2 0 9 8 2 0 9 8 2 0 9 8 3 0 7 2 17 0 0 0 0 2 17 0 2 0 2 0 0 3 0 0 7 2 17 0 0 0 0 5 28 
6	1 4 1 1 4 116 2 0 91 1 116 1 2 1 0 116 278 1 2 1 0 116 528 1 3 0 7 12 281 1 2 0 91 1 2 51 0 116 1 2 0 116 1 6 3 0 7 12 281 1 2 0 0 91 1 0 0 1 5 0 243 1 3 389 7 5 1 4 83 1 77 11 18 19 1 4 152 132 7 1 4 133 3 0 1 7 2 203 1 0 0 3 0 1 7 2 203 1 0 0 3 0 1 7 2 203 1 0 0 3 0 1 7 2 203 1 0 0 3 0 1 7 2 203 1 0 0 3 0 1 7 2 203 1 0 0 3 0 1 7 2 203 1 0 0 3 0 1 7 2 203 1 0 0 3 0 1 7 2 203 1 0 0 7 12 281 1 0 42 93 10 14 12 282 1 5 28 1 1 4 1 518 2 5 0 1 4 42 11 1 4 1 171 2 529 0 2 0 0 10 14 12 1 93 10 14 12 282 1 6 5 6 48 1 5 0 1 1 0 1 1 5 116 1 318 319 0 0 530 6 48 1 5 51 0 530 220 6 48 1 2 51 0 0 6 125 1 5 529 0 6 220 6 125 1 5 529 0 0 2 283 6 48 1 5 0 6 125 1 5 0 159 1 220 6 5 26 0 6 48 1 5 110 0 6 5 389 1 5 152 6 48 1 5 184 0 1 5 1 220 6 5 0 185 1 220 6 5 150 0 185 6 48 1 5 150 0 6 125 1 5 0 6 125 1 5 0 1 220 6 48 1 5 0 0 6 5 77 1 6 6 5 116 1 0 0 1 5 242 1 390 1 5 242 0 1 531 1 2 27 2 27 2 27 2 27 2 27 2 27 1 1 1 
7	524 1 278 1 6 1 4 83 1 1 4 93 11 2 0 0 10 14 5 28 1 
8	526 1 14 1 1 4 91 1 2 0 0 5 116 1 0 14 1 1 18 19 1 4 383 152 132 7 1 4 1 133 2 51 0 2 0 0 
9	1 4 1 1 1 1 4 172 0 2 0 1 26 0 3 0 7 2 0 1 0 2 15 0 0 5 0 
10	527 532 1 533 1 1 5 116 1 318 319 0 0 532 1 533 1 1 5 116 1 318 319 0 0 532 1 533 1 1 5 116 1 318 319 0 0 
11	1 4 142 1 1 4 142 1 221 221 102 1 11 2 0 10 14 2 29 0 221 48 1 11 2 0 10 14 2 29 0 102 1 2 222 0 48 1 2 42 159 1 1 11 1 4 1 26 0 3 0 5 26 1 26 0 10 14 5 1 1 4 18 19 6 4 0 0 0 7 6 4 0 0 321 3 0 534 0 7 2 15 0 0 93 0 0 2 15 0 0 93 0 
12	43 2 36 43 1 2 36 0 43 39 1 2 36 0 251 21 1 40 1 2 50 0 0 252 21 1 40 1 2 143 0 0 253 21 1 2 254 0 284 153 1 1 4 2 285 0 153 1 2 285 0 255 1 21 1 5 95 0 103 6 23 1 531 1 223 1 1 5 52 0 0 0 168 1 286 1 0 103 6 23 1 70 1 223 1 1 1 4 1 4 11 2 0 60 0 0 2 0 168 1 276 1 0 0 10 515 1 4 0 0 12 217 1 0 5 52 0 0 0 0 103 6 23 1 70 1 223 1 160 1 1 4 11 2 0 124 0 0 10 516 12 217 1 94 3 0 7 1 4 240 1 0 2 218 0 11 11 2 36 0 10 14 2 22 0 0 2 161 0 0 2 241 5 5 6 138 1 223 1 224 1 23 1 70 1 3 0 0 0 0 0 7 2 22 5 3 186 0 0 7 2 22 0 5 1 4 34 1 2 17 0 2 17 18 19 6 4 0 0 0 7 2 17 2 17 0 0 2 17 11 6 4 52 0 0 0 28 5 0 10 14 2 22 0 5 322 6 97 1 23 1 70 1 5 535 0 60 0 0 0 0 322 6 97 1 111 1 23 1 70 1 1 4 68 0 0 3 0 7 2 22 0 5 7 2 96 0 0 5 139 1 37 1 5 68 0 139 1 37 1 111 1 5 68 0 0 6 154 1 5 323 0 287 63 1 2 134 0 162 63 1 2 65 0 256 63 1 2 22 0 288 63 1 2 187 0 536 21 1 40 1 2 0 0 6 154 1 5 0 1 
13	1 4 391 1 43 2 36 43 1 2 36 0 43 39 1 2 36 0 251 21 1 40 1 2 50 0 0 252 21 1 40 1 2 143 0 0 253 21 1 2 254 0 284 153 1 1 4 2 285 0 153 1 2 285 0 255 1 21 1 5 95 0 103 6 23 1 531 1 223 1 1 5 52 0 0 0 168 1 286 1 0 103 6 23 1 70 1 223 1 1 1 4 1 4 11 2 0 60 0 0 2 0 168 1 276 1 0 0 10 515 1 4 0 0 12 217 1 0 5 52 0 0 0 0 103 6 23 1 70 1 223 1 160 1 1 4 11 2 0 124 0 0 10 516 12 217 1 94 3 0 7 1 4 240 1 0 2 218 0 11 11 2 36 0 0 10 14 2 22 0 0 2 161 0 0 2 241 5 5 6 138 1 223 1 224 1 23 1 70 1 3 0 0 0 0 0 7 2 22 5 3 186 0 0 7 2 22 0 5 1 4 34 1 2 17 0 2 17 18 19 6 4 0 0 0 7 2 17 2 17 0 0 2 17 11 6 4 52 0 0 0 28 5 0 10 14 2 22 0 12 0 322 6 97 1 23 1 70 1 5 535 0 60 0 0 0 0 322 6 97 1 111 1 23 1 70 1 1 4 68 0 0 3 0 7 2 22 0 5 7 2 96 0 0 5 139 1 37 1 5 68 0 139 1 37 1 111 1 5 68 0 0 6 97 1 5 323 0 287 63 1 2 134 0 162 63 1 2 65 0 256 63 1 2 22 0 288 63 1 2 187 0 536 21 1 40 1 2 0 0 1 
14	1 4 1 4 1 4 6 1 3 0 7 5 6 4 3 0 1 7 2 0 1 0 2 0 3 0 1 7 2 0 1 0 2 0 3 0 1 7 2 0 1 0 2 0 5 0 6 1 3 0 7 5 6 4 3 0 0 7 2 0 2 0 3 0 0 7 2 0 2 0 3 0 0 7 2 0 2 0 5 0 392 1 393 1 40 1 3 0 7 5 0 5 0 0 394 6 395 1 396 1 3 0 7 5 5 0 0 397 1 398 1 173 1 14 1 3 0 7 12 0 5 538 0 0 0 6 23 1 3 0 1 7 1 4 1 0 2 399 5 7 5 1 1 1 
15	
16	397 1 398 1 173 1 14 1 1 
17	394 6 395 1 396 1 1 
18	392 1 393 1 40 1 1 
19	1 4 1 4 257 324 23 1 2 0 0 1 400 1 5 401 0 0 1 400 1 5 401 0 0 1 400 1 5 401 0 0 0 1 400 1 5 401 0 0 0 539 1 402 1 5 0 539 1 402 1 325 1 5 0 0 0 539 1 402 1 325 1 1 1 4 34 1 6 4 0 18 19 6 4 0 0 0 7 2 17 26 28 0 0 3 0 0 7 2 17 0 3 0 0 7 2 17 0 5 28 540 1 289 1 5 0 540 1 289 1 325 1 5 0 0 0 540 1 289 1 325 1 1 1 4 34 1 6 4 77 18 19 6 4 0 0 0 7 2 17 26 0 3 0 0 7 2 17 0 3 0 0 7 2 17 0 5 28 1 6 403 1 5 0 0 1 6 403 1 1 1 4 0 3 35 0 7 2 0 38 0 35 0 5 0 326 1 4 6 4 326 1 2 0 0 1 2 0 2 0 0 5 243 1 5 0 0 541 541 1 2 0 243 1 1 4 0 0 2 5 0 1 542 1 37 1 404 1 405 1 1 4 0 0 2 15 0 326 1 0 5 542 1 37 1 404 1 405 1 1 1 4 0 0 0 2 15 0 326 1 0 5 542 1 37 1 404 1 405 1 1 1 1 4 0 0 0 0 2 15 0 326 1 0 5 1 37 1 404 1 405 1 1 4 0 0 2 15 0 541 1 0 5 1 48 1 1 3 0 7 5 0 7 5 0 
20	1 4 1 21 1 1 21 1 40 1 6 21 1 1 1 21 1 543 543 1 2 0 0 3 0 1 7 2 399 1 0 225 1 21 1 40 1 3 0 7 5 3 0 7 5 5 0 0 159 1 21 1 3 0 7 5 1 4 0 3 0 0 7 2 0 26 0 5 0 406 6 21 1 3 0 7 5 5 0 290 1 5 185 1 21 1 3 0 7 5 5 0 1 5 0 1 1 1 
21	225 1 21 1 40 1 159 1 21 1 406 6 21 1 290 1 185 1 21 1 
22	1 1 1 1 
23	1 4 1 4 1 4 240 125 1 2 0 0 3 0 1 7 2 0 1 7 2 0 1 0 3 0 1 7 2 0 1 0 407 102 1 2 218 0 408 2 241 409 1 5 53 410 1 5 544 411 1 21 1 5 412 0 413 21 1 48 1 2 414 0 0 415 291 1 2 381 0 416 1 5 545 225 1 21 1 40 1 5 15 0 0 159 1 21 1 5 26 0 406 6 21 1 5 169 0 290 1 5 174 185 1 21 1 5 150 0 546 1 5 0 547 1 5 417 1 418 1 3 0 7 5 399 0 5 419 1 3 0 7 5 292 5 1 
24	1 4 142 1 1 4 420 1 1 4 1 4 407 102 1 2 258 0 5 408 2 226 5 409 1 3 5 5 1 410 1 5 242 411 1 21 1 5 1 26 0 413 21 1 48 1 2 15 0 0 415 291 1 2 0 0 416 1 5 0 417 1 418 1 1 4 0 2 0 0 5 0 419 1 5 0 1 1 1 
25	417 1 418 1 419 1 
26	407 102 1 408 409 1 410 1 411 1 21 1 413 21 1 48 1 416 1 415 291 1 
27	546 1 547 1 
28	1 4 142 1 1 4 142 1 1 4 1 4 6 4 548 1 1 2 0 112 0 2 0 0 2 0 546 1 5 547 1 5 1 1 4 3 7 2 15 0 0 7 2 15 0 0 225 1 21 1 40 1 1 4 1 26 0 3 0 7 5 0 0 7 3 0 7 5 15 0 0 7 3 169 0 7 5 15 0 0 7 5 15 0 0 159 1 21 1 1 4 1 4 1 26 0 3 0 7 2 0 0 7 3 0 7 2 0 26 0 7 2 0 26 0 3 0 7 2 0 26 0 5 0 406 6 21 1 5 290 1 5 517 242 185 1 21 1 5 150 0 407 102 1 2 218 0 408 2 241 409 1 5 53 410 1 5 544 411 1 21 1 5 412 0 413 21 1 48 1 2 414 0 0 417 1 418 1 5 399 0 419 1 5 292 415 291 1 2 381 0 416 1 5 545 1 
29	1 4 1 4 1 4 1 1 4 107 1 0 3 170 7 2 29 2 126 3 7 1 4 202 1 4 0 0 1 4 1 2 0 2 2 1 4 18 19 6 4 0 0 0 7 2 0 0 0 0 7 2 202 6 249 1 1 1 3 110 0 7 5 2 29 0 1 4 1 4 1 4 1 4 3 35 7 2 0 0 2 0 2 0 0 7 2 0 0 0 0 2 0 0 0 2 0 107 1 0 3 170 7 2 388 2 0 0 0 0 1 4 0 11 1 4 421 1 0 2 27 0 2 75 10 14 2 109 5 1 249 1 6 4 184 0 5 0 0 38 0 1 37 1 3 110 0 7 5 38 110 0 0 7 5 0 2 29 2 126 1 422 1 1 4 423 0 3 293 7 2 0 1 4 1 18 19 6 4 0 0 0 7 2 0 327 0 0 3 0 7 2 0 327 0 7 2 0 327 0 2 0 327 0 5 0 1 98 6 5 0 0 0 0 549 294 1 3 0 7 18 19 6 4 0 0 0 7 1 4 1 2 0 0 7 2 
30	1 4 1 4 1 4 227 63 1 14 1 550 1 2 0 2 0 0 2 0 0 259 1 5 0 1 5 0 1 2 0 0 1 5 0 1 
31	217 328 1 2 0 1 
32	149 328 1 2 0 1 
33	328 1 2 0 1 
34	6 4 6 4 6 4 6 4 6 4 1 4 6 4 6 4 6 4 6 4 329 70 1 2 0 0 329 6 551 6 2 0 0 2 0 0 6 5 0 6 5 0 329 70 1 6 551 6 2 0 0 3 0 12 281 1 2 0 0 2 0 0 6 0 2 0 43 70 1 6 551 6 2 0 0 3 0 0 0 0 2 0 6 0 2 0 2 0 0 2 0 0 3 0 5 2 0 3 0 5 2 27 0 0 2 0 2 0 12 1 2 330 3 0 7 2 90 3 0 5 2 90 6 5 0 0 331 125 6 3 0 7 2 27 0 7 3 0 0 3 0 2 330 2 424 2 0 0 6 0 6 390 6 204 6 5 0 0 0 0 331 6 6 425 6 3 0 7 2 27 0 0 0 5 3 0 7 5 3 0 0 7 3 0 2 330 2 424 2 27 0 0 0 5 6 4 0 4 0 0 33 0 0 7 6 4 0 0 0 0 2 144 0 0 0 0 0 2 0 0 2 0 0 3 0 0 3 0 2 330 2 424 331 6 2 27 0 0 331 102 1 6 425 6 3 0 7 2 27 0 0 0 5 6 4 0 4 0 0 33 0 0 7 6 4 0 0 0 0 2 0 0 0 0 0 2 0 0 2 0 0 3 0 0 3 0 2 330 2 424 331 102 1 2 27 0 35 70 1 2 0 0 2 0 2 283 1 
35	43 2 36 251 21 1 40 1 2 50 0 0 284 153 1 2 285 0 252 21 1 40 1 2 143 0 0 253 21 1 2 254 0 255 1 21 1 5 95 0 43 39 1 2 36 0 43 426 1 2 36 0 145 1 160 1 97 1 5 124 0 0 145 1 160 1 97 1 332 6 5 124 0 0 0 139 1 37 1 5 68 0 139 1 37 1 111 1 5 68 0 0 201 1 37 1 5 244 0 201 1 37 1 111 1 5 244 0 0 295 1 154 1 5 323 0 287 63 1 2 134 0 162 63 1 2 65 0 256 63 1 2 22 0 288 63 1 2 187 0 188 1 21 1 99 1 5 60 0 0 333 1 138 1 97 1 5 427 0 0 334 6 37 1 428 1 260 1 189 1 5 429 0 0 0 0 335 6 138 1 97 1 5 186 0 0 336 6 130 1 5 430 0 188 1 21 1 5 60 0 190 6 21 1 5 146 0 190 6 21 1 99 6 5 146 0 0 261 6 21 1 337 6 5 112 0 0 431 1 5 432 1 
36	1 4 1 4 1 4 1 4 1 4 1 4 1 4 1 4 1 4 1 4 1 4 1 4 1 4 1 4 1 4 1 4 1 4 1 4 1 4 1 4 1 4 1 4 1 4 1 4 1 4 1 4 1 4 1 4 1 4 1 4 1 4 1 4 1 4 1 4 1 4 1 4 1 4 1 4 1 4 1 4 1 4 1 4 1 4 1 4 1 4 1 4 1 4 1 4 6 4 1 4 1 4 
37	1 4 1 4 552 1 1 4 6 4 1 4 1 4 1 4 228 1 1 4 1 4 1 4 1 4 391 2 0 553 1 2 0 433 1 2 0 142 1 43 3 0 7 2 65 2 65 2 65 2 2 2 2 2 2 2 2 65 2 0 1 4 60 0 3 0 35 7 1 4 11 2 0 222 171 0 10 554 1 4 0 2 22 0 12 120 1 0 3 0 1 7 1 4 0 2 22 0 12 120 1 0 2 0 1 0 3 0 1 7 2 1 0 2 36 7 1 4 2 22 0 12 120 1 0 11 1 4 42 296 0 2 155 0 2 65 107 1 0 10 245 2 29 251 21 1 40 1 3 0 7 2 0 228 1 2 50 0 0 284 153 1 3 0 7 2 0 0 7 3 0 0 7 2 0 252 21 1 40 1 3 0 7 2 0 228 1 2 143 0 0 253 21 1 3 0 7 2 254 0 255 1 21 1 5 95 0 3 7 2 3 0 7 2 0 43 39 1 2 0 0 2 36 43 426 1 2 0 228 1 0 2 36 1 4 60 0 3 0 35 7 1 4 11 2 0 222 171 0 10 554 1 4 0 2 22 0 12 120 1 0 3 0 1 7 1 4 0 2 22 0 12 120 1 0 2 0 1 0 2 7 1 4 2 22 0 12 120 1 0 3 0 1 7 1 4 1 0 2 0 3 0 7 2 0 555 1 7 2 0 2 0 113 1 1 4 175 1 1 4 42 296 0 3 0 12 120 1 2 155 0 1 4 338 33 156 7 1 4 1 140 2 0 1 4 556 18 19 6 4 0 0 0 7 2 0 0 1 1 11 1 4 222 171 0 3 0 1 7 1 4 1 0 2 15 93 0 2 65 0 0 7 2 22 0 0 10 14 2 22 0 0 0 6 4 146 0 0 2 0 434 1 0 18 19 6 4 0 0 0 7 2 15 557 2 65 0 1 1 4 339 1 2 0 5 0 145 1 160 1 97 1 5 124 0 0 145 1 160 1 97 1 332 6 1 4 1 4 1 26 6 4 3 0 7 2 22 2 0 557 3 0 7 2 0 3 0 7 11 3 0 7 2 430 0 2 0 124 0 0 3 0 7 2 15 0 7 2 22 5 0 139 1 37 1 5 68 0 60 0 0 139 1 37 1 111 1 5 1 297 0 0 0 201 1 37 1 5 244 0 60 0 0 201 1 37 1 111 1 5 1 297 0 0 0 295 1 154 1 5 323 0 6 3 7 5 112 0 7 5 435 191 6 63 1 1 4 3 0 1 0 1 7 2 0 192 1 0 7 2 0 28 2 298 0 0 287 63 1 2 137 0 0 162 63 1 2 137 0 0 256 63 1 2 137 0 0 288 63 1 2 137 0 0 188 1 21 1 99 1 5 60 0 0 333 1 138 1 97 1 5 427 0 0 334 6 37 1 428 1 260 1 189 1 5 429 0 0 0 0 335 6 138 1 97 1 5 186 0 0 336 6 130 1 5 430 0 188 1 21 1 5 60 0 190 6 21 1 5 146 0 190 6 21 1 99 6 5 146 0 0 261 6 21 1 337 6 5 112 0 0 431 1 5 0 558 1 5 0 559 1 21 1 5 26 0 536 1 21 1 48 1 5 15 0 0 560 1 5 0 1 1 
38	287 63 1 162 63 1 256 63 1 288 63 1 
39	43 251 21 1 40 1 284 153 1 252 21 1 40 1 253 21 1 255 1 21 1 43 39 1 43 426 1 145 1 160 1 97 1 145 1 160 1 97 1 332 6 139 1 37 1 139 1 37 1 111 1 201 1 37 1 201 1 37 1 111 1 295 1 154 1 188 1 21 1 99 1 333 1 138 1 97 1 334 6 37 1 428 1 260 1 189 1 335 6 138 1 97 1 336 6 130 1 188 1 21 1 190 6 21 1 190 6 21 1 99 6 261 6 21 1 337 6 431 1 559 1 21 1 560 1 558 1 1 
40	1 4 391 1 43 2 36 1 5 0 251 21 1 40 1 2 50 0 0 284 153 1 2 285 0 252 21 1 40 1 2 143 0 0 253 21 1 2 254 0 255 1 21 1 5 95 0 43 39 1 2 36 0 43 426 1 2 36 0 1 5 557 145 1 160 1 97 1 5 124 0 0 145 1 160 1 97 1 332 6 5 124 0 0 0 139 1 37 1 5 68 0 139 1 37 1 111 1 5 68 0 0 201 1 37 1 5 244 0 201 1 37 1 111 1 5 244 0 0 295 1 154 1 5 323 0 287 63 1 2 134 0 162 63 1 2 65 0 256 63 1 2 22 0 288 63 1 2 187 0 188 1 21 1 99 1 5 60 0 0 333 1 138 1 97 1 5 427 0 0 334 6 37 1 428 1 260 1 189 1 5 429 0 0 0 0 335 6 138 1 97 1 5 186 0 0 336 6 130 1 5 430 0 188 1 21 1 5 60 0 190 6 21 1 5 146 0 190 6 21 1 99 6 5 146 0 0 261 6 21 1 337 6 5 112 0 0 431 1 5 432 558 1 5 118 559 1 21 1 5 0 560 1 5 340 1 5 0 1 
41	1 4 1 4 6 4 6 4 6 4 6 4 6 4 1 4 1 4 553 86 1 2 0 0 2 0 142 1 2 0 561 1 0 172 2 562 2 2 127 2 1 4 95 0 3 0 7 3 0 1 7 2 0 1 0 3 0 1 7 2 0 176 1 2 114 0 18 19 6 4 0 77 0 7 1 4 1 341 0 3 0 31 7 2 2 127 0 11 1 4 68 0 1 4 1 2 0 0 2 0 247 2 15 0 0 10 14 2 127 0 0 2 127 2 2 3 112 0 7 2 2 127 7 2 127 2 562 3 112 0 7 2 562 2 127 7 2 127 2 2 112 0 3 7 2 127 7 2 127 2 2 112 0 3 7 2 127 7 2 127 2 112 0 3 563 7 2 127 7 2 127 2 65 5 334 6 37 1 564 1 260 1 189 1 3 0 0 0 0 7 2 565 5 3 0 0 7 5 172 2 0 0 0 0 3 0 7 1 4 0 2 0 18 19 6 4 0 0 0 7 2 0 2 0 0 0 2 0 2 0 0 2 127 0 5 6 37 1 189 1 3 563 7 18 19 6 4 0 77 0 7 1 4 1 341 0 3 31 0 7 5 3 0 7 2 565 0 5 3 0 7 3 186 0 0 0 7 2 565 0 5 5 102 1 3 0 2 65 0 102 1 3 0 2 134 0 335 6 1 189 1 172 3 26 0 0 5 5 333 1 138 1 189 1 1 4 172 2 0 26 0 0 3 0 563 7 1 4 0 0 3 0 7 11 1 4 1 26 0 3 0 7 1 4 0 6 4 0 6 4 566 247 0 3 0 0 7 2 127 0 2 0 0 2 0 68 0 2 0 0 2 0 247 10 14 2 127 0 0 2 0 26 0 0 5 0 336 6 130 1 5 0 204 6 2 0 0 6 5 0 6 342 6 6 4 0 2 0 0 5 0 6 342 6 6 4 0 2 0 0 5 0 204 6 2 0 0 6 5 0 204 6 2 0 0 6 5 0 1 4 6 4 
42	1 4 1 4 6 4 1 4 113 1 1 4 113 1 6 4 6 4 561 86 1 2 0 0 2 0 6 138 1 564 1 260 1 130 1 1 4 567 1 0 0 0 0 2 0 6 4 3 0 7 2 15 0 0 7 2 0 169 0 3 0 436 0 7 1 4 229 0 2 15 1 0 0 5 7 1 4 1 229 26 0 0 3 0 7 2 2 229 15 0 0 0 5 159 1 138 1 130 1 3 436 0 7 1 4 229 0 3 0 7 1 4 1 26 0 3 0 7 5 0 1 4 1 229 26 0 0 3 0 7 5 0 5 332 6 130 1 172 3 436 0 7 1 4 1 150 0 3 0 5 2 283 5 5 204 6 2 0 0 204 6 2 0 0 204 6 2 0 0 1 130 1 5 229 0 1 130 1 6 1 4 1 26 0 3 0 0 7 2 0 0 5 0 1 130 1 1 4 113 1 1 4 3 0 15 0 0 7 2 15 0 0 5 5 0 6 130 1 3 0 7 5 3 0 7 5 5 1 138 1 130 1 3 436 0 7 1 4 229 0 3 0 7 1 4 1 26 0 3 0 7 5 1 4 1 229 26 0 0 3 0 7 5 5 567 1 4 1 4 1 4 1 4 1 4 1 4 6 4 567 1 138 1 564 1 260 1 189 1 2 0 0 2 0 0 2 0 0 2 0 0 2 0 0 204 6 2 0 0 6 5 0 1 5 0 1 5 0 1 130 1 1 4 1 2 0 2 0 2 0 2 0 2 0 5 0 1 3 0 2 0 1 11 1 4 168 1 286 1 0 2 0 124 0 0 2 36 0 10 14 2 22 0 192 0 
43	1 4 228 1 1 4 1 4 1 4 1 4 95 6 4 1 4 1 4 91 1 568 568 160 1 2 0 1 1 4 34 1 11 33 7 1 4 141 3 35 92 7 3 293 7 2 0 38 35 2 17 0 7 2 17 0 9 10 14 5 5 28 1 569 1 4 569 403 1 2 0 0 6 5 205 1 1 4 34 1 33 205 7 1 4 343 3 293 7 2 17 38 35 2 17 0 7 2 17 0 9 5 28 141 1 230 2 230 249 1 2 0 230 249 1 1 2 0 0 2 0 107 202 1 0 2 0 38 184 0 2 155 177 1 0 3 0 7 2 0 230 1 0 43 1 2 0 6 5 0 1 5 0 1 2 0 0 1 1 4 568 1 276 1 0 11 33 7 1 4 6 4 110 3 0 7 1 4 38 141 0 1 4 38 141 0 3 31 0 88 3 320 7 1 4 3 128 0 7 2 0 107 1 0 7 3 128 0 7 2 0 38 2 0 107 1 0 0 3 0 170 344 7 2 155 177 1 0 7 2 143 0 0 10 14 5 255 1 21 1 1 4 26 0 3 0 7 3 0 7 2 0 26 0 5 0 252 21 1 1 2 143 0 0 1 4 26 0 3 0 1 7 1 4 176 1 2 114 0 2 114 0 2 15 0 0 3 0 1 7 2 1 0 7 3 0 1 1 0 7 1 4 569 1 1 0 33 205 7 1 4 343 2 0 0 7 3 169 0 7 2 51 0 2 15 0 0 21 1 1 1 4 26 0 3 0 1 7 1 4 176 1 2 114 0 2 114 0 2 15 0 0 3 0 1 7 2 1 0 7 3 169 0 7 2 51 0 2 15 0 0 251 21 1 40 1 2 254 0 2 143 0 0 1 1 3 0 7 1 4 437 1 0 3 0 7 2 29 0 1 4 570 33 156 7 1 4 1 140 1 4 26 1 0 3 0 7 3 0 1 7 1 4 34 1 2 17 0 2 17 2 17 1 0 2 29 28 3 0 1 7 1 4 1 0 1 4 338 33 156 7 1 4 1 140 1 4 34 1 2 17 0 2 17 2 17 0 2 29 28 2 29 2 90 125 1 18 19 1 4 174 132 7 1 4 1 133 2 50 0 26 0 253 21 1 2 254 0 3 169 0 7 18 19 6 4 0 77 0 7 3 1 26 0 7 2 150 0 9 2 150 0 290 1 5 152 290 1 277 1 1 4 174 1 4 91 1 33 132 7 1 4 133 3 0 1 1 0 7 2 51 0 5 152 1 277 1 1 4 230 1 1 4 174 6 4 33 132 7 1 4 133 3 0 1 1 0 7 3 0 7 2 0 1 4 3 1 0 35 7 2 0 0 7 2 0 1 0 2 50 0 26 0 3 0 7 5 0 7 5 1 4 174 33 132 7 1 4 1 133 1 4 26 0 2 29 0 0 188 1 21 1 5 60 0 188 1 21 1 99 1 1 4 26 0 3 0 1 7 5 1 0 3 0 7 3 0 7 5 60 0 0 7 5 0 3 0 1 7 5 1 1 0 7 12 193 1 0 1 21 1 5 0 175 1 1 21 1 1 1 4 556 0 1 4 175 1 0 18 19 6 4 0 0 0 7 1 4 0 0 6 4 110 3 0 7 1 4 38 141 0 1 4 38 141 0 2 15 0 0 7 12 281 1 0 5 0 1 21 1 1 4 26 0 1 4 3 0 1 7 2 0 176 1 2 114 0 3 0 1 7 2 0 1 0 3 0 7 3 0 7 5 556 0 7 5 1 7 12 193 1 0 1 4 1 77 18 19 6 4 0 0 0 7 2 0 0 1 341 0 5 0 571 1 21 1 5 163 0 571 1 21 1 99 1 1 4 26 0 3 0 1 7 5 1 0 3 0 1 7 1 4 176 1 2 114 1 0 2 15 0 0 5 0 3 0 7 3 0 7 5 163 0 0 7 5 0 176 1 0 7 12 193 1 0 261 6 21 1 1 4 112 0 1 3 0 7 5 7 12 231 1 0 261 6 21 1 99 6 5 112 0 194 1 0 261 1 21 1 99 1 1 4 26 0 3 0 1 7 5 1 0 3 0 1 7 1 4 1 0 1 4 194 1 0 2 15 0 0 5 0 3 0 7 3 0 7 5 112 0 0 7 5 0 7 12 193 1 0 1 40 1 1 4 1 0 3 31 31 31 7 5 3 31 31 31 7 5 7 5 572 6 21 1 1 4 345 0 3 0 7 5 7 12 231 1 0 572 6 21 1 99 6 5 345 0 346 1 0 572 1 21 1 99 1 1 4 26 0 3 0 1 7 5 1 0 3 0 1 7 1 4 346 1 1 0 2 15 0 0 5 0 3 0 7 3 0 7 5 345 0 0 7 5 0 7 12 193 1 0 573 6 21 1 1 4 347 0 3 0 7 5 7 12 231 1 0 573 6 21 1 99 6 5 347 0 348 1 0 573 1 21 1 99 1 1 4 26 0 3 0 1 7 5 1 0 3 0 1 7 1 4 348 1 1 0 2 15 0 0 5 0 3 0 7 3 0 7 5 347 0 0 7 5 0 7 12 193 1 0 190 6 37 1 5 349 0 190 6 37 1 337 6 5 349 0 0 574 6 21 1 1 4 349 0 3 0 7 5 575 7 12 231 1 0 574 6 21 1 99 6 1 4 349 0 3 0 7 5 0 5 575 574 1 21 1 99 1 1 4 26 0 3 0 1 7 5 1 0 3 0 1 7 1 4 89 1 1 0 2 15 0 0 5 0 3 0 7 3 0 7 5 349 0 0 7 5 0 7 12 193 1 0 576 6 21 1 1 4 299 0 3 0 7 5 7 12 231 1 0 576 6 21 1 99 6 5 299 0 178 1 0 576 1 21 1 99 1 1 4 26 0 3 0 1 7 5 1 0 3 0 1 7 1 4 178 1 1 0 2 15 0 0 5 0 3 0 7 3 0 7 5 299 0 0 7 5 0 7 12 193 1 0 577 6 21 1 1 4 350 0 3 0 7 5 7 12 231 1 0 577 6 21 1 99 6 5 350 0 351 1 0 577 1 21 1 99 1 1 4 26 0 3 0 1 7 5 1 0 3 0 1 7 1 4 351 1 1 0 2 15 0 0 5 0 3 0 7 3 0 7 5 350 0 0 7 5 0 7 12 193 1 0 578 6 21 1 1 4 352 0 3 0 7 5 7 12 231 1 0 578 6 21 1 99 6 5 352 0 353 1 0 578 1 21 1 99 1 1 4 26 0 3 0 1 7 5 1 0 3 0 1 7 1 4 353 1 1 0 2 15 0 0 5 0 3 0 7 3 0 7 5 352 0 0 7 5 0 7 12 193 1 0 1 39 1 1 4 230 1 18 19 1 4 570 156 7 1 4 1 140 2 50 0 95 0 5 0 1 5 0 1 
44	6 4 6 4 1 4 179 1 195 6 579 6 6 2 0 0 2 0 0 300 6 5 0 301 6 5 0 43 86 1 23 1 20 1 2 0 0 119 6 23 1 70 1 20 1 1 1 
45	6 4 6 4 
46	179 1 5 195 6 5 0 1 4 6 4 1 4 1 4 43 86 1 23 1 20 1 2 36 0 0 0 2 0 60 0 2 0 146 0 2 0 32 104 0 38 2 0 262 1 53 57 58 119 6 23 1 70 1 20 1 1 4 32 73 0 3 0 5 1 4 11 2 0 340 0 0 10 580 2 29 0 3 0 7 5 6 4 0 1 4 26 0 1 4 26 0 33 132 7 2 15 0 89 1 0 2 15 0 133 2 32 161 0 0 2 0 3 0 7 2 15 0 0 7 2 150 0 3 0 7 2 15 0 0 7 2 150 0 5 1 
47	1 4 1 4 179 1 5 195 6 5 0 43 86 1 23 1 20 1 2 36 0 0 0 2 0 60 0 2 0 0 2 0 60 0 2 0 0 119 6 23 1 70 1 20 1 6 4 135 18 19 6 4 0 0 0 7 1 4 32 0 3 232 0 232 0 7 3 0 0 0 2 0 0 7 2 22 28 2 0 0 5 6 20 1 23 1 70 1 1 4 3 0 7 2 22 5 1 4 73 0 3 0 7 2 22 5 2 0 28 1 4 11 2 0 244 0 0 10 275 2 22 0 53 57 58 12 0 10 14 2 22 0 53 57 58 0 3 0 5 2 27 1 581 5 70 1 354 1 3 0 0 7 2 27 0 2 27 0 2 27 0 5 1 
48	1 23 1 1 4 545 3 0 7 5 582 7 5 1 95 0 1 
49	1 4 179 1 5 195 6 5 0 43 86 1 23 1 20 1 2 36 0 0 0 2 0 32 115 119 6 23 1 70 1 20 1 2 27 0 5 1 
50	6 4 179 1 5 195 6 5 0 119 6 23 1 70 1 20 1 5 43 86 1 23 1 20 1 2 36 0 0 0 5 86 1 20 1 189 1 6 4 135 3 0 7 2 22 0 12 302 1 6 4 32 232 3 0 0 7 1 4 32 104 12 302 1 0 0 1 4 0 1 4 32 0 1 4 34 1 18 19 6 4 0 77 0 7 2 17 26 0 1 4 28 6 4 429 0 0 0 0 5 1 20 1 6 4 135 1 4 1 0 6 4 33 0 0 7 2 0 0 32 104 0 0 3 0 7 3 0 0 128 7 2 0 0 0 0 38 0 0 35 2 0 3 0 7 2 29 0 2 196 0 18 19 0 0 0 0 7 2 196 0 0 2 29 5 0 1 1 1 4 104 1 4 1 4 91 1 2 0 104 33 0 0 7 2 51 583 0 2 0 0 2 51 583 0 5 0 1 
51	302 354 1 2 0 1 
52	6 4 179 1 5 195 6 5 0 119 6 23 1 70 1 20 1 3 32 7 2 22 5 1 4 32 73 0 3 0 7 2 22 5 1 4 28 1 4 544 3 0 146 0 7 1 4 34 1 18 19 6 4 0 0 0 7 2 17 0 0 2 22 0 0 5 1 4 11 2 0 68 0 0 10 275 2 22 0 53 57 58 12 0 10 355 2 22 0 53 57 58 12 0 10 14 2 22 0 0 5 11 2 218 0 2 1 581 10 14 3 0 1 7 12 1 0 2 22 0 0 5 2 241 5 1 
53	1 4 1 4 1 4 1 4 6 4 1 4 6 4 1 4 6 4 1 4 142 1 179 1 5 0 195 6 5 0 37 1 2 0 0 1 2 0 0 2 0 0 1 2 0 0 6 5 0 1 2 0 0 1 2 0 0 119 6 23 1 70 1 20 1 11 3 0 7 3 0 7 2 36 0 0 2 0 1 4 548 1 0 0 18 19 6 4 0 0 0 7 1 4 1 26 0 0 2 0 2 161 0 0 7 2 22 0 10 14 3 0 1 7 12 1 0 2 22 0 192 0 5 43 86 1 23 1 20 1 2 36 0 0 0 6 4 135 3 584 0 7 2 22 0 584 0 584 0 5 2 0 0 2 0 0 5 6 585 1 6 2 0 0 2 0 5 585 1 11 1 4 168 1 286 1 0 2 0 124 0 0 1 4 142 1 18 19 6 4 0 0 0 7 1 4 0 0 3 92 7 2 15 0 0 0 1 4 586 1 0 2 587 0 10 14 2 22 0 192 0 585 1 6 18 19 6 4 0 0 0 7 1 4 438 1 0 0 0 0 0 0 0 2 15 0 0 0 1 20 1 6 4 135 1 4 1 0 2 0 6 0 6 4 1 4 1 4 33 0 0 7 2 0 0 2 0 0 32 232 0 3 32 232 0 0 7 2 0 0 32 104 0 38 32 104 0 35 0 0 7 2 0 32 104 0 2 0 32 0 33 0 0 7 2 0 0 0 2 0 0 2 0 0 0 2 0 5 0 1 
54	6 4 1 4 1 4 1 4 6 4 1 4 1 4 1 4 6 4 6 4 1 4 438 86 1 1 1 303 6 2 0 0 2 0 0 2 0 0 2 0 0 2 3 0 2 0 135 3 0 0 7 3 0 7 2 0 1 0 6 5 0 1 23 1 48 1 3 0 0 7 3 0 7 11 2 1 0 10 206 2 22 0 7 2 15 0 0 7 2 0 0 2 0 0 2 22 0 0 5 1 23 1 11 1 4 3 0 0 7 3 0 7 2 0 26 0 7 2 0 263 0 3 0 0 7 2 0 73 0 3 0 0 7 2 0 73 0 3 0 0 7 2 0 0 3 0 0 7 2 0 0 3 0 0 7 2 0 73 0 3 0 0 7 2 0 0 3 0 0 7 11 1 4 83 1 2 161 0 0 2 0 0 10 14 2 22 0 3 0 0 7 2 0 0 7 2 22 0 0 5 0 10 206 2 22 0 5 16 0 8 0 0 0 0 0 7 2 0 11 1 4 0 1 4 168 1 286 1 0 2 0 124 0 0 2 0 1 32 32 3 0 232 0 7 2 22 1 4 240 1 72 1 2 218 0 0 2 36 0 0 10 14 2 22 0 192 0 9 8 0 7 2 0 2 0 194 1 9 8 0 7 2 0 2 0 194 1 9 8 0 7 2 0 2 0 89 1 0 9 8 0 7 2 22 0 2 0 2 0 66 1 0 9 8 7 2 22 0 438 1 125 1 2 0 0 2 0 2 0 2 0 2 0 2 0 232 3 0 2 0 135 3 0 0 7 3 0 7 2 0 1 0 1 5 0 1 5 0 1 5 0 1 5 0 195 6 5 0 
55	328 1 20 1 2 0 115 57 58 1 
56	356 328 1 20 1 2 0 57 58 115 1 
57	1 4 1 4 588 43 86 1 2 0 0 1 4 1 95 3 0 7 2 0 0 7 1 4 1 95 0 11 2 36 0 2 298 0 10 14 2 29 0 2 29 0 12 120 1 0 43 1 1 4 1 107 1 0 324 1 2 0 28 2 589 0 2 1 0 207 191 6 63 1 16 0 8 0 2 134 0 0 9 8 0 2 65 0 0 9 8 0 2 187 0 0 9 8 0 2 22 0 0 9 8 2 65 0 9 1 
58	1 4 1 4 1 4 1 4 43 86 1 2 0 0 2 0 60 0 11 2 2 298 0 10 14 2 29 0 2 0 257 2 2 589 0 1 4 60 0 3 0 35 7 2 0 2 0 1 0 2 2 2 2 6 4 146 0 6 4 146 0 1 4 1 0 0 2 1 0 3 0 7 2 1 0 2 357 0 1 4 60 0 6 4 146 0 3 0 141 31 0 7 5 1 4 1 0 0 2 357 0 1 4 60 0 1 4 60 0 3 0 141 31 0 7 5 1 4 1 2 1 0 2 1 0 2 1 0 2 357 0 1 4 60 0 1 4 60 0 1 4 60 0 1 4 60 0 1 4 60 0 3 0 141 31 0 141 31 0 141 31 0 141 31 0 141 31 7 5 1 4 1 2 0 2 0 2 0 2 0 2 0 2 0 2 2 357 0 207 191 6 63 1 16 0 8 0 2 134 0 9 8 0 2 65 0 9 8 0 2 187 0 9 8 0 2 22 0 9 8 2 187 0 9 2 590 591 1 4 33 156 7 1 4 1 140 2 75 1 
59	1 1 1 4 95 0 3 0 0 1 7 2 1 0 5 1 0 1 4 1 4 95 0 3 0 1 7 2 0 1 0 3 0 1 7 2 0 91 1 2 51 0 18 19 1 4 152 132 7 1 4 1 133 3 0 35 7 2 65 0 11 2 0 222 171 0 3 0 1 7 2 1 0 2 65 0 5 1 0 7 2 22 0 10 2 187 0 0 1 4 11 2 0 588 1 2 36 0 10 1 4 0 2 29 0 2 29 0 12 0 2 65 5 0 
60	6 4 6 4 6 4 6 4 6 4 43 86 1 207 191 6 63 1 
61	555 43 86 1 207 191 6 63 1 1 
62	1 4 176 1 1 4 552 43 86 1 2 0 0 207 191 6 63 1 172 1 4 1 2 0 89 1 0 2 0 0 2 114 0 1 172 3 389 7 18 19 1 4 338 156 7 1 4 1 140 2 298 1 0 1 0 1 
63	1 4 1 4 43 86 1 2 0 0 1 4 1 95 3 0 7 2 0 257 0 2 298 0 5 1 4 60 0 11 2 0 2 298 0 10 14 2 29 0 1 2 0 257 42 93 2 2 589 0 1 4 1 1 0 2 2 2 357 0 207 191 6 63 1 16 0 8 0 2 134 0 9 8 0 2 65 0 9 8 0 2 187 0 9 8 0 2 22 0 9 8 2 187 0 9 2 590 591 1 4 33 156 7 1 4 1 140 2 75 1 
64	324 1 2 0 1 6 1 5 28 1 1 
65	6 301 6 300 6 6 6 6 6 6 6 1 6 425 6 
66	592 1 1 1 4 1 1 1 4 6 4 592 2 0 248 1 1 1 2 0 248 1 1 1 2 0 2 0 6 5 0 2 593 2 593 2 0 2 0 1 5 1 341 209 1 2 258 0 2 0 1 3 0 0 7 2 0 1 226 5 1 226 1 5 1 6 5 0 0 209 1 33 0 0 7 2 78 2 0 1 226 209 1 2 258 89 1 0 2 0 0 2 209 1 6 2 0 1 226 33 0 7 1 4 78 2 0 2 0 0 2 2 0 2 0 209 1 6 3 0 7 6 4 2 0 1 226 33 0 7 1 4 78 2 0 2 0 0 2 2 0 2 0 7 2 0 1 226 2 0 
67	100 100 1 6 1 2 2 0 2 0 0 2 0 0 2 0 0 100 2 2 0 100 63 1 2 0 2 0 6 4 1 4 6 4 1 4 1 3 0 7 5 94 1 4 6 4 18 19 6 4 0 0 0 7 3 0 0 0 0 7 2 0 0 0 0 18 19 6 4 0 0 0 0 0 7 2 0 0 0 0 0 3 0 0 0 0 0 7 2 0 2 0 0 1 4 1 4 0 18 19 6 4 0 0 0 7 3 0 2 0 3 0 7 2 0 0 9 2 0 0 2 0 0 2 0 0 0 2 0 0 3 0 7 2 0 0 7 2 0 0 2 0 0 5 0 1 4 95 1 594 1 1 4 34 1 6 4 18 19 6 4 0 35 0 7 16 92 0 8 88 8 2 17 88 8 2 17 88 8 2 17 88 8 2 17 88 8 2 17 88 8 2 17 88 8 2 17 88 8 2 17 88 8 3 0 92 0 0 7 1 4 28 0 2 17 38 35 35 7 2 17 0 88 5 28 1 
68	339 1 4 592 1 1 4 113 1 1 4 1 4 1 4 339 86 1 2 264 1 1 2 0 264 1 1 2 0 0 145 1 160 1 97 1 1 4 2 0 0 11 2 2 265 0 2 265 0 2 0 386 10 439 2 22 0 192 0 12 100 1 94 10 440 2 22 0 192 0 12 100 1 0 0 0 10 12 100 1 28 10 14 2 22 0 192 0 2 0 5 0 1 2 0 0 1 1 5 1 26 0 6 1 3 169 0 5 5 1 1 6 4 184 1 4 38 0 6 4 3 595 38 7 2 0 3 186 38 0 7 2 0 7 3 38 31 38 31 38 31 38 31 38 31 38 31 7 2 0 3 0 5 38 0 0 5 0 274 1 1 4 441 1 0 6 4 2 67 0 11 33 7 16 0 44 0 8 9 8 2 0 0 9 2 358 2 25 2 59 0 2 0 7 3 5 0 10 164 3 0 7 2 81 0 2 0 7 2 78 3 0 1 7 7 3 12 1 0 3 0 1 7 7 3 12 1 0 7 3 12 1 0 3 0 7 2 59 0 12 282 1 16 0 44 0 8 2 9 8 2 9 8 2 0 0 3 7 2 266 7 16 0 44 0 8 2 9 8 2 9 8 2 9 8 2 9 8 2 9 8 2 9 8 2 0 0 2 25 12 100 1 1 4 442 1 0 6 4 2 67 0 11 1 4 2 0 25 0 2 59 0 2 0 2 0 0 3 0 7 2 59 0 387 1 4 443 1 0 6 4 2 67 0 11 1 4 6 4 6 4 33 7 2 0 25 0 2 0 3 7 7 9 2 59 0 2 0 16 0 8 2 0 9 3 595 38 2 0 3 186 38 0 2 0 2 0 18 19 6 4 0 0 0 2 0 0 3 0 7 2 59 0 1 4 444 1 0 6 4 2 67 0 11 16 0 44 0 8 2 25 0 9 8 2 25 0 9 8 2 25 0 9 8 2 0 0 2 25 12 100 1 3 0 7 2 59 0 1 4 445 1 0 6 4 2 67 0 11 2 25 0 3 0 7 2 59 0 1 4 446 1 0 6 4 2 67 0 11 2 25 0 3 0 7 2 59 0 1 4 447 1 0 6 4 2 67 0 11 2 25 0 3 0 7 2 59 0 1 4 448 1 0 6 4 2 67 0 11 2 25 0 3 0 7 2 59 0 6 16 0 44 0 8 2 266 7 3 5 0 9 8 2 7 3 5 0 9 8 2 596 7 3 5 0 9 8 2 359 7 3 5 0 9 8 2 0 0 3 7 2 597 7 3 5 0 7 16 0 44 0 8 2 598 7 3 5 0 9 8 2 599 7 3 5 0 9 8 2 600 7 3 5 0 9 8 2 0 0 2 25 12 100 1 12 282 1 1 1 4 449 1 0 6 4 2 67 0 1 4 6 4 6 4 1 4 6 4 6 4 6 4 11 2 0 25 0 1 4 38 2 0 1 26 0 3 31 7 2 0 2 0 3 0 7 2 0 186 0 0 3 0 7 2 122 2 0 7 3 5 0 2 0 0 7 2 0 232 2 123 0 2 0 16 0 44 0 8 2 25 0 9 8 2 0 0 2 25 0 33 7 3 7 7 9 16 0 44 0 8 2 25 0 9 8 2 0 0 2 0 3 0 0 7 3 0 0 7 3 31 0 7 7 7 3 12 302 1 0 0 0 0 0 0 7 3 0 0 7 7 3 12 302 1 0 0 0 2 0 16 0 44 0 8 2 25 0 9 8 2 0 0 2 25 0 3 0 0 7 7 3 5 0 1 4 267 1 0 6 4 2 67 0 11 33 7 2 358 16 0 44 0 8 9 8 2 0 0 9 10 180 3 0 7 2 81 0 2 0 7 2 78 3 0 1 7 7 3 12 1 0 3 0 1 7 7 3 12 1 0 7 3 12 1 0 3 0 7 2 59 0 2 25 0 2 59 0 2 0 3 0 7 2 0 0 0 7 3 5 0 10 164 3 0 7 2 81 0 2 0 7 2 78 3 0 1 7 7 3 12 1 0 3 0 1 7 7 3 12 1 0 7 3 12 1 0 3 0 7 2 59 0 12 282 1 1 4 450 1 0 6 4 2 67 0 11 2 25 0 16 0 44 0 8 2 451 33 7 16 0 44 0 8 9 8 2 0 0 9 2 25 0 2 451 9 8 2 0 0 2 25 0 10 164 3 0 7 2 81 0 2 0 7 2 78 3 0 1 7 7 3 12 1 0 3 0 1 7 7 3 12 1 0 7 3 12 1 0 3 0 7 2 59 0 1 4 452 1 0 6 4 2 67 0 11 2 25 0 16 0 44 0 8 2 25 0 9 8 2 0 0 16 0 44 0 8 2 266 9 8 2 359 9 8 2 0 0 2 25 12 100 1 16 0 44 0 8 2 25 0 9 8 2 0 0 2 25 0 16 0 44 0 8 2 25 0 9 8 2 0 0 16 0 44 0 8 2 266 9 8 2 359 9 8 2 0 0 2 25 12 100 1 16 0 44 0 8 2 25 0 9 8 2 0 0 2 25 0 10 164 3 0 7 2 81 0 2 0 7 2 78 3 0 1 7 7 3 12 1 0 3 0 1 7 7 3 12 1 0 7 3 12 1 0 3 0 7 2 59 0 16 0 44 0 8 2 25 0 9 8 2 0 0 16 0 44 0 8 2 596 9 8 2 0 0 3 7 2 597 7 16 0 44 0 8 2 598 9 8 2 599 9 8 2 600 9 8 2 266 9 8 2 359 9 8 2 0 0 2 25 12 100 1 16 0 44 0 8 2 25 0 9 8 2 0 0 1 4 453 1 0 6 4 2 67 0 11 2 601 2 25 0 16 0 44 0 8 2 451 33 7 16 0 44 0 8 9 8 2 0 0 9 2 25 0 2 451 9 8 2 0 0 2 25 0 10 164 3 0 7 2 81 0 2 0 7 2 78 3 0 1 7 7 3 12 1 0 3 0 1 7 7 3 12 1 0 7 3 12 1 0 3 0 7 2 59 0 1 4 454 1 0 6 4 2 67 0 11 16 0 44 0 8 2 25 0 33 7 3 7 7 9 2 25 0 3 7 2 7 16 0 44 0 8 2 601 9 8 2 0 0 2 25 12 100 1 9 8 2 25 0 2 25 0 33 7 3 7 7 9 2 25 0 3 7 2 7 16 0 44 0 8 2 601 9 8 2 0 0 2 25 12 100 1 2 25 0 9 8 2 0 0 2 25 12 100 1 10 164 3 0 7 2 81 0 2 0 7 2 78 3 0 1 7 7 3 12 1 0 3 0 1 7 7 3 12 1 0 7 3 12 1 0 3 0 7 2 59 0 1 4 455 1 0 6 4 2 67 0 11 2 25 0 3 0 7 2 59 0 1 4 456 1 0 6 4 2 67 0 11 2 25 0 3 0 7 2 59 0 1 4 457 1 0 6 4 2 67 0 11 16 0 44 0 8 2 25 0 9 8 2 25 0 9 8 2 25 0 9 8 2 25 0 9 8 2 25 0 9 8 2 25 0 9 8 2 25 0 9 8 2 25 0 9 8 2 25 0 9 8 2 0 0 2 25 12 100 1 3 0 7 2 59 0 3 1 4 458 1 0 6 4 2 67 0 11 2 25 0 16 0 44 0 8 2 25 0 9 8 2 0 0 2 25 0 2 360 2 25 0 1 4 267 1 0 6 4 2 67 0 11 33 7 2 358 16 0 44 0 8 9 8 2 0 0 9 10 180 3 0 7 2 81 0 2 0 7 2 78 3 0 1 7 7 3 12 1 0 3 0 1 7 7 3 12 1 0 7 3 12 1 0 3 0 7 2 59 0 16 0 44 0 8 33 7 2 16 0 44 0 8 9 8 2 0 0 9 9 8 2 0 0 16 0 44 0 8 2 9 8 2 0 0 2 25 0 10 164 3 0 7 2 81 0 2 0 7 2 78 3 0 1 7 7 3 12 1 0 3 0 1 7 7 3 12 1 0 7 3 12 1 0 3 0 7 2 59 0 1 4 459 1 0 6 4 2 67 0 11 2 25 0 1 4 267 1 0 6 4 2 67 0 11 33 7 2 358 16 0 44 0 8 9 8 2 0 0 9 10 180 3 0 7 2 81 0 2 0 7 2 78 3 0 1 7 7 3 12 1 0 3 0 1 7 7 3 12 1 0 7 3 12 1 0 3 0 7 2 59 0 10 164 3 0 7 2 81 0 2 0 7 2 78 3 0 1 7 7 3 12 1 0 3 0 1 7 7 3 12 1 0 7 3 12 1 0 3 0 7 2 59 0 1 4 460 1 0 6 4 2 67 0 11 2 25 0 16 0 44 0 8 2 25 0 9 8 2 0 0 2 25 0 2 360 2 25 0 1 4 267 1 0 6 4 2 67 0 11 33 7 2 358 16 0 44 0 8 9 8 2 0 0 9 10 180 3 0 7 2 81 0 2 0 7 2 78 3 0 1 7 7 3 12 1 0 3 0 1 7 7 3 12 1 0 7 3 12 1 0 3 0 7 2 59 0 10 164 3 0 7 2 81 0 2 0 7 2 78 3 0 1 7 7 3 12 1 0 3 0 1 7 7 3 12 1 0 7 3 12 1 0 3 0 7 2 59 0 1 4 461 1 0 6 4 2 67 0 11 2 25 0 16 0 44 0 8 2 25 0 9 8 2 0 0 2 266 16 0 44 0 8 2 25 0 9 8 2 0 0 2 25 0 2 360 2 25 0 2 0 16 0 44 0 8 2 25 0 9 8 2 0 0 10 164 3 0 7 2 81 0 2 0 7 2 78 3 0 1 7 7 3 12 1 0 3 0 1 7 7 3 12 1 0 7 3 12 1 0 3 0 7 2 59 0 2 25 0 1 4 462 1 0 6 4 2 67 0 11 2 10 164 3 0 7 2 81 0 2 0 7 2 78 3 0 1 7 7 3 12 1 0 3 0 1 7 7 3 12 1 0 7 3 12 1 0 3 0 7 2 59 0 1 4 463 1 0 6 4 2 67 0 11 2 2 25 0 2 360 10 164 3 0 7 2 81 0 2 0 7 2 78 3 0 1 7 7 3 12 1 0 3 0 1 7 7 3 12 1 0 7 3 12 1 0 3 0 7 2 59 0 2 33 7 16 0 44 0 8 9 8 2 0 0 9 2 25 0 1 4 464 1 0 6 4 2 67 0 11 2 10 180 3 0 7 2 81 0 2 0 7 2 78 3 0 1 7 7 3 12 1 0 3 0 1 7 7 3 12 1 0 7 3 12 1 0 3 0 7 2 59 0 2 33 7 16 0 44 0 8 9 8 2 0 0 9 2 25 0 1 4 465 1 0 6 4 2 67 0 11 2 10 180 3 0 7 2 81 0 2 0 7 2 78 3 0 1 7 7 3 12 1 0 3 0 1 7 7 3 12 1 0 7 3 12 1 0 3 0 7 2 59 0 2 602 33 7 16 0 44 0 8 9 8 2 0 0 9 16 0 44 0 8 2 25 0 1 4 466 1 0 6 4 2 67 0 11 2 602 10 180 3 0 7 2 81 0 2 0 7 2 78 3 0 1 7 7 3 12 1 0 3 0 1 7 7 3 12 1 0 7 3 12 1 0 3 0 7 2 59 0 9 8 2 25 0 1 4 467 1 0 6 4 2 67 0 11 2 602 10 468 3 0 7 2 81 0 2 0 7 2 78 3 0 1 7 7 3 12 1 0 3 0 1 7 7 3 12 1 0 7 3 12 1 0 3 0 7 2 59 0 9 8 2 0 0 2 25 12 100 1 2 361 33 7 16 0 44 0 8 9 8 2 0 0 9 16 0 44 0 8 2 25 0 1 4 469 1 0 6 4 2 67 0 11 2 361 10 180 3 0 7 2 81 0 2 0 7 2 78 3 0 1 7 7 3 12 1 0 3 0 1 7 7 3 12 1 0 7 3 12 1 0 3 0 7 2 59 0 9 8 2 25 0 1 4 470 1 0 6 4 2 67 0 11 2 361 10 468 3 0 7 2 81 0 2 0 7 2 78 3 0 1 7 7 3 12 1 0 3 0 1 7 7 3 12 1 0 7 3 12 1 0 3 0 7 2 59 0 9 8 2 25 0 1 4 471 1 0 6 4 2 67 0 11 2 361 10 3 0 7 2 81 0 2 0 7 2 78 3 0 1 7 7 3 12 1 0 3 0 1 7 7 3 12 1 0 7 3 12 1 0 3 0 7 2 59 0 9 8 2 25 0 1 4 472 1 0 6 4 2 67 0 11 2 361 10 3 0 7 2 81 0 2 0 7 2 78 3 0 1 7 7 3 12 1 0 3 0 1 7 7 3 12 1 0 7 3 12 1 0 3 0 7 2 59 0 9 8 2 0 0 2 25 12 100 1 2 603 33 7 16 0 44 0 8 9 8 2 0 0 9 16 0 44 0 8 2 25 0 1 4 473 1 0 6 4 2 67 0 11 2 603 10 180 3 0 7 2 81 0 2 0 7 2 78 3 0 1 7 7 3 12 1 0 3 0 1 7 7 3 12 1 0 7 3 12 1 0 3 0 7 2 59 0 9 8 2 25 0 1 4 474 1 0 6 4 2 67 0 11 2 603 10 468 3 0 7 2 81 0 2 0 7 2 78 3 0 1 7 7 3 12 1 0 3 0 1 7 7 3 12 1 0 7 3 12 1 0 3 0 7 2 59 0 9 8 2 0 0 2 25 12 100 1 2 362 33 7 16 0 44 0 8 9 8 2 0 0 9 16 0 44 0 8 2 25 0 1 4 475 1 0 6 4 2 67 0 11 2 362 10 180 3 0 7 2 81 0 2 0 7 2 78 3 0 1 7 7 3 12 1 0 3 0 1 7 7 3 12 1 0 7 3 12 1 0 3 0 7 2 59 0 9 8 2 25 0 1 4 476 1 0 6 4 2 67 0 11 2 362 10 468 3 0 7 2 81 0 2 0 7 2 78 3 0 1 7 7 3 12 1 0 3 0 1 7 7 3 12 1 0 7 3 12 1 0 3 0 7 2 59 0 9 8 2 25 0 1 4 477 1 0 6 4 2 67 0 11 2 362 10 3 0 7 2 81 0 2 0 7 2 78 3 0 1 7 7 3 12 1 0 3 0 1 7 7 3 12 1 0 7 3 12 1 0 3 0 7 2 59 0 9 8 2 0 0 2 25 12 100 1 3 7 16 0 44 0 8 2 25 0 9 8 2 0 0 2 25 0 1 4 478 1 0 6 4 2 67 0 11 2 362 10 180 3 0 7 2 81 0 2 0 7 2 78 3 0 1 7 7 3 12 1 0 3 0 1 7 7 3 12 1 0 7 3 12 1 0 3 0 7 2 59 0 7 16 0 44 0 8 2 9 8 2 0 0 2 25 12 100 1 16 0 44 0 8 2 25 0 9 8 2 0 0 16 0 44 0 8 2 596 9 8 2 359 9 8 2 266 9 8 2 0 0 3 7 2 597 7 16 0 44 0 8 2 598 9 8 2 599 9 8 2 600 9 8 2 25 0 2 360 2 25 0 9 8 2 0 0 2 25 12 100 1 16 0 44 0 8 2 25 0 9 8 2 0 0 6 165 6 2 0 0 2 0 0 0 6 4 2 181 0 5 0 6 165 6 2 0 0 2 0 0 0 6 4 2 181 0 5 0 6 165 6 2 0 0 2 0 0 0 6 4 2 181 0 5 0 6 165 6 2 0 0 2 0 0 0 6 4 2 181 0 5 0 6 165 6 2 0 0 2 0 0 0 6 4 2 181 0 5 0 6 165 6 2 0 0 2 0 0 0 6 4 604 2 181 0 5 0 6 165 6 2 0 0 2 0 0 0 6 4 605 2 181 0 5 0 6 165 6 2 0 0 2 0 0 0 6 4 606 2 181 0 5 0 6 165 6 2 0 0 2 0 0 0 6 4 607 2 181 0 5 0 6 165 6 2 0 0 2 0 0 0 6 4 608 2 181 0 5 0 6 165 6 2 0 0 2 0 0 0 6 4 2 181 0 5 0 6 3 54 0 5 3 0 0 0 5 5 6 3 54 0 5 3 0 0 0 5 5 6 3 54 0 5 3 0 0 0 5 5 6 1 4 2 0 0 3 2 0 0 3 0 0 0 5 3 5 3 0 0 0 5 5 6 3 54 0 5 3 0 0 0 5 5 6 3 54 0 5 3 0 0 0 5 5 6 3 609 5 3 0 0 0 5 5 6 3 609 5 3 0 0 0 5 5 6 3 233 5 3 0 0 0 5 5 6 3 54 0 5 3 0 0 0 5 5 6 3 233 5 3 0 0 0 5 5 6 3 210 5 3 0 0 0 5 5 6 3 5 3 0 0 0 5 5 6 3 54 0 5 3 0 0 0 5 3 479 5 3 0 0 0 5 5 6 3 54 0 5 3 0 0 0 5 5 6 3 5 3 0 0 0 5 5 6 3 210 5 3 0 0 0 5 5 6 3 54 0 5 3 0 0 0 5 5 6 3 54 0 5 3 0 0 0 5 5 6 3 54 0 5 3 0 0 0 5 5 6 3 54 0 5 3 0 0 0 5 1 4 2 0 0 3 607 7 2 0 0 3 5 3 0 0 0 5 3 0 0 0 5 5 6 3 479 5 3 0 0 0 5 1 4 33 7 2 0 0 3 7 2 0 0 9 3 0 0 0 5 5 6 3 54 0 5 3 0 0 0 5 1 4 2 0 0 3 605 7 2 0 0 3 5 3 0 0 0 5 3 0 0 0 5 5 6 3 54 0 5 3 0 0 0 5 3 54 0 5 3 0 0 0 5 1 4 33 7 2 0 0 3 606 7 2 0 0 9 3 0 0 0 5 3 54 0 5 3 0 0 0 5 5 6 3 233 5 3 0 0 0 5 5 6 3 54 0 5 3 0 0 0 5 1 4 2 0 0 3 2 0 0 3 0 0 0 5 2 0 0 3 7 2 0 0 3 5 3 0 0 0 5 3 0 0 0 5 2 0 0 3 2 0 0 3 0 0 0 5 3 54 0 5 3 0 0 0 5 5 6 3 54 0 5 3 0 0 0 5 5 6 3 54 0 5 3 0 0 0 5 1 4 33 7 2 0 0 3 604 7 2 0 0 9 3 0 0 0 5 5 6 3 210 5 3 0 0 0 5 5 6 3 54 0 5 3 0 0 0 5 5 6 1 4 2 0 0 3 7 2 0 0 3 5 3 0 0 0 5 3 0 0 0 5 5 6 3 610 5 3 0 0 0 5 5 6 3 54 0 5 3 0 0 0 5 5 6 3 611 5 3 0 0 0 5 5 6 3 612 5 3 0 0 0 5 5 6 3 613 5 3 0 0 0 5 5 6 3 210 5 3 0 0 0 5 5 6 3 210 5 3 0 0 0 5 5 6 3 54 0 5 3 0 0 0 5 1 4 2 0 0 3 2 0 0 3 0 0 0 5 2 0 0 3 7 2 0 0 3 5 3 0 0 0 5 3 0 0 0 5 2 0 0 3 2 0 0 3 0 0 0 5 3 54 0 5 3 0 0 0 5 5 6 3 233 5 3 0 0 0 5 5 6 3 609 5 3 0 0 0 5 3 54 0 5 3 0 0 0 5 1 4 2 0 0 3 2 0 0 3 0 0 0 5 3 54 0 5 3 0 0 0 5 5 6 3 614 5 3 0 0 0 5 5 6 3 54 0 5 3 0 0 0 5 5 6 1 4 2 0 0 3 2 0 0 3 0 0 0 5 2 0 0 3 7 2 0 0 3 7 2 0 0 3 7 2 0 0 3 7 2 0 0 3 7 2 0 0 3 7 2 0 0 3 7 2 0 0 3 5 3 0 0 0 5 3 0 0 0 5 3 0 0 0 5 3 0 0 0 5 3 0 0 0 5 3 0 0 0 5 3 0 0 0 5 3 0 0 0 5 5 6 3 54 0 5 3 0 0 0 5 5 6 3 233 5 3 0 0 0 5 5 6 3 210 5 3 0 0 0 5 5 6 3 54 0 5 3 0 0 0 5 5 6 3 610 5 3 0 0 0 5 5 6 3 611 5 3 0 0 0 5 5 6 1 4 2 0 0 3 608 7 2 0 0 3 5 3 0 0 0 5 3 0 0 0 5 5 6 1 4 2 0 0 3 2 0 0 3 0 0 0 5 3 54 0 5 3 0 0 0 5 3 5 3 0 0 0 5 5 6 3 5 3 0 0 0 5 5 6 3 612 5 3 0 0 0 5 5 6 3 613 5 3 0 0 0 5 5 6 3 614 5 3 0 0 0 5 5 6 3 54 0 5 3 0 0 0 5 5 6 3 233 5 3 0 0 0 5 5 6 3 54 0 5 3 0 0 0 5 3 479 5 3 0 0 0 5 5 6 3 233 5 3 0 0 0 5 5 6 3 54 0 5 3 0 0 0 5 5 6 1 4 2 0 0 3 2 0 0 3 0 0 0 5 2 0 0 3 7 2 0 0 3 7 2 0 0 3 7 2 0 0 3 7 2 0 0 3 7 2 0 0 3 7 2 0 0 3 5 3 0 0 0 5 3 0 0 0 5 3 0 0 0 5 3 0 0 0 5 3 0 0 0 5 3 0 0 0 5 3 0 0 0 5 2 0 0 3 2 0 0 3 0 0 0 5 5 6 3 54 0 5 3 0 0 0 5 5 6 3 54 0 5 3 0 0 0 5 1 4 2 0 0 3 2 0 0 3 0 0 0 5 2 0 0 3 7 2 0 0 3 5 3 0 0 0 5 3 0 0 0 5 2 0 0 3 2 0 0 3 0 0 0 5 3 54 0 5 3 0 0 0 5 5 6 3 610 5 3 0 0 0 5 5 6 3 54 0 5 3 0 0 0 5 5 6 3 210 5 3 0 0 0 5 5 6 3 611 5 3 0 0 0 5 5 6 3 54 0 5 3 0 0 0 5 5 6 3 210 5 3 0 0 0 5 5 6 3 479 5 3 0 0 0 5 1 4 33 7 2 0 0 3 7 2 0 0 9 3 0 0 0 5 5 6 3 612 5 3 0 0 0 5 5 6 3 54 0 5 3 0 0 0 5 1 4 2 0 0 3 2 0 0 3 0 0 0 5 2 0 0 3 7 2 0 0 3 5 3 0 0 0 5 3 0 0 0 5 2 0 0 3 2 0 0 3 0 0 0 5 3 54 0 5 3 0 0 0 5 2 0 0 3 2 0 0 3 0 0 0 5 2 0 0 3 7 2 0 0 3 5 3 0 0 0 5 3 0 0 0 5 2 0 0 3 2 0 0 3 0 0 0 5 3 54 0 5 3 0 0 0 5 5 6 3 613 5 3 0 0 0 5 5 6 3 233 5 3 0 0 0 5 5 6 3 54 0 5 3 0 0 0 5 1 4 2 0 0 3 2 0 0 3 0 0 0 5 3 54 0 5 3 0 0 0 5 5 6 3 614 5 3 0 0 0 5 5 6 3 5 3 0 0 0 5 5 6 3 210 5 3 0 0 0 5 5 6 1 4 2 0 0 3 7 2 0 0 3 7 2 0 0 3 7 2 0 0 3 7 2 0 0 3 7 2 0 0 3 7 2 0 0 3 7 2 0 0 3 5 3 0 0 0 5 3 0 0 0 5 3 0 0 0 5 3 0 0 0 5 3 0 0 0 5 3 0 0 0 5 3 0 0 0 5 3 0 0 0 5 5 6 3 54 0 5 3 0 0 0 5 5 6 3 54 0 5 3 0 0 0 5 5 1 4 1 4 4 6 4 1 4 4 6 4 6 4 6 4 6 4 6 4 6 6 4 6 4 1 4 1 6 4 6 4 339 304 1 2 0 480 1 0 2 0 305 1 2 0 2 0 18 19 6 4 0 0 2 0 0 18 19 6 4 0 0 0 2 0 0 306 1 234 304 1 2 265 0 2 0 305 1 2 0 2 2 0 18 19 6 4 0 0 2 0 0 18 19 6 4 0 0 0 2 0 0 306 1 339 1 2 0 0 2 0 305 1 2 0 2 0 18 19 6 4 0 0 2 0 0 18 19 6 4 0 0 0 2 0 0 306 1 234 1 2 0 0 2 0 305 1 2 0 2 2 0 18 19 6 4 0 0 2 0 0 18 19 6 4 0 0 0 2 0 0 306 1 1 157 6 1 4 3 0 0 2 0 0 2 0 0 363 2 0 3 0 0 7 2 0 3 0 7 2 0 18 19 6 4 0 0 0 7 1 4 0 0 33 0 7 3 0 0 2 0 2 0 0 5 0 2 0 0 2 0 0 12 6 157 6 3 0 0 7 2 0 3 0 7 2 0 0 0 363 7 2 0 0 0 7 2 0 0 3 0 7 6 4 1 4 0 33 0 0 0 7 2 0 2 0 0 3 0 2 0 0 5 0 0 1 3 0 2 0 0 2 0 0 363 2 0 2 0 5 0 1 220 6 1 4 0 0 0 18 19 6 4 0 0 0 7 3 0 2 0 0 2 0 0 363 5 0 6 3 0 0 5 0 0 363 5 0 0 1 1 1 4 248 1 1 1 6 4 6 4 6 4 6 6 4 157 6 84 6 3 0 5 3 0 0 7 2 0 0 0 3 0 7 2 0 6 0 18 19 6 4 0 0 0 7 2 0 0 0 0 6 4 18 19 1 1 1 4 338 156 7 6 4 6 140 3 0 0 7 2 0 18 19 6 4 0 0 0 7 3 0 0 0 0 7 2 0 9 3 0 9 3 0 2 114 0 3 0 2 0 0 0 0 1 2 593 6 4 6 18 19 6 4 0 0 7 2 0 0 3 0 7 2 0 0 2 0 18 19 6 4 0 0 7 3 0 0 0 7 18 19 6 4 0 0 7 3 0 0 0 7 2 0 0 3 0 0 0 7 2 0 0 18 19 6 4 0 0 7 3 0 0 7 2 0 6 2 0 0 2 114 0 2 0 2 2 6 4 6 77 18 19 6 4 0 77 0 7 2 0 0 6 341 0 5 100 1 0 0 0 2 0 18 19 6 4 0 0 7 1 4 0 0 82 0 7 3 0 0 7 2 0 0 2 0 0 0 16 0 8 2 9 8 2 9 8 2 9 8 2 9 8 2 9 8 2 604 9 8 2 605 9 8 2 606 9 8 2 607 9 8 2 608 9 8 2 9 2 0 0 2 0 220 6 165 6 1 4 0 0 33 0 0 7 3 0 7 2 0 0 306 1 9 2 0 0 2 0 0 0 0 2 0 0 2 0 0 306 6 4 1 4 6 4 1 4 1 1 
69	6 4 6 4 6 4 6 4 6 4 6 4 6 4 6 4 6 4 6 4 6 4 6 4 6 4 6 4 6 4 6 4 6 4 6 4 6 4 6 4 6 4 6 4 6 4 6 4 6 4 6 4 6 4 6 4 6 4 6 4 6 4 6 4 6 4 6 4 6 4 6 4 6 4 6 4 6 4 6 4 6 4 6 4 6 4 6 4 6 4 6 4 6 4 6 4 6 4 6 4 6 4 6 4 6 4 6 4 6 4 6 4 6 4 6 4 6 4 6 4 6 4 6 4 6 4 6 4 6 4 6 4 6 4 1 4 
70	480 6 4 6 4 6 4 1 4 420 1 6 4 6 4 6 4 6 4 6 4 6 1 4 11 2 0 1 226 10 14 2 0 2 123 0 5 3 0 2 29 77 1 26 1 26 2 0 1 26 2 0 1 26 2 123 1 26 5 6 3 0 2 29 77 0 1 4 113 1 2 15 89 1 0 2 15 89 1 0 2 15 89 1 0 2 0 2 258 0 5 2 283 2 0 2 0 2 0 2 0 2 0 2 0 5 6 4 3 0 2 0 33 0 7 3 0 7 3 0 0 7 2 122 7 2 0 2 0 7 3 122 9 1 1 1 4 0 1 1 1 2 0 0 6 84 6 61 6 16 0 8 3 0 7 2 0 5 3 0 5 3 0 5 5 8 3 0 7 2 0 2 0 5 3 0 5 5 8 3 0 7 2 0 2 0 5 5 8 3 0 7 2 0 2 0 5 3 0 5 5 8 5 6 84 6 61 6 5 615 364 0 0 0 6 84 6 157 6 2 0 0 2 0 0 5 0 6 84 6 157 6 166 6 2 0 0 2 0 0 11 2 0 49 10 14 5 0 5 615 0 0 6 16 0 8 2 0 5 197 8 2 0 5 197 8 5 69 8 5 197 8 5 69 8 5 69 8 5 69 8 5 69 8 5 481 8 5 197 8 5 69 8 2 0 5 197 8 2 0 5 197 8 2 0 5 197 8 5 69 8 5 69 8 5 197 8 5 197 8 5 197 8 5 615 6 61 6 11 2 0 49 10 14 2 364 0 5 16 0 8 3 0 5 69 9 8 3 0 5 69 9 8 3 0 5 481 9 8 3 0 5 69 9 8 3 0 5 69 3 0 5 69 3 0 5 69 3 0 5 69 9 8 5 0 8 5 0 8 3 0 5 69 9 8 9 5 268 0 6 136 6 61 6 3 0 0 5 268 0 11 2 0 49 10 14 2 364 0 5 16 0 8 5 0 8 5 0 8 9 5 268 0 6 136 6 61 6 3 0 0 5 268 0 11 2 0 49 10 14 2 364 0 5 16 0 8 3 0 5 481 9 8 5 0 8 9 5 268 0 6 136 6 61 6 3 0 0 5 268 0 11 2 0 49 10 14 2 364 0 5 16 0 8 3 0 5 481 9 8 9 5 268 0 166 6 3 0 0 0 7 2 0 0 0 2 0 0 0 616 6 6 82 0 0 7 2 0 0 0 0 6 6 2 47 0 2 47 0 616 6 6 82 0 0 7 2 47 0 0 616 6 2 47 0 0 2 47 0 0 6 4 6 4 6 211 6 212 6 6 4 6 4 2 0 6 4 2 0 0 6 4 4 18 19 7 3 0 2 198 3 0 7 6 4 0 82 0 0 7 16 0 0 8 3 0 7 3 0 2 0 2 47 3 0 7 3 0 2 0 3 0 7 3 0 2 0 2 47 3 0 7 3 0 2 0 2 45 3 0 2 47 3 0 2 55 3 0 2 55 3 0 2 0 0 3 0 7 3 0 2 0 2 55 3 0 2 0 0 9 8 3 0 2 55 9 8 3 0 0 2 0 9 8 3 0 0 2 0 9 8 3 0 2 0 0 9 8 3 0 2 0 0 9 8 3 0 0 2 0 9 8 3 0 2 0 0 9 8 3 0 2 0 0 9 8 3 0 9 3 0 2 0 2 47 9 8 3 0 2 55 9 8 3 0 2 55 9 8 3 0 0 2 0 9 8 3 0 2 55 9 8 3 0 2 55 9 8 3 0 2 55 9 8 3 0 2 0 0 9 8 3 0 2 47 9 8 3 0 2 79 9 8 3 0 2 55 9 8 3 0 2 55 9 8 3 0 2 55 9 8 3 0 2 79 9 8 3 0 2 55 9 8 3 0 0 2 0 9 8 3 0 0 2 0 9 8 3 0 0 2 0 9 8 3 0 2 0 0 9 8 3 0 2 47 9 8 3 0 9 3 0 2 0 2 47 9 8 3 0 9 3 0 2 0 2 0 0 9 8 3 0 0 2 0 9 8 3 0 2 45 9 8 3 0 0 2 0 9 8 3 0 9 3 0 2 0 2 45 9 8 9 3 0 7 6 4 0 82 0 0 7 16 0 0 8 3 0 7 3 0 2 0 2 47 3 0 2 55 9 8 3 0 2 0 9 8 3 0 2 55 9 8 3 0 2 79 9 8 3 0 2 55 9 8 2 79 9 8 3 0 2 79 9 8 3 0 9 3 0 2 0 2 47 9 8 3 0 2 55 9 8 3 0 2 45 9 8 3 0 2 45 9 8 3 0 2 79 9 8 9 7 6 4 6 0 6 4 0 6 4 0 6 4 0 6 4 0 82 0 0 7 16 0 0 8 3 147 0 0 0 0 0 0 2 0 9 8 3 147 0 0 0 0 0 2 79 9 8 3 147 0 0 0 0 0 2 79 9 8 9 3 0 7 2 0 0 2 0 0 2 0 2 0 3 0 0 0 0 0 5 0 11 2 0 49 10 14 5 0 6 84 6 61 6 16 0 8 3 0 5 5 8 5 6 84 6 61 6 5 617 0 0 0 6 84 6 157 6 166 6 2 0 0 2 0 0 11 2 0 49 10 14 5 0 5 617 0 0 6 16 0 8 2 0 5 8 5 8 5 617 6 61 6 11 2 0 49 10 14 2 0 5 16 0 8 3 0 5 69 3 0 5 69 9 8 3 0 5 9 8 9 5 0 6 211 6 212 6 6 4 6 4 2 0 6 4 2 0 0 6 4 4 18 19 7 3 0 2 198 3 0 7 6 4 0 82 0 0 7 16 0 0 8 3 0 7 3 0 2 0 2 45 3 0 2 0 0 9 8 3 0 2 0 0 9 8 3 0 0 2 0 9 8 3 0 2 0 0 9 8 3 0 0 2 0 9 8 3 0 2 45 9 8 3 0 0 2 0 9 8 3 0 9 3 0 2 0 2 45 9 8 9 3 0 7 6 4 0 82 0 0 7 16 0 0 8 3 0 2 55 9 8 3 0 2 0 9 8 3 0 2 45 9 8 3 0 2 45 9 8 3 0 2 79 9 8 9 7 6 4 6 0 6 4 0 6 4 0 6 4 0 6 4 0 82 0 0 7 16 0 0 8 3 147 0 0 0 0 0 0 2 0 9 8 9 3 0 7 2 0 0 2 0 0 2 0 2 0 3 0 0 0 0 0 5 0 11 2 0 49 10 14 5 0 6 84 6 61 6 16 0 8 3 0 5 3 0 7 2 0 5 3 0 7 2 0 5 5 8 3 0 5 3 0 7 2 0 2 0 5 3 0 7 2 0 2 0 5 3 0 5 5 8 3 0 7 2 0 2 0 5 3 0 7 2 0 2 0 5 5 8 3 0 5 3 0 7 2 0 2 0 5 5 8 3 0 7 2 0 2 0 5 5 8 5 6 84 6 61 6 5 618 307 0 0 0 6 84 6 157 6 166 6 2 0 0 2 0 0 11 2 0 49 10 14 5 0 5 618 0 0 6 16 0 8 2 0 5 482 8 5 482 8 5 482 8 5 482 8 5 618 6 61 6 11 2 0 49 10 14 2 307 0 5 16 0 8 3 0 5 69 9 8 3 0 5 483 9 8 3 0 5 483 9 8 5 0 8 5 0 8 9 5 213 0 6 136 6 61 6 3 0 0 5 213 0 11 2 0 49 10 14 2 307 0 5 16 0 8 5 0 8 5 0 8 9 5 213 0 6 136 6 61 6 3 0 0 5 213 0 11 2 0 49 10 14 2 307 0 5 16 0 8 5 0 8 3 0 5 483 9 8 9 5 213 0 6 136 6 61 6 3 0 0 5 213 0 11 2 0 49 10 14 2 307 0 5 16 0 8 5 0 8 9 5 213 0 6 136 6 61 6 3 0 0 5 213 0 11 2 0 49 10 14 2 307 0 5 16 0 8 3 0 5 483 9 8 9 5 213 0 6 211 6 212 6 6 4 6 4 2 0 6 4 2 0 0 6 4 4 18 19 7 3 0 2 198 3 0 7 6 4 0 82 0 0 7 16 0 0 8 3 0 7 3 0 2 0 2 47 3 0 7 3 0 2 0 2 45 3 0 2 47 3 0 2 0 0 9 8 3 0 7 3 0 2 0 2 47 3 0 7 3 0 2 0 3 0 2 55 3 0 2 0 0 9 8 3 0 9 3 0 2 0 2 47 9 8 3 0 9 3 0 2 0 2 47 9 8 3 0 9 3 0 2 0 2 47 9 8 3 0 2 0 0 9 8 3 0 0 2 0 9 8 3 0 2 0 0 9 8 3 0 2 47 9 8 3 0 9 3 0 2 0 2 47 9 8 3 0 0 2 0 9 8 3 0 2 45 9 8 3 0 0 2 0 9 8 3 0 9 3 0 2 0 2 45 9 8 3 0 2 79 9 8 3 0 0 2 0 9 8 3 0 0 2 0 9 8 3 0 2 0 0 9 8 3 0 2 55 9 8 3 0 0 2 0 9 8 3 0 0 2 0 9 8 3 0 2 0 0 9 8 9 3 0 7 6 4 0 82 0 0 7 16 0 0 8 3 0 7 3 0 2 0 2 47 3 0 2 55 3 0 2 79 9 8 3 0 9 3 0 2 0 2 47 9 8 3 0 7 3 0 2 0 2 47 3 0 2 0 0 3 0 2 0 0 9 8 3 0 7 3 0 2 0 2 47 3 0 2 0 0 9 8 3 0 7 3 0 2 0 2 47 3 0 7 3 0 2 0 2 79 9 8 3 0 2 0 9 8 3 0 9 3 0 2 0 2 47 9 8 3 0 2 55 9 8 3 0 2 45 9 8 3 0 2 45 9 8 3 0 2 79 9 8 3 0 2 79 9 8 3 0 9 3 0 2 0 2 79 9 8 3 0 2 0 0 9 8 9 7 6 4 6 0 6 4 0 6 4 0 6 4 0 6 4 0 82 0 0 7 16 0 0 8 3 147 0 0 0 0 0 0 2 0 9 8 9 3 0 7 2 0 0 2 0 0 2 0 2 0 3 0 0 0 0 0 5 0 11 2 0 49 10 14 5 0 6 84 6 61 6 16 0 8 3 0 5 3 0 5 5 8 5 6 84 6 61 6 5 619 0 0 0 6 84 6 157 6 166 6 2 0 0 2 0 0 11 2 0 49 10 14 5 0 5 619 0 0 6 16 0 8 2 0 5 8 2 0 5 8 5 619 6 61 6 11 2 0 49 10 14 2 0 5 16 0 8 3 0 5 69 9 8 3 0 5 9 8 3 0 5 9 8 9 5 0 6 211 6 212 6 6 4 6 4 2 0 6 4 2 0 0 6 4 4 18 19 7 3 0 2 198 3 0 7 6 4 0 82 0 0 7 16 0 0 8 3 0 2 0 0 9 8 3 0 7 3 0 2 0 2 47 3 0 7 3 0 2 0 2 45 3 0 2 45 3 0 2 45 9 8 3 0 2 45 3 0 7 3 0 2 0 9 8 3 0 2 45 3 0 2 0 0 3 0 7 3 0 2 0 9 8 3 0 2 45 9 8 3 0 2 79 9 8 3 0 0 2 0 9 8 3 0 2 47 9 8 3 0 9 3 0 2 0 2 47 9 8 3 0 2 0 0 9 8 3 0 9 3 0 2 0 2 0 0 9 8 3 0 2 0 0 9 8 3 0 0 2 0 9 8 3 0 0 2 0 9 8 3 0 2 45 9 8 3 0 0 2 0 9 8 3 0 9 3 0 2 0 2 45 9 8 9 3 0 7 6 4 0 82 0 0 7 16 0 0 8 3 0 2 0 0 9 8 3 0 7 3 0 2 0 2 47 3 0 2 55 3 0 2 79 9 8 3 0 2 79 3 0 2 45 3 0 2 45 9 8 3 0 2 45 3 0 2 45 3 0 2 0 0 9 8 3 0 2 79 9 8 3 0 2 0 0 9 8 3 0 9 3 0 2 0 2 47 9 8 3 0 2 79 9 8 3 0 9 3 0 2 0 2 47 9 8 3 0 2 0 9 8 3 0 2 55 9 8 3 0 2 45 9 8 3 0 2 45 9 8 3 0 2 79 9 8 9 7 6 4 6 0 6 4 0 6 4 0 6 4 0 6 4 0 82 0 0 7 16 0 0 8 3 147 0 0 0 0 0 9 3 0 2 0 2 47 9 8 3 147 0 0 0 0 0 0 2 0 9 8 9 3 0 7 2 0 0 2 0 0 2 0 2 0 3 0 0 0 0 0 5 0 11 2 0 49 10 14 5 0 6 84 6 61 6 16 0 8 3 0 5 5 8 5 6 84 6 61 6 5 620 0 0 0 6 84 6 157 6 166 6 2 0 0 2 0 0 11 2 0 49 10 14 5 0 5 620 0 0 6 16 0 8 2 0 5 8 5 8 5 620 6 61 6 11 2 0 49 10 14 2 0 5 16 0 8 3 0 5 69 3 0 5 69 9 8 3 0 5 9 8 9 5 0 6 211 6 212 6 6 4 6 4 2 0 6 4 2 0 0 6 4 4 18 19 7 3 0 2 198 3 0 7 6 4 0 82 0 0 7 16 0 0 8 3 0 7 3 0 2 0 2 45 3 0 2 0 0 9 8 3 0 2 0 0 9 8 3 0 0 2 0 9 8 3 0 2 0 0 9 8 3 0 0 2 0 9 8 3 0 2 45 9 8 3 0 0 2 0 9 8 3 0 9 3 0 2 0 2 45 9 8 9 3 0 7 6 4 0 82 0 0 7 16 0 0 8 3 0 2 55 9 8 3 0 2 0 9 8 3 0 2 45 9 8 3 0 2 45 9 8 3 0 2 79 9 8 9 7 6 4 6 0 6 4 0 6 4 0 6 4 0 6 4 0 82 0 0 7 16 0 0 8 3 147 0 0 0 0 0 0 2 0 9 8 9 3 0 7 2 0 0 2 0 0 2 0 2 0 3 0 0 0 0 0 5 0 11 2 0 49 10 14 5 0 6 84 6 61 6 16 0 8 3 0 5 5 8 5 6 84 6 61 6 5 621 0 0 0 6 84 6 157 6 166 6 2 0 0 2 0 0 11 2 0 49 10 14 5 0 5 621 0 0 6 16 0 8 2 0 5 8 5 621 6 61 6 11 2 0 49 10 14 2 0 5 16 0 8 3 0 5 69 9 8 3 0 5 9 8 9 5 0 6 211 6 212 6 6 4 6 4 2 0 6 4 2 0 0 6 4 4 18 19 7 3 0 2 198 3 0 7 6 4 0 82 0 0 7 16 0 0 8 3 0 7 3 0 2 0 3 0 7 3 0 2 0 2 45 3 0 2 0 0 3 0 2 0 0 9 8 3 0 2 0 0 9 8 3 0 0 2 0 9 8 3 0 2 0 0 9 8 3 0 0 2 0 9 8 3 0 0 2 0 9 8 3 0 2 0 0 9 8 3 0 0 2 0 9 8 3 0 2 45 9 8 3 0 0 2 0 9 8 3 0 9 3 0 2 0 2 45 9 8 9 3 0 7 6 4 0 82 0 0 7 16 0 0 8 3 0 2 55 9 8 3 0 2 0 9 8 3 0 2 45 9 8 3 0 2 45 9 8 3 0 2 79 9 8 9 7 6 4 6 0 6 4 0 6 4 0 6 4 0 6 4 0 82 0 0 7 16 0 0 8 3 147 0 0 0 0 0 0 2 0 9 8 9 3 0 7 2 0 0 2 0 0 2 0 2 0 3 0 0 0 0 0 5 0 11 2 0 49 10 14 5 0 6 84 6 61 6 16 0 8 3 0 5 3 0 7 2 0 5 5 8 3 0 5 3 0 7 2 0 2 0 5 5 8 3 0 7 2 0 2 0 5 5 8 3 0 7 2 0 2 0 5 3 0 5 5 8 5 6 84 6 61 6 5 622 365 0 0 0 6 84 6 157 6 166 6 2 0 0 2 0 0 11 2 0 49 10 14 5 0 5 622 0 0 6 16 0 8 2 0 5 623 8 5 623 8 5 623 8 5 69 8 5 69 8 5 622 6 61 6 11 2 0 49 10 14 2 365 0 5 16 0 8 3 0 5 69 9 8 3 0 5 624 9 8 5 0 8 5 0 8 9 5 269 0 6 136 6 61 6 3 0 0 5 269 0 11 2 0 49 10 14 2 365 0 5 16 0 8 5 0 8 5 0 8 9 5 269 0 6 136 6 61 6 3 0 0 5 269 0 11 2 0 49 10 14 2 365 0 5 16 0 8 3 0 5 624 9 8 5 0 8 9 5 269 0 6 136 6 61 6 3 0 0 5 269 0 11 2 0 49 10 14 2 365 0 5 16 0 8 3 0 5 624 9 8 9 5 269 0 6 211 6 212 6 6 4 6 4 2 0 6 4 2 0 0 6 4 4 18 19 7 3 0 2 198 3 0 7 6 4 0 82 0 0 7 16 0 0 8 3 0 7 3 0 2 0 2 45 3 0 2 0 0 3 0 2 0 0 9 8 3 0 2 0 0 9 8 3 0 0 2 0 9 8 3 0 2 0 0 9 8 3 0 9 3 0 2 0 2 0 0 9 8 3 0 2 0 0 9 8 3 0 0 2 0 9 8 3 0 2 45 9 8 3 0 0 2 0 9 8 3 0 9 3 0 2 0 2 45 9 8 9 3 0 7 6 4 0 82 0 0 7 16 0 0 8 3 0 7 3 0 2 0 2 47 3 0 2 55 9 8 3 0 2 0 9 8 3 0 9 3 0 2 0 2 47 9 8 3 0 0 2 0 9 8 3 0 2 55 9 8 3 0 2 45 9 8 3 0 2 45 9 8 3 0 2 79 9 8 9 7 6 4 6 0 6 4 0 6 4 0 6 4 0 6 4 0 82 0 0 7 16 0 0 8 3 147 0 0 0 0 0 0 2 0 9 8 9 3 0 7 2 0 0 2 0 0 2 0 2 0 3 0 0 0 0 0 5 0 11 2 0 49 10 14 5 0 6 84 6 61 6 16 0 8 3 0 5 3 0 7 2 0 5 3 0 5 5 8 3 0 5 3 0 7 2 0 2 0 5 5 8 3 0 7 2 0 2 0 5 5 8 3 0 7 2 0 2 0 5 3 0 5 5 8 5 6 84 6 61 6 5 625 366 0 0 0 6 84 6 157 6 166 6 2 0 0 2 0 0 11 2 0 49 10 14 5 0 5 625 0 0 6 16 0 8 2 0 5 484 8 5 69 8 5 69 8 5 484 8 5 69 8 5 69 8 5 484 8 5 484 8 5 69 8 5 69 8 5 625 6 61 6 11 2 0 49 10 14 2 366 0 5 16 0 8 3 0 5 69 9 8 3 0 5 626 9 8 3 0 5 69 9 8 5 0 8 5 0 8 9 5 270 0 6 136 6 61 6 3 0 0 5 270 0 11 2 0 49 10 14 2 366 0 5 16 0 8 5 0 8 5 0 8 9 5 270 0 6 136 6 61 6 3 0 0 5 270 0 11 2 0 49 10 14 2 366 0 5 16 0 8 3 0 5 626 9 8 5 0 8 9 5 270 0 6 136 6 61 6 3 0 0 5 270 0 11 2 0 49 10 14 2 366 0 5 16 0 8 3 0 5 626 9 8 9 5 270 0 6 211 6 212 6 6 4 6 4 2 0 6 4 2 0 0 6 4 4 18 19 7 3 0 2 198 3 0 7 6 4 0 82 0 0 7 16 0 0 8 3 0 7 3 0 2 0 2 47 3 0 7 3 0 2 0 2 47 3 0 7 3 0 2 0 2 45 3 0 2 0 0 3 0 2 47 3 0 2 55 3 0 2 55 3 0 2 0 0 9 8 3 0 2 0 0 9 8 3 0 0 2 0 9 8 3 0 2 0 0 9 8 3 0 9 3 0 2 0 2 47 9 8 3 0 2 55 9 8 3 0 2 55 9 8 3 0 0 2 0 9 8 3 0 2 55 9 8 3 0 2 55 9 8 3 0 2 55 9 8 3 0 2 0 0 9 8 3 0 2 47 9 8 3 0 2 79 9 8 3 0 2 55 9 8 3 0 2 55 9 8 3 0 2 55 9 8 3 0 2 79 9 8 3 0 2 55 9 8 3 0 0 2 0 9 8 3 0 2 47 9 8 3 0 9 3 0 2 0 2 47 9 8 3 0 9 3 0 2 0 2 0 0 9 8 3 0 2 0 0 9 8 3 0 0 2 0 9 8 3 0 2 45 9 8 3 0 0 2 0 9 8 3 0 9 3 0 2 0 2 45 9 8 9 3 0 7 6 4 0 82 0 0 7 16 0 0 8 3 0 7 3 0 2 0 2 47 3 0 2 55 9 8 3 0 2 0 9 8 3 0 2 55 9 8 3 0 2 79 9 8 3 0 2 55 9 8 2 79 9 8 3 0 2 79 9 8 3 0 9 3 0 2 0 2 47 9 8 3 0 0 2 0 9 8 3 0 2 55 9 8 3 0 2 45 9 8 3 0 2 45 9 8 3 0 2 79 9 8 9 7 6 4 6 0 6 4 0 6 4 0 6 4 0 6 4 0 82 0 0 7 16 0 0 8 3 147 0 0 0 0 0 0 2 0 9 8 3 147 0 0 0 0 0 2 79 9 8 3 147 0 0 0 0 0 2 79 9 8 9 3 0 7 2 0 0 2 0 0 2 0 2 0 3 0 0 0 0 0 5 0 11 2 0 49 10 14 5 0 6 84 6 61 6 16 0 8 3 0 5 3 0 7 2 0 5 5 8 3 0 5 3 0 7 2 0 2 0 5 5 8 3 0 7 2 0 2 0 5 5 8 3 0 7 2 0 2 0 5 3 0 5 5 8 5 6 84 6 61 6 5 627 367 0 0 0 6 84 6 157 6 166 6 2 0 0 2 0 0 11 2 0 49 10 14 5 0 5 627 0 0 6 16 0 8 2 0 5 628 8 5 69 8 5 628 8 5 628 8 5 69 8 5 69 8 5 627 6 61 6 11 2 0 49 10 14 2 367 0 5 16 0 8 3 0 5 69 9 8 3 0 5 629 9 8 5 0 8 5 0 8 9 5 271 0 6 136 6 61 6 3 0 0 5 271 0 11 2 0 49 10 14 2 367 0 5 16 0 8 5 0 8 5 0 8 9 5 271 0 6 136 6 61 6 3 0 0 5 271 0 11 2 0 49 10 14 2 367 0 5 16 0 8 3 0 5 629 9 8 5 0 8 9 5 271 0 6 136 6 61 6 3 0 0 5 271 0 11 2 0 49 10 14 2 367 0 5 16 0 8 3 0 5 629 9 8 9 5 271 0 6 211 6 212 6 6 4 6 4 2 0 6 4 2 0 0 6 4 4 18 19 7 3 0 2 198 3 0 7 6 4 0 82 0 0 7 16 0 0 8 3 0 7 3 0 2 0 2 45 3 0 2 0 0 3 0 2 0 0 9 8 3 0 2 0 0 9 8 3 0 0 2 0 9 8 3 0 2 0 0 9 8 3 0 9 3 0 2 0 2 0 0 9 8 3 0 2 0 0 9 8 3 0 0 2 0 9 8 3 0 2 45 9 8 3 0 0 2 0 9 8 3 0 9 3 0 2 0 2 45 9 8 9 3 0 7 6 4 0 82 0 0 7 16 0 0 8 3 0 7 3 0 2 0 2 47 3 0 2 55 9 8 3 0 2 0 9 8 3 0 9 3 0 2 0 2 47 9 8 3 0 0 2 0 9 8 3 0 2 55 9 8 3 0 2 45 9 8 3 0 2 45 9 8 3 0 2 79 9 8 9 7 6 4 6 0 6 4 0 6 4 0 6 4 0 6 4 0 82 0 0 7 16 0 0 8 3 147 0 0 0 0 0 0 2 0 9 8 9 3 0 7 2 0 0 2 0 0 2 0 2 0 3 0 0 0 0 0 5 0 11 2 0 49 10 14 5 0 6 4 6 6 6 6 6 6 16 0 8 5 0 0 0 8 3 0 0 0 5 5 1 4 1 4 6 4 6 4 6 4 6 4 6 4 1 4 6 4 6 6 4 6 1 4 6 4 6 4 6 4 480 304 1 2 0 0 480 304 1 368 6 2 0 2 123 0 234 304 1 2 0 0 2 0 0 2 0 0 2 198 6 4 2 0 18 19 0 0 2 0 0 234 304 1 368 6 2 265 0 2 123 0 368 6 3 0 0 12 308 1 0 0 2 0 0 1 1 4 0 2 0 0 1 4 0 0 2 0 0 630 0 2 0 2 0 2 0 2 0 5 0 6 4 6 4 6 4 6 4 6 4 6 4 1 6 4 1 4 1 4 6 4 18 19 7 11 2 0 10 14 2 0 2 0 631 2 0 0 5 0 2 0 2 0 18 19 7 16 0 8 2 0 2 0 2 0 9 8 2 0 2 0 2 0 3 0 0 7 2 0 9 8 2 0 2 0 2 0 3 0 0 7 2 0 9 8 2 0 2 0 2 0 9 8 2 0 2 0 2 0 3 0 0 7 2 0 9 8 2 0 2 0 2 0 3 0 0 7 2 0 9 8 2 0 2 0 2 0 3 0 0 7 2 0 9 8 2 0 2 0 2 0 3 0 0 7 2 0 9 8 2 0 2 0 2 0 3 0 0 7 2 0 9 3 0 7 3 0 0 2 235 0 0 3 0 0 0 7 2 0 631 2 0 0 2 0 3 0 0 2 0 0 0 5 0 3 0 0 0 7 3 0 0 0 7 2 0 631 3 0 2 0 0 7 2 0 0 2 0 0 0 2 0 2 3 0 0 2 0 0 0 88 2 3 0 0 2 0 0 0 2 0 2 0 11 2 0 49 88 10 6 4 6 4 1 4 6 4 11 2 49 2 235 10 2 0 2 0 0 630 3 0 0 7 2 0 2 0 2 0 3 0 7 2 235 2 0 0 630 12 308 1 0 0 0 0 0 0 0 1 16 0 8 3 0 2 0 34 1 66 1 46 0 0 0 2 17 46 0 0 0 2 235 2 0 3 0 2 196 2 122 9 8 3 0 2 0 34 1 66 1 46 0 0 0 2 17 46 0 0 0 3 0 2 196 2 235 2 0 2 122 9 8 9 2 0 0 0 16 0 8 3 0 2 0 34 1 66 1 46 0 2 17 46 0 2 0 3 0 7 3 0 0 7 2 0 2 122 2 0 3 0 2 196 0 2 272 2 123 0 9 8 3 0 2 0 34 1 66 1 46 0 2 17 46 0 2 0 3 0 7 3 0 0 7 2 0 2 122 2 0 3 0 2 196 0 2 272 2 123 0 9 8 3 0 2 0 34 1 66 1 46 0 2 17 46 0 2 0 3 0 7 3 0 0 7 2 0 2 122 2 0 2 272 2 123 0 9 8 3 0 2 0 34 1 66 1 46 0 2 17 46 0 2 0 2 235 2 0 2 272 2 123 0 9 8 3 0 2 0 34 1 66 1 46 0 2 17 46 0 2 0 2 0 2 272 2 123 0 9 8 3 0 2 0 34 1 66 1 46 0 2 17 46 0 2 0 3 0 7 3 0 0 0 0 7 2 0 2 122 2 0 3 0 2 196 0 2 272 2 123 0 9 8 9 1 16 0 8 3 0 2 0 34 1 66 1 46 0 0 0 2 17 46 0 0 0 3 0 2 0 3 0 0 2 123 0 9 8 3 0 2 0 34 1 66 1 46 0 0 0 2 17 46 0 0 0 2 9 8 3 0 2 0 34 1 66 1 46 0 0 0 2 17 46 0 0 0 2 123 0 9 8 3 0 2 0 34 1 66 1 46 0 0 0 2 17 46 0 0 0 3 0 7 2 0 3 0 2 196 0 2 272 2 0 2 123 0 3 0 7 2 0 3 0 0 2 123 0 9 8 3 0 2 0 34 1 66 1 46 0 0 0 2 17 46 0 0 0 2 0 2 122 9 8 3 0 2 0 34 1 66 1 46 0 0 0 2 17 46 0 0 0 2 0 2 122 9 8 3 0 2 0 34 1 66 1 46 0 0 0 2 17 46 0 0 0 2 0 2 122 9 8 3 0 2 0 34 1 66 1 46 0 0 0 2 17 46 0 0 0 3 0 0 0 0 2 122 9 8 3 0 2 0 34 1 66 1 46 0 0 0 2 17 46 0 0 0 3 0 2 29 2 122 3 0 2 0 3 0 2 0 9 8 3 0 2 0 34 1 66 1 46 0 0 0 2 17 46 0 0 0 2 0 2 122 9 8 3 0 2 0 34 1 66 1 46 0 0 0 2 17 46 0 0 0 2 123 0 9 8 3 0 2 0 34 1 66 1 46 0 0 0 2 17 46 0 0 0 2 123 0 9 8 3 0 2 0 34 1 66 1 46 0 0 0 2 17 46 0 0 0 2 0 2 122 9 8 3 0 2 0 34 1 66 1 46 0 0 0 2 17 46 0 0 0 2 0 0 2 0 9 8 3 0 2 0 34 1 66 1 46 0 0 0 2 17 46 0 0 0 3 0 0 0 0 7 2 122 9 8 3 0 2 0 34 1 66 1 46 0 0 0 2 17 46 0 0 0 2 235 2 0 3 0 2 196 0 2 123 0 9 8 3 0 2 0 34 1 66 1 46 0 0 0 2 17 46 0 0 0 2 122 9 8 9 1 
71	6 4 6 4 6 4 6 4 6 4 6 4 6 4 6 4 6 4 6 4 6 4 6 4 6 4 6 4 6 4 6 4 6 4 6 4 6 4 6 4 6 4 6 4 6 4 6 4 6 4 6 4 6 4 6 4 6 4 6 4 6 4 6 4 6 4 6 4 6 4 6 4 6 4 6 4 1 4 
72	305 6 4 6 4 4 4 4 1 4 1 4 1 4 243 1 5 0 1 6 16 0 8 5 305 1 
73	308 6 4 6 4 6 4 6 4 6 4 1 594 1 1 4 34 1 6 4 18 19 6 4 0 35 0 7 16 92 0 8 88 8 2 17 88 8 2 17 88 8 2 17 88 8 2 17 88 8 2 17 88 8 2 17 88 8 2 17 88 8 2 17 88 8 3 0 92 0 0 7 1 4 28 0 2 17 38 35 35 7 2 17 0 88 5 28 1 6 368 6 6 6 1 6 5 0 0 0 0 6 0 0 1 5 94 308 308 63 1 6 2 0 2 0 0 308 6 368 6 6 6 1 6 6 2 0 0 0 0 0 0 0 1 
74	6 4 6 4 6 4 6 4 6 4 6 4 6 4 6 4 6 4 6 4 6 4 1 1 1 4 6 4 6 4 6 4 6 6 4 6 0 6 4 6 0 6 4 6 0 11 3 0 7 2 144 0 0 0 0 0 2 144 0 0 0 0 0 2 0 0 2 144 0 0 0 0 0 2 144 0 0 0 0 0 2 0 0 2 144 0 0 0 0 0 2 144 0 0 0 0 0 2 0 0 2 0 0 0 0 7 2 144 0 0 0 0 0 2 0 0 2 144 0 0 0 0 0 2 0 0 2 144 0 0 0 0 0 2 0 0 2 0 0 0 10 303 12 282 1 94 2 0 2 0 0 2 0 3 0 0 7 3 0 0 7 3 0 7 2 0 0 2 0 0 3 0 2 0 0 2 3 0 0 2 0 0 3 0 0 2 2 0 0 6 4 11 3 0 485 0 0 0 0 7 2 75 12 248 1 1 1 2 0 0 5 10 14 2 0 2 235 3 0 2 0 0 12 0 6 2 0 6 4 49 2 0 0 5 0 125 6 2 0 3 0 7 2 0 2 0 0 3 0 7 2 0 3 0 7 2 0 2 0 0 16 0 8 2 0 9 8 2 0 9 8 2 0 2 0 0 9 8 9 2 0 0 0 2 0 0 0 6 3 0 7 2 0 5 0 0 0 0 0 3 0 0 2 6 4 0 0 2 0 5 0 301 6 5 0 0 300 6 5 0 0 6 5 0 0 6 5 0 0 6 5 0 0 6 5 0 0 6 2 0 0 3 0 0 2 0 0 264 236 1 1 1 237 6 238 6 486 6 2 0 0 2 0 0 2 0 0 2 0 0 0 2 0 6 0 2 0 6 0 2 0 6 0 264 236 1 1 1 237 6 238 6 2 0 0 0 234 236 1 1 1 237 6 238 6 486 6 2 0 0 2 0 0 2 0 0 3 0 0 0 7 2 0 0 0 2 0 6 0 2 0 6 0 2 0 6 0 2 0 0 2 0 0 0 2 0 234 236 1 1 1 237 6 238 6 2 265 0 0 0 264 236 1 1 1 237 6 238 6 486 6 2 248 1 1 1 0 0 0 264 236 1 1 1 237 6 238 6 2 0 0 0 234 236 1 1 1 237 6 238 6 486 6 2 265 248 1 1 1 0 0 0 234 236 1 1 1 237 6 238 6 2 265 0 0 0 1 3 0 0 5 66 1 0 0 0 0 5 66 1 0 0 0 0 66 1 0 0 6 425 6 6 4 6 0 3 0 0 2 144 0 0 0 0 0 7 2 144 0 0 0 0 0 0 0 2 144 0 0 0 0 0 5 0 2 0 2 0 2 0 6 6 6 4 0 6 4 3 0 0 7 2 0 0 0 0 7 2 0 0 0 0 0 6 4 4 4 6 4 4 33 0 0 0 0 0 0 0 0 0 0 7 2 0 0 0 2 0 0 0 0 0 0 2 0 0 0 0 2 0 0 2 0 3 0 0 7 2 0 0 0 2 0 0 0 0 33 0 0 7 3 0 0 0 0 0 0 0 2 0 0 0 2 0 0 0 2 0 0 0 2 0 0 0 1 
75	1 4 1 4 183 1 48 1 6 5 0 369 1 5 0 
76	473 30 6 2 0 473 39 1 30 6 2 0 0 62 1 56 1 13 1 5 64 0 40 1 23 1 1 4 32 73 0 1 4 32 73 0 3 0 0 7 2 22 0 32 115 0 53 57 58 5 3 0 1 0 1 7 2 22 0 1 53 57 58 5 5 89 1 1 0 1 0 1 
77	465 30 6 2 0 465 39 1 30 6 2 0 0 62 1 56 1 13 1 5 64 0 40 1 23 1 5 194 1 52 0 103 6 23 1 1 4 32 1 4 32 3 0 0 7 2 22 0 53 57 58 5 3 52 0 7 3 52 0 7 5 5 1 
78	463 30 6 2 0 463 39 1 30 6 2 0 0 62 1 56 1 13 1 5 64 0 1 
79	267 30 6 2 0 267 39 1 30 6 2 0 0 62 1 56 1 13 1 5 64 0 119 6 23 1 70 1 6 4 4 135 18 19 0 0 0 0 2 32 161 0 0 0 5 1 
80	6 4 250 6 4 444 30 6 2 0 444 39 1 30 6 2 0 0 62 1 56 1 13 1 5 64 0 43 1 23 1 13 1 1 4 104 6 4 110 6 4 110 3 0 0 7 2 0 0 7 2 0 38 250 0 0 0 5 0 119 6 23 1 70 1 2 27 0 5 1 
81	1 4 1 4 6 4 449 30 6 2 0 449 39 1 30 6 2 0 0 62 1 56 1 13 1 5 64 0 43 1 23 1 13 1 2 36 0 0 3 595 0 7 2 0 2 0 1 42 171 0 2 36 0 0 2 57 58 3 186 0 53 7 2 0 2 0 1 427 0 53 2 36 0 0 2 57 58 7 2 0 5 0 119 6 23 1 70 1 3 0 7 2 161 0 0 7 2 27 2 27 0 5 594 1 2 0 0 5 1 5 0 1 
82	476 30 6 2 0 476 39 1 30 6 2 0 0 62 1 56 1 13 1 5 64 0 40 1 23 1 1 4 32 73 0 1 4 32 73 0 3 0 0 7 2 22 0 32 115 0 53 57 58 5 3 0 1 0 1 7 2 22 0 1 53 57 58 5 3 1 0 7 2 22 53 57 58 5 5 89 1 1 0 1 0 1 
83	460 30 6 2 0 460 39 1 30 6 2 0 0 62 1 56 1 13 1 5 64 0 103 6 23 1 5 32 52 0 119 6 23 1 70 1 5 32 161 0 0 1 
84	459 30 6 2 0 459 39 1 30 6 2 0 0 62 1 56 1 13 1 5 64 0 103 6 23 1 5 1 
85	466 30 6 2 0 466 39 1 30 6 2 0 0 62 1 56 1 13 1 5 64 0 103 6 23 1 1 4 32 73 0 1 4 32 73 0 3 0 0 7 2 22 0 32 115 0 53 57 58 5 3 42 31 42 7 5 31 0 7 2 22 42 42 53 57 58 5 40 1 23 1 6 4 52 0 5 0 0 0 1 
86	1 4 6 4 443 30 6 2 0 443 39 1 30 6 2 0 0 62 1 56 1 13 1 5 64 0 43 1 23 1 13 1 2 0 250 5 0 119 6 23 1 70 1 2 27 0 5 1 
87	442 30 6 2 0 442 39 1 30 6 2 0 0 62 1 56 1 13 1 5 64 0 119 6 23 1 70 1 2 27 104 0 5 1 
88	462 30 6 2 0 462 39 1 30 6 2 0 0 62 1 56 1 13 1 5 64 0 103 6 23 1 5 32 52 0 40 1 23 1 5 32 73 0 1 
89	1 4 0 456 30 6 2 0 456 39 1 30 6 2 0 0 62 1 56 1 13 1 5 64 0 103 6 23 1 5 40 1 23 1 5 0 1 
90	472 30 6 2 0 472 39 1 30 6 2 0 0 62 1 56 1 13 1 5 64 0 103 6 23 1 1 4 32 73 0 1 4 32 73 0 3 0 0 7 2 22 0 32 115 0 53 57 58 5 3 0 1 0 1 7 2 22 0 1 0 1 42 42 53 57 58 5 5 1 0 1 0 40 1 23 1 6 4 52 0 5 0 0 0 1 
91	470 30 6 2 0 470 39 1 30 6 2 0 0 62 1 56 1 13 1 5 64 0 103 6 23 1 1 4 32 73 0 1 4 32 73 0 3 0 0 7 2 22 0 32 115 0 53 57 58 5 3 0 1 0 1 7 2 22 0 1 0 1 42 42 53 57 58 5 5 1 0 1 0 40 1 23 1 6 4 52 0 5 0 0 0 1 
92	1 4 1 4 447 30 6 2 0 447 39 1 30 6 2 0 0 62 1 56 1 13 1 5 64 0 43 1 23 1 13 1 2 36 0 0 2 0 104 0 2 0 262 1 53 57 58 5 0 183 1 48 1 23 1 1 4 11 1 4 42 1 4 412 3 0 0 0 7 2 0 1 0 7 2 0 340 0 0 0 3 0 7 2 0 632 1 2 0 0 2 0 0 2 414 0 10 14 2 22 0 0 3 0 7 5 11 5 105 0 10 487 1 4 292 3 0 129 1 1 1 7 11 5 538 42 167 1 129 10 14 12 227 1 167 42 129 42 129 94 129 167 7 12 227 1 167 42 129 42 129 94 129 167 10 5 10 14 2 22 0 42 0 5 1 
93	458 30 6 2 0 458 39 1 30 6 2 0 0 62 1 56 1 13 1 5 64 0 119 6 23 1 70 1 3 32 52 0 7 2 32 161 0 0 5 6 4 135 18 19 6 4 0 0 0 7 3 32 52 0 0 7 2 32 161 0 0 0 5 5 274 23 1 56 1 1 
94	634 634 30 6 2 0 634 39 1 30 6 2 0 0 62 1 56 1 13 1 5 64 0 1 
95	452 30 6 2 0 452 39 1 30 6 2 0 0 62 1 56 1 13 1 5 64 0 40 1 23 1 1 4 32 73 0 1 4 32 73 0 3 0 0 7 2 22 0 53 57 58 5 3 0 1 0 1 7 2 22 0 1 53 57 58 5 6 4 1 0 6 4 1 0 6 4 0 0 2 0 6 4 0 0 1 4 91 1 6 4 0 18 19 6 4 0 0 0 7 2 51 89 1 0 2 0 0 5 0 1 
96	471 30 6 2 0 471 39 1 30 6 2 0 0 62 1 56 1 13 1 5 64 0 103 6 23 1 1 4 32 73 0 1 4 32 73 0 3 0 0 7 2 22 0 32 115 0 53 57 58 5 3 0 1 0 1 7 2 22 0 1 0 1 42 42 53 57 58 5 5 1 0 1 0 40 1 23 1 6 4 52 0 5 0 0 0 1 
97	469 30 6 2 0 469 39 1 30 6 2 0 0 62 1 56 1 13 1 5 64 0 103 6 23 1 1 4 32 73 0 1 4 32 73 0 3 0 0 7 2 22 0 32 115 0 53 57 58 5 3 0 1 0 1 7 2 22 0 1 0 1 42 42 53 57 58 5 5 1 0 1 0 40 1 23 1 6 4 52 0 5 0 0 0 1 
98	1 4 6 4 453 30 6 2 0 453 39 1 30 6 2 0 0 62 1 56 1 13 1 5 64 0 43 1 23 1 13 1 2 36 0 0 2 0 104 0 2 0 135 5 0 183 1 48 1 23 1 1 4 1 4 1 0 11 1 4 412 1 4 42 3 0 0 0 7 18 19 6 4 0 0 0 2 0 0 32 73 0 0 2 0 1 0 7 18 19 6 4 0 0 0 2 0 0 32 73 0 0 2 0 340 80 0 0 0 262 1 3 0 7 2 0 632 1 2 0 0 2 0 0 2 414 0 3 0 5 10 206 12 0 10 14 2 22 0 5 11 1 4 105 0 0 3 0 7 3 635 0 5 66 1 5 0 10 487 1 4 292 3 0 129 1 1 1 7 11 5 538 42 0 1 129 10 14 12 227 1 0 42 42 94 0 0 7 12 227 1 0 42 129 42 129 94 129 0 10 14 2 22 0 42 0 5 1 
99	477 30 6 2 0 477 39 1 30 6 2 0 0 62 1 56 1 13 1 5 64 0 40 1 23 1 1 4 32 73 0 1 4 32 73 0 3 0 0 7 2 22 0 32 115 0 53 57 58 5 3 0 1 0 1 7 2 22 0 1 53 57 58 5 3 1 0 7 2 22 53 57 58 5 5 89 1 1 0 1 0 1 
100	475 30 6 2 0 475 39 1 30 6 2 0 0 62 1 56 1 13 1 5 64 0 40 1 23 1 1 4 32 73 0 1 4 32 73 0 3 0 0 7 2 22 0 32 115 0 53 57 58 5 3 0 1 0 1 7 2 22 0 1 53 57 58 5 5 89 1 1 0 1 0 1 
101	467 30 6 2 0 467 39 1 30 6 2 0 0 62 1 56 1 13 1 5 64 0 103 6 23 1 1 4 32 73 0 1 4 32 73 0 3 0 0 7 2 22 0 32 115 0 53 57 58 5 3 42 31 42 7 5 31 0 7 2 22 42 42 53 57 58 5 40 1 23 1 6 4 52 0 5 0 0 0 1 
102	478 30 6 2 0 478 39 1 30 6 2 0 0 62 1 56 1 13 1 5 64 0 103 6 23 1 3 32 52 0 5 5 40 1 23 1 5 32 52 0 0 0 1 
103	1 4 445 30 6 2 0 445 39 1 30 6 2 0 0 62 1 56 1 13 1 5 64 0 43 1 23 1 13 1 2 36 0 0 2 0 89 1 104 0 5 0 40 1 23 1 5 0 1 
104	450 30 6 2 0 450 39 1 30 6 2 0 0 62 1 56 1 13 1 5 64 0 40 1 23 1 6 4 135 1 4 91 1 18 19 6 4 0 0 0 7 2 51 32 73 0 0 5 0 1 
105	464 30 6 2 0 464 39 1 30 6 2 0 0 62 1 56 1 13 1 5 64 0 40 1 23 1 5 194 1 52 0 103 6 23 1 1 4 32 1 4 32 3 0 52 0 5 3 0 52 0 5 5 1 
106	636 30 6 2 0 636 39 1 30 6 2 0 0 62 1 56 1 13 1 5 64 0 1 
107	441 30 6 2 0 441 39 1 30 6 2 0 0 62 1 56 1 13 1 5 64 0 1 
108	6 4 6 4 6 4 6 4 6 4 1 4 1 4 6 4 6 4 1 4 1 4 1 4 1 4 6 4 1 4 454 30 6 2 0 454 39 1 30 6 2 0 0 62 1 56 1 13 1 5 64 0 43 1 23 1 13 1 2 36 0 0 2 0 2 0 135 3 0 7 2 0 32 104 0 0 2 0 262 1 53 57 58 5 0 1 5 0 183 1 48 1 23 1 3 0 0 5 1 4 0 0 3 0 7 5 11 18 19 6 4 0 0 0 7 2 0 32 263 0 0 0 3 0 7 5 5 0 10 206 2 22 167 0 53 57 58 2 0 12 0 119 6 23 1 70 1 3 0 0 7 2 27 0 5 1 4 263 0 3 0 7 3 0 7 2 27 0 2 27 2 27 0 7 2 27 0 2 27 0 5 1 4 292 3 0 7 2 0 115 0 3 0 7 2 27 0 2 27 0 2 27 0 2 27 0 3 0 0 112 0 7 2 134 356 1 53 5 7 2 27 0 2 27 0 2 27 28 5 103 6 23 1 1 4 263 0 3 0 7 5 3 0 1 7 3 1 0 5 5 5 40 1 23 1 5 0 263 0 6 23 1 40 1 3 135 7 2 15 0 0 5 1 4 0 0 3 0 7 2 22 356 1 53 5 18 19 6 4 0 0 0 7 2 0 32 263 0 0 0 3 0 7 2 22 356 1 53 5 11 1 4 340 0 0 0 0 3 0 5 2 105 0 0 10 487 12 227 1 0 42 129 42 129 0 10 14 2 22 0 53 57 58 5 5 1 1 4 104 6 4 110 3 0 7 6 4 6 4 35 2 0 110 3 0 7 2 22 2 0 2 0 0 5 0 33 0 0 92 0 7 2 0 6 4 0 6 4 33 0 0 92 0 7 2 0 2 0 5 0 2 0 3 128 7 6 4 6 4 35 33 0 0 92 0 7 2 0 3 0 2 0 3 0 2 0 38 0 2 0 38 0 6 4 184 3 0 7 2 0 0 38 0 2 0 38 0 2 0 115 3 128 7 2 0 0 3 0 2 0 3 128 7 5 0 7 5 38 3 31 7 2 0 0 5 0 3 128 7 2 0 0 5 38 7 2 0 0 5 0 1 23 1 1 5 26 0 488 1 3 0 2 0 0 488 1 3 0 5 0 5 115 1 
109	1 4 1 4 1 4 6 4 461 30 6 2 0 461 39 1 30 6 2 0 0 62 1 56 1 13 1 5 64 0 43 1 23 1 13 1 2 36 0 0 2 0 2 0 2 0 112 0 2 0 104 0 38 5 0 119 6 23 1 70 1 1 4 73 0 3 0 7 3 0 7 1 4 292 6 4 3 0 7 2 0 115 115 3 0 7 2 22 53 57 58 5 3 135 7 2 15 0 0 7 2 0 0 5 1 5 1 32 1 5 32 1 
110	6 4 1 4 1 4 1 4 446 30 6 2 0 446 39 1 30 6 2 0 0 43 1 23 1 13 1 2 36 0 0 2 0 112 0 104 0 128 104 0 110 104 0 110 2 0 104 0 38 104 0 35 2 0 0 3 0 7 1 4 168 1 286 1 0 2 0 124 0 0 53 2 36 0 0 5 0 62 1 56 1 13 1 5 64 0 40 1 23 1 3 0 7 11 1 4 83 1 2 161 0 0 1 4 28 5 38 35 10 14 2 22 0 5 0 1 
111	474 30 6 2 0 474 39 1 30 6 2 0 0 62 1 56 1 13 1 5 64 0 40 1 23 1 1 4 32 73 0 1 4 32 73 0 3 0 0 7 2 22 0 32 115 0 53 57 58 5 3 0 1 0 1 7 2 22 0 1 53 57 58 5 5 89 1 1 0 1 0 1 
112	6 4 457 30 6 2 0 457 39 1 30 6 2 0 0 62 1 56 1 13 1 5 64 0 43 1 23 1 13 1 1 4 104 1 4 583 0 2 0 250 5 0 119 6 23 1 70 1 2 27 0 5 1 
113	1 4 0 455 30 6 2 0 455 39 1 30 6 2 0 0 62 1 56 1 13 1 5 64 0 103 6 23 1 5 40 1 23 1 5 0 1 
114	637 30 6 2 0 637 39 1 30 6 2 0 0 62 1 56 1 13 1 5 64 0 1 
115	448 30 6 2 0 448 39 1 30 6 2 0 0 62 1 56 1 13 1 5 64 0 1 
116	638 1 1 214 1 489 1 2 0 0 0 0 214 1 489 1 11 6 4 1 4 1 4 2 0 34 1 2 17 0 2 0 92 3 639 0 7 2 370 371 0 2 0 28 2 0 80 0 0 0 3 0 7 3 635 0 5 2 0 10 14 2 22 0 1 
117	1 4 1 640 291 1 1 125 1 21 1 2 0 0 2 0 0 2 0 80 0 0 183 1 48 1 3 0 5 5 105 0 0 1 48 1 23 1 3 0 5 11 5 105 0 0 10 487 12 227 1 0 42 129 42 129 10 5 1 
118	209 1 1 209 1 98 6 1 98 6 6 62 1 56 1 13 1 1 56 1 13 1 1 1 195 6 43 1 23 1 13 1 103 6 23 1 40 1 23 1 119 6 23 1 70 1 183 1 48 1 23 1 162 6 6 488 1 6 300 6 301 6 
119	1 303 1 1 4 3 0 128 5 0 1 4 0 33 0 7 2 0 0 33 0 7 1 4 0 1 4 34 1 18 19 6 4 0 35 0 7 6 4 92 0 3 0 0 7 2 17 0 3 0 7 6 4 6 4 6 4 0 18 19 0 0 0 35 0 7 6 4 92 0 3 0 7 88 3 0 7 2 0 2 0 7 2 0 3 0 7 1 4 38 0 0 2 17 0 2 0 0 2 0 28 2 0 0 5 0 1 303 1 5 0 0 1 372 1 641 1 1 4 34 1 18 19 6 4 0 35 7 6 4 92 0 16 0 8 1 4 34 1 18 19 0 0 35 0 7 2 0 92 0 3 0 0 0 2 17 0 3 0 0 88 9 3 35 7 1 4 26 28 3 0 2 17 17 28 2 17 28 9 8 2 17 0 2 0 9 5 28 
120	24 1 20 1 13 1 24 1 20 1 13 1 24 1 20 1 13 1 24 1 20 1 13 1 24 1 20 1 13 1 24 1 20 1 13 1 24 1 20 1 13 1 24 1 20 1 13 1 24 1 20 1 13 1 24 1 20 1 13 1 24 1 20 1 13 1 24 1 20 1 13 1 24 1 20 1 13 1 24 1 20 1 13 1 24 1 20 1 13 1 24 1 20 1 13 1 24 1 20 1 13 1 24 1 20 1 13 1 24 1 20 1 13 1 24 1 20 1 13 1 24 1 20 1 13 1 24 1 20 1 13 1 24 1 20 1 13 1 24 1 20 1 13 1 24 1 20 1 13 1 24 1 20 1 13 1 24 1 20 1 13 1 24 1 20 1 13 1 24 1 20 1 13 1 24 1 20 1 13 1 24 1 20 1 13 1 24 1 20 1 13 1 24 1 20 1 13 1 24 1 20 1 13 1 24 1 20 1 13 1 
121	1 4 1 4 642 291 1 1 214 1 489 1 2 0 0 2 0 0 2 0 0 214 1 489 1 11 6 4 1 4 1 4 2 0 34 1 2 17 0 2 0 28 2 0 80 0 0 0 3 0 5 2 0 34 1 2 17 0 2 0 92 3 639 0 7 2 370 371 0 7 2 370 490 0 2 0 28 2 0 80 0 0 0 3 0 5 10 14 2 22 0 183 1 48 1 3 0 5 5 105 0 1 
122	643 1 4 1 4 1 4 6 4 1 4 6 4 6 4 1 4 4 643 98 6 2 0 0 643 39 1 98 6 2 0 2 0 0 303 1 2 0 0 1 5 0 1 5 0 209 1 2 0 0 1 5 0 209 1 98 6 3 0 7 2 0 1 0 3 0 0 7 1 4 1 0 2 144 0 0 0 2 0 0 2 0 0 0 1 98 6 5 0 0 6 5 0 0 62 1 56 1 13 1 5 64 0 1 56 1 13 1 3 0 7 18 19 6 4 0 0 0 7 2 0 0 587 0 0 5 0 243 1 277 1 5 0 28 277 1 2 29 28 0 3 0 7 18 19 6 4 0 0 0 7 1 4 1 0 0 3 0 7 2 0 488 1 1 4 0 1 4 34 1 0 33 0 0 7 2 0 0 2 17 0 5 28 43 1 23 1 13 1 2 0 1 0 6 4 4 135 18 19 0 0 0 0 7 11 2 32 36 0 0 0 10 2 22 0 5 0 103 6 23 1 5 40 1 23 1 5 119 6 23 1 70 1 6 4 4 135 18 19 0 0 0 0 2 32 161 0 0 0 5 183 1 48 1 23 1 5 195 6 5 0 162 6 2 0 0 6 5 0 2 0 6 5 0 300 6 5 0 301 6 5 0 1 
123	644 274 6 1 4 11 1 4 83 1 2 0 168 1 276 1 514 0 0 6 4 6 6 4 33 0 485 0 2 27 0 0 2 28 5 10 14 12 0 10 14 2 22 28 5 3 0 7 11 2 75 10 151 1 
124	1 4 1 4 6 4 6 4 6 4 6 4 1 4 1 4 0 1 4 86 1 2 0 0 274 6 373 6 5 6 2 0 0 6 3 0 7 5 5 0 2 0 0 0 37 1 2 0 0 179 1 5 0 111 1 2 0 0 1 5 0 374 6 5 0 6 2 0 0 1 5 0 1 2 0 0 13 1 2 0 0 1 5 0 
125	491 86 1 159 1 645 1 225 1 645 1 199 1 185 1 645 1 1 
126	1 4 113 1 1 4 491 86 1 2 0 0 2 65 42 159 1 21 1 5 1 26 0 225 1 21 1 40 1 5 1 15 0 0 185 1 21 1 5 1 150 0 1 5 517 152 1 
127	309 1 154 1 375 6 1 4 16 0 8 0 2 0 513 1 9 8 0 2 0 644 1 9 5 0 
128	6 4 6 4 491 86 1 309 1 154 1 375 6 111 1 295 1 154 1 
129	6 4 6 4 1 4 1 4 1 4 91 1 1 4 91 1 1 4 113 1 6 4 6 4 1 4 491 86 1 2 0 0 2 65 42 1 4 2 18 19 6 4 0 77 0 7 1 4 1 26 0 1 4 60 3 0 7 2 22 60 0 88 2 0 0 0 2 0 0 2 36 0 2 51 0 2 0 112 0 1 4 60 0 1 4 3 0 35 7 11 2 0 222 171 0 10 554 1 4 0 2 22 0 2 0 3 0 1 7 1 4 0 2 22 0 2 0 3 0 2 0 1 2 0 1 0 2 0 2 65 3 0 7 5 1 4 432 163 0 18 19 6 4 0 77 0 7 1 4 26 0 0 1 4 432 646 0 3 0 7 2 134 26 0 88 2 50 0 26 0 2 51 0 2 0 309 1 154 1 375 6 111 1 1 4 26 0 3 0 7 11 2 0 0 10 275 2 150 0 5 297 0 0 0 10 355 2 22 0 12 0 10 2 22 0 12 0 7 11 2 0 0 0 0 3 566 7 2 15 0 0 10 2 22 0 12 0 10 355 2 22 0 12 0 10 580 2 22 0 12 0 5 0 1 154 1 375 6 111 1 1 4 297 0 0 2 0 2 0 2 525 0 1 4 18 19 6 4 0 77 0 7 2 0 1 26 0 2 0 11 3 386 7 3 0 7 2 65 0 2 0 247 0 9 10 275 3 581 7 12 149 1 0 2 0 2 2 5 0 199 1 111 1 3 7 2 3 7 3 582 31 0 7 2 22 93 582 0 2 525 0 6 4 566 247 0 2 386 2 0 309 1 154 1 375 6 5 297 0 0 0 295 1 154 1 1 4 18 19 6 4 0 77 0 7 2 0 1 26 0 1 4 11 2 0 514 0 3 0 7 5 42 28 10 14 3 0 7 11 2 75 10 245 5 1 
130	43 153 1 2 65 2 65 492 1 37 1 1 4 3 0 35 7 12 149 1 11 1 4 42 493 2 0 296 0 10 647 12 149 1 94 5 0 373 6 199 1 5 374 6 199 1 5 1 
131	1 4 1 4 113 1 43 153 1 2 65 2 0 163 6 4 77 18 19 6 4 0 0 0 7 2 65 1 26 0 2 65 492 1 97 1 3 0 35 7 12 149 1 1 4 0 3 0 35 7 1 4 0 2 22 0 12 149 1 0 3 128 7 2 0 38 6 4 77 18 19 6 4 0 0 0 7 1 4 1 26 0 1 4 0 0 3 0 7 2 15 0 0 5 0 1 4 0 12 149 1 0 1 376 1 422 1 11 1 4 107 1 0 0 3 344 7 5 1 177 1 202 7 5 10 647 5 373 6 199 1 6 4 1 4 93 1 4 1 26 0 1 4 18 19 6 4 0 0 77 0 7 1 4 1 26 0 1 4 107 1 0 0 3 344 7 2 0 0 1 4 107 1 0 0 3 0 170 7 3 31 0 344 7 2 0 246 247 5 0 374 6 199 1 1 4 1 26 93 1 4 107 1 0 93 3 344 7 5 246 7 5 1 
132	1 4 1 4 1 4 1 4 648 86 1 1 2 0 0 2 0 0 2 36 2 65 0 43 11 2 65 0 1 4 1 0 2 0 1 2 2 2 2 2 0 10 14 2 22 0 11 2 75 10 14 2 22 0 2 0 2 0 2 65 309 1 1 1 4 11 1 4 0 3 0 7 2 0 0 10 647 2 22 0 12 149 1 94 5 0 1 1 4 113 1 1 4 33 156 7 1 4 1 140 3 7 2 15 93 0 5 0 1 5 0 
133	1 4 113 1 1 4 113 1 43 153 1 2 65 1 4 163 3 0 77 7 2 0 163 3 0 77 7 2 134 2 65 77 18 19 6 4 0 77 0 7 2 1 26 0 2 65 376 1 2 65 0 3 0 7 2 22 3 128 7 2 22 3 293 7 2 0 2 0 1 4 648 1 0 0 2 2 15 0 376 1 3 169 0 7 1 4 1 26 0 2 75 1 2 0 492 1 649 1 1 4 3 0 35 7 12 149 1 1 4 0 3 0 35 7 1 4 0 2 22 0 12 149 1 0 3 128 7 2 0 38 3 169 0 7 1 4 1 26 0 3 169 0 7 1 4 1 26 0 2 0 297 0 5 0 12 149 1 0 373 6 199 1 5 374 6 199 1 5 1 
134	6 4 6 4 1 4 1 4 86 1 153 1 2 0 0 2 0 112 2 0 299 2 0 60 43 153 1 492 1 649 1 373 6 199 1 374 6 199 1 1 5 0 40 6 2 0 0 6 5 0 6 2 0 0 6 5 0 
135	1 86 1 1 1 4 11 2 0 1 222 171 0 2 65 42 93 5 0 10 14 2 22 192 0 12 120 1 0 192 0 
136	1 4 1 4 70 1 2 0 0 23 1 2 0 0 24 1 20 1 13 1 2 0 71 0 5 0 24 1 20 1 13 1 2 0 71 0 5 0 24 1 20 1 13 1 2 0 71 0 5 0 24 1 20 1 13 1 2 0 71 0 5 0 24 1 20 1 13 1 2 0 71 0 5 0 24 1 20 1 13 1 2 0 71 0 5 0 24 1 20 1 13 1 2 0 71 0 5 0 24 1 20 1 13 1 2 0 71 0 5 0 24 1 20 1 13 1 2 0 71 0 5 0 24 1 20 1 13 1 2 0 71 0 5 0 24 1 20 1 13 1 2 0 71 0 5 0 24 1 20 1 13 1 2 0 71 0 5 0 24 1 20 1 13 1 2 0 71 0 5 0 24 1 20 1 13 1 2 0 71 0 5 0 24 1 20 1 13 1 2 0 71 0 5 0 24 1 20 1 13 1 2 0 71 0 5 0 24 1 20 1 13 1 2 0 71 0 5 0 24 1 20 1 13 1 2 0 71 0 5 0 24 1 20 1 13 1 2 0 71 0 5 0 24 1 20 1 13 1 2 0 71 0 5 0 24 1 20 1 13 1 2 0 71 0 5 0 24 1 20 1 13 1 2 0 71 0 5 0 24 1 20 1 13 1 2 0 71 0 5 0 24 1 20 1 13 1 2 0 71 0 5 0 24 1 20 1 13 1 2 0 71 0 5 0 24 1 20 1 13 1 2 0 71 0 5 0 24 1 20 1 13 1 2 0 71 0 5 0 24 1 20 1 13 1 2 0 71 0 5 0 24 1 20 1 13 1 2 0 71 0 5 0 24 1 20 1 13 1 2 0 71 0 5 0 24 1 20 1 13 1 2 0 71 0 5 0 24 1 20 1 13 1 2 0 71 0 5 0 24 1 20 1 13 1 2 0 71 0 5 0 24 1 20 1 13 1 2 0 71 0 5 0 24 1 20 1 13 1 2 0 71 0 5 0 1 
137	6 4 6 4 1 1 4 34 1 18 19 6 4 0 0 0 7 2 17 5 28 1 20 1 13 1 1 4 1 4 1 4 3 0 7 2 0 104 3 0 128 2 0 0 2 0 0 0 2 29 0 0 2 0 2 0 71 0 2 0 5 0 24 1 20 1 13 1 5 76 0 0 24 1 20 1 13 1 5 76 0 0 24 1 20 1 13 1 5 76 0 0 24 1 20 1 13 1 5 76 0 0 24 1 20 1 13 1 5 76 0 0 24 1 20 1 13 1 5 76 0 0 24 1 20 1 13 1 5 76 0 0 24 1 20 1 13 1 5 76 0 0 24 1 20 1 13 1 5 76 0 0 24 1 20 1 13 1 5 76 0 0 24 1 20 1 13 1 5 76 0 0 24 1 20 1 13 1 5 76 0 0 24 1 20 1 13 1 5 76 0 0 24 1 20 1 13 1 5 76 0 0 24 1 20 1 13 1 5 76 0 0 24 1 20 1 13 1 5 76 0 0 24 1 20 1 13 1 5 76 0 0 24 1 20 1 13 1 5 76 0 0 24 1 20 1 13 1 5 76 0 0 24 1 20 1 13 1 5 76 0 0 24 1 20 1 13 1 5 76 0 0 24 1 20 1 13 1 5 76 0 0 24 1 20 1 13 1 5 76 0 0 24 1 20 1 13 1 5 76 0 0 24 1 20 1 13 1 5 76 0 0 24 1 20 1 13 1 5 76 0 0 24 1 20 1 13 1 5 76 0 0 24 1 20 1 13 1 5 76 0 0 24 1 20 1 13 1 5 76 0 0 24 1 20 1 13 1 5 76 0 0 24 1 20 1 13 1 5 76 0 0 24 1 20 1 13 1 5 76 0 0 24 1 20 1 13 1 5 76 0 0 24 1 20 1 13 1 5 76 0 0 1 
138	1 4 586 1 2 0 0 24 1 20 1 13 1 1 4 1 26 115 38 3 0 7 2 0 2 0 71 0 5 0 1 
139	1 4 1 4 1 4 1 4 1 4 1 4 1 4 1 4 1 4 434 1 43 494 1 2 36 0 2 0 2 0 60 0 0 494 1 11 1 4 0 2 36 0 10 14 12 1 0 0 1 494 1 1 4 495 0 3 0 35 7 1 4 2 0 495 0 3 0 35 7 2 0 495 0 3 0 35 7 2 0 495 0 3 0 35 7 2 137 0 0 7 2 137 0 0 1 4 175 1 3 0 7 1 4 0 3 0 7 2 0 0 2 155 177 1 0 5 0 215 1 216 1 2 0 0 215 1 216 1 2 0 0 215 1 216 1 1 4 11 2 0 0 0 2 650 0 0 1 4 0 0 0 3 0 7 5 2 535 0 0 0 10 14 2 22 0 0 0 2 0 0 0 215 1 216 1 23 1 5 322 422 1 23 1 216 1 1 4 1 4 1 4 11 2 0 1 26 3 0 7 2 0 329 1 108 1 0 0 7 2 108 1 0 0 2 96 0 0 11 3 0 7 2 90 2 2 15 0 10 14 215 1 216 1 1 4 0 6 4 184 3 0 0 35 110 0 7 1 4 0 3 320 0 7 2 0 0 2 650 0 1 215 1 5 60 0 0 1 215 1 216 1 1 4 72 1 2 15 0 0 2 15 0 0 5 0 139 1 37 1 5 68 0 139 1 37 1 111 1 5 68 0 0 1 215 1 216 1 1 1 4 0 3 0 7 12 120 1 5 0 1 1 12 120 1 256 215 1 216 1 1 1 4 34 1 2 17 2 17 2 17 2 17 2 17 1 4 94 3 0 141 35 7 2 17 0 2 17 1 4 83 1 2 109 437 1 0 2 17 28 2 17 2 17 2 17 2 196 28 1 
140	1 4 1 4 1 4 651 2 101 1 1 1 5 651 1 106 11 2 148 0 3 85 0 0 0 0 7 2 41 7 2 29 10 14 1 
141	1 4 1 37 1 2 0 1 521 1 1 1 1 4 34 1 3 0 7 2 17 17 0 2 17 17 17 0 0 5 28 1 1 4 107 1 0 3 170 7 2 65 3 388 7 2 65 7 1 4 2 134 0 2 41 0 1 649 1 5 327 0 6 1 1 1 1 1 1 4 423 74 0 0 0 1 4 423 74 0 0 0 5 31 0 0 1 102 1 1 4 34 1 2 17 92 2 17 38 490 35 5 28 1 
142	1 4 6 4 1 4 652 2 11 2 0 219 1 2 50 0 2 36 10 14 2 29 0 2 126 43 86 1 101 1 1 1 5 652 1 106 2 0 11 1 4 72 1 1 4 1 4 496 1 1 4 2 0 171 2 15 0 1 4 83 1 2 52 0 0 3 28 31 0 7 2 41 2 0 496 1 2 0 2 0 171 2 15 0 2 0 83 1 2 52 0 0 3 28 31 0 7 2 41 10 580 2 29 0 3 0 7 2 41 207 191 6 63 1 3 31 0 7 2 0 1 1 496 1 4 1 4 496 11 1 4 107 1 0 6 4 6 6 35 1 4 177 1 0 2 485 0 2 75 2 0 0 0 10 14 2 29 0 1 37 1 5 0 1 
143	1 4 1 4 1 4 1 4 1 4 653 2 11 2 148 0 2 50 0 2 143 0 2 50 0 2 50 0 2 36 10 14 2 29 2 109 2 126 101 1 1 1 5 653 1 106 11 2 148 0 1 4 68 74 0 1 4 68 74 0 1 4 121 1 74 0 0 1 4 121 1 74 0 0 1 4 117 1 108 1 0 1 4 117 1 108 1 0 1 4 72 1 2 96 0 0 2 90 2 75 2 96 0 0 2 90 2 75 3 85 0 0 0 0 85 0 0 0 0 7 2 41 10 14 2 41 94 1 
144	1 4 1 4 1 4 654 2 101 1 1 1 5 654 1 106 11 2 148 0 1 4 228 1 0 1 4 421 1 74 0 2 87 0 2 497 0 174 2 87 0 2 310 0 163 2 87 0 1 4 646 2 497 0 174 2 87 0 2 310 0 163 2 87 0 2 27 60 2 27 2 87 0 2 27 194 28 1 112 2 27 2 87 0 2 27 346 28 1 345 2 27 2 87 0 2 27 348 28 1 347 2 27 2 87 0 2 27 89 28 1 146 2 27 2 87 0 2 27 178 28 1 299 2 27 2 87 0 2 27 351 28 1 350 2 27 2 87 0 2 27 353 28 1 352 2 27 2 87 0 2 27 60 2 27 2 87 0 2 310 0 163 2 27 2 90 2 75 3 85 0 0 7 2 41 10 14 2 29 2 109 2 126 311 1 98 1 33 132 7 2 27 1 133 2 27 2 27 311 1 1 18 19 6 4 0 77 0 7 2 27 1 26 0 2 27 2 27 63 311 1 63 1 2 27 2 27 0 2 27 2 27 1 
145	1 4 1 4 1 4 655 2 101 1 1 1 5 655 1 106 11 2 148 0 1 4 230 1 0 1 4 421 1 74 0 2 87 0 2 497 0 174 2 87 0 2 310 0 163 2 87 0 1 4 646 2 497 0 174 2 87 0 2 310 0 163 2 87 0 2 27 60 2 27 2 87 0 2 27 194 28 1 112 2 27 2 87 0 2 27 346 28 1 345 2 27 2 87 0 2 27 348 28 1 347 2 27 2 87 0 2 27 89 28 1 146 2 27 2 87 0 2 27 178 28 1 299 2 27 2 87 0 2 27 351 28 1 350 2 27 2 87 0 2 27 353 28 1 352 2 27 2 87 0 2 27 60 2 27 2 87 0 2 310 0 163 2 27 2 90 2 75 3 85 0 0 7 2 41 10 14 2 29 2 109 2 126 311 1 98 1 33 132 7 2 27 1 133 2 27 2 27 311 1 1 18 19 6 4 0 77 0 7 2 27 1 26 0 2 27 2 27 63 311 1 63 1 2 27 2 27 0 2 27 2 27 1 
146	656 2 11 2 50 0 0 2 36 10 14 2 29 2 109 2 126 101 1 1 1 5 656 1 106 1 4 176 1 2 114 66 1 2 114 66 1 2 114 66 1 1 4 1 2 0 2 0 2 0 1 4 72 1 11 2 148 0 1 4 68 74 0 1 4 121 1 74 0 0 1 4 121 1 74 0 0 1 4 117 1 108 1 0 1 4 117 1 108 1 0 2 15 0 2 96 0 0 2 90 2 75 2 15 0 2 96 0 0 2 90 2 75 3 85 0 0 0 0 85 0 0 0 0 7 2 41 10 14 2 41 94 1 1 
147	657 2 11 2 50 0 0 2 50 0 2 36 10 14 2 29 2 109 2 126 101 1 1 1 5 657 1 106 1 4 72 1 11 2 148 0 1 4 68 74 0 1 4 121 1 74 0 0 1 4 117 1 108 1 0 2 96 0 0 2 90 2 75 3 85 0 0 0 0 7 2 41 2 0 68 74 0 2 0 121 1 74 0 0 2 0 117 1 108 1 0 2 96 0 0 2 90 2 75 3 85 0 0 0 0 7 2 41 2 0 68 74 0 2 0 121 1 74 0 0 2 0 117 1 108 1 0 2 96 0 0 2 90 2 75 3 85 0 0 0 0 7 2 41 2 0 68 74 0 2 0 121 1 74 0 0 2 0 117 1 108 1 0 2 96 0 0 2 90 2 75 3 85 0 0 0 0 7 2 41 10 14 2 41 94 1 1 
148	1 4 6 4 1 4 1 4 658 2 11 2 50 0 2 36 10 14 2 29 0 2 126 43 86 1 101 1 1 1 5 658 1 106 1 4 72 1 1 4 537 1 2 2 0 1 4 72 1 0 2 15 11 1 4 1 4 83 1 2 52 0 0 0 3 28 31 0 7 2 41 2 0 2 0 83 1 2 52 0 0 0 3 28 31 0 7 2 41 2 0 2 0 83 1 2 0 2 52 0 0 0 3 0 7 2 41 2 0 2 0 83 1 2 0 2 52 0 0 0 3 0 7 2 41 2 0 2 15 2 0 2 0 83 1 11 2 52 0 0 0 10 439 2 41 10 14 2 41 2 0 2 0 2 0 83 1 11 2 52 0 0 0 2 41 10 439 10 14 2 41 10 355 2 41 0 10 439 2 41 0 10 14 2 41 0 12 120 1 392 1 393 1 40 1 1 4 3 0 7 2 0 0 7 3 31 7 2 0 0 5 0 394 6 395 1 396 1 3 31 5 5 397 1 398 1 173 1 14 1 3 0 31 7 5 12 0 207 191 6 63 1 2 0 0 1 1 1 1 1 
149	1 4 1 4 659 2 11 2 0 219 1 2 50 0 2 36 10 14 2 29 0 2 126 43 86 1 101 1 1 1 5 659 1 106 2 0 1 4 2 134 0 3 0 31 0 0 7 2 41 207 191 6 63 1 1 4 16 0 8 0 2 0 0 9 8 0 2 0 0 9 8 0 2 0 0 9 8 0 2 0 0 9 8 2 0 0 9 2 0 0 0 1 1 
150	1 4 660 2 0 11 2 50 0 2 50 0 2 50 0 0 2 36 10 14 2 29 0 2 126 101 1 1 1 5 660 1 106 11 2 148 0 1 4 68 74 0 1 4 68 74 0 1 4 121 1 74 0 0 1 4 121 1 74 0 0 1 4 117 1 108 1 0 1 4 117 1 108 1 0 1 4 72 1 2 96 0 0 2 90 2 75 2 96 0 0 2 90 2 75 3 85 0 0 0 0 85 0 0 0 0 7 2 41 10 14 2 41 94 1 1 
151	1 4 1 4 1 4 1 4 91 1 498 2 498 37 1 2 0 101 1 1 1 5 498 1 106 1 4 499 1 11 1 4 194 1 2 0 2 0 118 80 1 0 0 2 0 1 105 0 0 3 31 0 2 51 0 1 4 346 1 2 0 2 0 118 80 1 0 0 2 0 1 105 0 0 3 31 0 2 51 0 1 4 1 2 0 2 0 118 80 1 0 0 2 0 1 105 0 0 3 31 0 2 51 0 1 4 353 1 6 2 0 2 0 118 80 1 0 0 2 0 1 105 0 0 3 31 0 2 51 0 1 4 351 1 6 2 0 2 0 118 80 1 0 0 2 0 1 105 0 0 3 31 0 2 51 0 1 4 89 1 6 2 0 2 0 118 80 1 0 0 2 0 1 105 0 0 3 31 0 2 51 0 1 4 178 1 6 2 0 2 0 118 80 1 0 0 2 0 1 105 0 0 3 31 0 2 51 0 1 4 348 1 6 2 0 2 0 118 80 1 0 0 2 0 1 105 0 0 3 31 0 2 51 0 1 4 2 0 118 80 1 0 3 0 2 51 0 2 0 118 80 1 0 3 0 2 51 0 6 4 77 3 0 7 1 4 34 1 18 19 6 4 0 0 0 2 17 17 1 26 0 2 41 28 10 14 2 41 28 499 1 39 6 5 1 39 6 5 1 39 6 5 1 39 6 5 1 39 6 5 1 39 6 5 1 39 6 5 1 39 6 5 1 5 1 5 1 
152	500 2 500 37 1 2 0 101 1 1 1 5 500 1 106 11 2 36 1 4 1 4 1 4 1 1 4 661 1 661 1 2 0 118 80 1 0 3 0 2 41 2 0 1 105 0 0 3 31 7 2 41 0 2 0 118 80 1 0 3 0 2 41 10 14 2 41 28 6 4 1 661 6 4 1 182 1 312 1 48 1 5 182 1 312 1 48 1 5 182 1 312 1 48 1 5 182 1 48 1 5 182 1 48 1 5 182 1 312 1 48 1 5 182 1 312 1 48 1 5 182 1 312 1 48 1 5 182 1 48 1 5 182 1 48 1 5 1 
153	37 1 2 0 101 1 5 1 1 1 4 1 4 1 4 1 4 499 1 1 4 91 1 89 1 89 1 1 4 91 1 178 1 91 1 1 4 91 1 178 1 89 1 1 4 89 1 89 1 1 4 178 1 89 1 1 4 178 1 178 1 2 0 118 80 1 0 2 0 1 105 0 0 2 158 31 2 0 118 80 1 0 2 0 1 105 0 0 2 158 31 2 0 118 80 1 0 2 0 1 105 0 0 2 158 31 2 0 118 80 1 0 2 0 1 105 0 0 2 158 31 2 0 118 80 1 0 2 0 1 105 0 0 2 158 31 1 4 89 1 2 0 118 80 1 0 2 0 1 105 0 0 2 158 31 499 1 39 6 313 6 5 1 102 1 39 6 313 6 5 662 1 102 1 39 6 313 1 5 662 1 102 1 39 6 313 6 5 662 1 102 1 39 6 5 1 39 6 313 6 5 1 
154	663 2 11 2 36 10 14 2 29 0 2 126 101 1 1 1 5 663 1 106 1 4 1 4 72 1 2 15 1 4 83 1 11 2 52 0 0 0 2 41 10 206 2 29 2 29 377 2 29 167 1 4 378 2 29 0 3 0 1 7 2 29 1 0 10 14 2 41 0 2 109 2 0 11 2 52 0 0 0 2 41 10 206 2 29 2 29 377 2 29 167 1 4 378 2 29 0 3 0 1 7 2 29 1 0 10 14 2 41 2 0 11 2 52 0 0 0 2 41 10 206 2 29 2 29 377 2 29 167 1 4 378 2 29 0 3 0 1 7 2 29 1 0 10 14 2 41 2 0 11 2 52 0 0 0 2 41 10 206 2 29 2 29 377 2 29 167 1 4 378 2 29 0 3 0 1 7 2 29 1 0 10 14 2 41 12 1 12 120 1 1 12 120 1 1 
155	501 2 501 37 1 2 0 101 1 5 501 1 106 1 4 1 4 1 4 280 0 0 2 158 31 2 0 2 0 280 0 0 2 158 31 2 0 2 0 280 0 0 2 158 31 2 0 2 0 280 0 0 2 158 31 1 
156	1 4 1 4 1 4 1 4 1 4 1 4 664 2 11 2 148 0 2 50 0 2 50 0 0 2 143 0 2 143 0 2 50 0 2 50 0 2 50 0 2 50 0 2 50 0 0 2 36 10 14 2 29 2 109 2 126 101 1 1 1 5 664 1 106 11 2 148 0 1 4 68 74 0 1 4 68 74 0 1 4 68 74 0 1 4 121 1 74 0 0 1 4 121 1 74 0 0 1 4 121 1 74 0 0 1 4 117 1 108 1 0 1 4 117 1 108 1 0 1 4 117 1 108 1 0 1 4 72 1 2 96 0 0 2 90 2 75 2 96 0 0 2 90 2 75 2 96 0 0 2 90 2 75 3 85 0 0 0 0 7 2 41 3 85 0 0 0 0 7 2 41 3 85 0 0 0 0 7 2 41 10 14 2 41 94 1 
157	1 4 1 4 1 4 1 4 1 4 1 4 1 4 665 2 11 2 148 0 2 143 0 0 2 143 0 0 2 36 10 14 2 29 2 109 2 126 101 1 1 1 5 665 1 106 11 1 4 68 74 0 1 4 68 74 0 1 4 121 1 74 0 0 1 4 121 1 74 0 0 1 4 117 1 108 1 0 1 4 117 1 108 1 0 1 4 72 1 2 96 0 0 2 90 2 75 2 96 0 0 2 90 2 75 3 85 0 0 0 0 85 0 0 0 0 7 2 41 10 14 2 41 94 1 
158	1 2 0 101 1 5 1 1 1 4 219 1 2 36 1 4 2 52 72 1 83 1 0 2 0 11 2 52 72 1 83 1 0 2 158 10 440 1 4 219 1 2 36 1 4 2 52 72 1 83 1 0 2 0 11 2 52 72 1 83 1 0 2 158 10 440 1 4 219 1 2 36 1 4 2 52 72 1 83 1 0 2 0 2 52 72 1 83 1 0 2 0 11 2 52 72 1 83 1 0 2 158 10 440 2 29 1 
159	1 4 1 4 1 4 1 4 1 4 0 1 4 0 1 4 0 
160	1 4 1 4 1 4 1 4 1 4 1 4 1 4 1 4 666 1 2 0 2 0 0 101 1 1 1 5 667 1 668 2 0 273 1 2 0 2 0 113 1 2 15 2 15 2 0 176 1 2 114 66 1 2 114 66 1 2 0 72 1 2 0 72 1 0 2 0 72 1 0 2 15 0 2 15 2 15 2 15 0 2 15 0 2 15 142 1 2 15 669 2 15 502 2 15 502 2 15 2 15 0 2 15 66 1 2 15 221 1 2 15 221 1 0 2 15 2 15 1 1 4 6 4 2 15 0 2 15 152 2 15 0 2 15 0 2 15 338 2 15 0 106 11 1 4 68 74 0 0 2 148 0 1 4 121 1 74 0 0 0 1 4 117 1 108 1 0 2 96 0 0 2 90 2 75 3 85 0 0 0 0 0 7 2 41 10 14 2 29 0 2 41 94 1 1 
161	1 4 667 11 2 50 0 0 2 50 0 2 50 0 2 50 0 2 36 2 0 175 1 2 155 177 1 0 10 14 2 29 2 109 2 126 2 1 4 18 19 6 4 0 7 2 0 95 0 3 0 7 2 29 0 2 666 1 0 7 9 1 6 5 0 1 1 
162	1 4 1 4 670 2 101 1 1 1 5 670 1 668 106 11 2 148 0 3 85 0 0 85 0 0 85 0 0 85 0 0 85 0 0 7 2 41 10 14 1 
163	1 4 1 4 671 2 101 1 1 1 5 671 1 668 106 11 2 148 0 3 85 0 0 85 0 0 85 0 0 85 0 0 85 0 0 7 2 41 10 14 1 
164	1 4 1 4 672 2 11 2 50 0 0 2 36 10 14 2 29 2 126 101 1 1 1 5 672 1 106 1 4 72 1 11 1 4 83 1 2 52 0 0 0 1 4 28 3 31 0 7 2 41 10 14 2 41 94 1 
165	1 4 83 1 1 4 1 4 673 2 11 2 50 0 0 2 36 10 14 2 29 2 109 2 126 101 1 1 1 5 673 1 106 1 4 72 1 2 15 2 15 11 2 52 0 0 0 3 31 28 7 2 41 10 14 2 41 94 1 1 
166	674 2 101 1 1 1 5 674 1 106 1 4 1 11 2 36 675 1 10 14 2 109 2 29 0 95 0 1 4 1 2 0 2 1 1 2 650 0 0 1 494 1 1 4 175 1 2 50 0 5 0 1 5 675 1 1 675 1 151 1 5 1 5 1 5 1 1 5 1 1 151 1 5 1 5 1 151 1 5 1 151 1 5 1 5 6 5 1 151 1 5 6 5 1 151 1 5 1 151 1 5 1 151 1 5 309 1 151 1 5 1 151 1 5 1 5 1 151 1 5 1 5 1 5 435 14 1 354 1 435 354 1 435 354 1 303 1 37 1 37 1 40 1 1 1 4 6 5 1 5 0 0 1 1 1 5 1 1 1 5 1 1 1 5 6 5 98 6 98 6 1 3 0 7 6 4 184 3 0 0 35 7 2 0 110 0 3 0 7 2 0 2 0 38 141 0 503 1 1 1 125 1 1 1 1 102 1 503 6 37 1 40 1 37 1 40 6 6 37 1 5 1 504 1 5 0 1 504 1 5 0 1 504 1 5 0 1 504 1 5 0 98 6 98 6 102 1 102 1 102 1 503 6 37 1 40 1 102 1 98 6 98 6 98 6 102 1 1 1 
167	1 4 420 1 676 1 111 1 1 4 1 4 273 1 1 4 1 4 113 1 2 15 2 15 1 4 176 1 1 4 2 114 66 1 2 114 66 1 2 114 0 11 1 4 175 1 11 1 4 177 1 107 1 3 0 2 155 0 10 18 19 1 4 156 7 1 4 1 140 2 50 0 95 0 2 50 0 2 50 0 2 50 0 2 36 3 0 7 2 0 1 4 11 2 0 68 0 0 10 275 2 29 0 10 355 2 29 0 0 1 4 72 1 2 15 0 2 15 2 15 2 15 0 2 15 0 2 15 669 2 15 502 2 15 502 2 15 2 15 2 15 0 2 15 66 1 2 15 142 1 2 15 221 1 2 15 221 1 0 2 15 2 15 0 2 15 178 1 6 4 1 4 2 15 0 2 15 152 2 15 0 2 15 0 2 15 0 1 4 1 4 83 1 2 0 83 1 2 0 83 1 1 4 537 1 2 2 0 1 4 72 1 0 3 0 7 2 0 117 1 108 1 0 0 2 96 0 0 2 90 2 75 10 206 2 29 0 10 14 2 22 0 2 109 392 1 393 1 40 1 3 0 5 0 394 6 395 1 396 1 3 31 5 5 397 1 398 1 173 1 14 1 3 31 5 12 0 549 294 1 1 4 1 4 3 0 2 0 0 2 0 676 1 0 0 1 1 1 
168	6 5 1 5 
169	179 1 5 1 
170	179 1 5 
171	1 4 6 4 1 4 1 4 6 4 179 1 5 1 1 4 420 1 2 258 2 258 2 258 5 0 1 1 4 91 1 5 0 1 1 4 91 1 2 51 2 51 2 51 5 0 1 1 4 113 1 2 15 2 15 2 15 2 15 1 4 91 1 2 51 0 2 15 0 5 0 1 1 4 113 1 2 15 2 15 2 15 5 0 1 1 4 91 1 2 51 669 5 0 1 5 0 1 2 0 0 1 1 4 1 18 19 6 4 0 0 7 1 4 113 1 2 15 28 0 2 15 28 0 2 15 28 0 2 0 0 0 5 0 1 1 4 91 1 2 51 2 51 2 51 2 51 5 0 1 1 4 91 1 2 51 273 1 2 51 273 1 2 51 273 1 2 51 273 1 5 0 1 5 243 1 5 571 1 1 4 176 1 2 114 2 114 5 0 1 1 4 1 2 0 2 0 5 0 6 5 6 5 6 5 1 48 1 5 505 1 1 1 4 34 1 18 19 6 4 0 0 0 7 2 17 17 1 0 0 5 28 505 1 1 1 4 34 1 18 19 6 4 0 77 0 7 2 17 17 1 26 0 5 28 1 1 1 4 34 1 18 19 6 4 0 77 0 7 2 17 17 26 0 5 28 145 1 390 1 48 1 125 1 313 1 5 0 28 0 0 505 1 390 1 204 1 5 0 0 1 5 1 1 5 1 1 1 5 93 677 1 403 1 98 6 5 38 35 0 6 289 1 6 4 0 18 19 6 4 0 0 0 3 0 0 28 35 5 5 166 1 98 1 2 29 0 2 0 575 1 2 29 0 1 4 89 1 0 2 0 5 0 159 1 21 1 5 0 225 1 21 1 48 1 2 0 0 5 0 1 2 29 12 120 1 1 2 29 12 120 1 
172	1 4 1 4 678 422 1 11 2 36 1 4 276 1 177 1 0 60 0 1 4 168 1 0 2 0 124 0 0 2 0 1 2 2 437 1 0 2 587 0 10 14 2 29 0 2 109 549 294 1 1 4 678 1 0 
173	1 4 1 4 1 4 1 4 175 1 1 4 1 4 113 1 1 4 379 1 1 4 1 4 1 4 379 2 1 5 0 1 2 0 0 379 1 11 1 4 11 2 0 1 177 1 0 2 155 0 3 0 7 2 75 10 14 2 379 1 2 0 1 518 1 4 493 1 11 1 4 11 2 0 296 0 2 155 0 3 0 7 2 75 10 245 2 29 522 523 1 2 15 0 0 1 5 95 0 1 2 15 0 0 1 5 95 0 679 1 2 0 0 1 2 0 0 1 376 1 111 1 1 4 3 0 35 31 31 7 2 0 421 1 0 7 2 0 117 1 108 1 121 1 0 0 5 0 139 1 97 1 111 1 1 4 3 0 35 31 31 7 2 0 68 0 7 2 0 68 0 0 5 0 145 1 680 1 506 1 5 124 0 0 145 1 680 1 506 1 1 528 1 5 124 0 0 0 0 145 1 680 1 1 506 1 679 1 1 528 1 3 0 0 7 2 15 0 0 1 4 68 0 0 0 0 3 0 31 7 1 4 83 1 2 96 0 0 5 28 7 1 4 3 26 0 7 2 0 0 0 0 0 0 2 15 0 0 7 2 0 1 26 0 1 4 72 1 0 2 96 0 0 5 145 1 1 1 2 0 0 2 0 2 0 1 4 68 0 0 1 4 83 1 2 96 0 0 5 28 1 1 2 0 0 5 0 23 1 1 1 4 570 33 156 7 1 4 140 28 2 15 0 26 0 23 1 2 15 0 2 15 23 1 1 4 33 156 7 1 4 1 140 3 128 7 1 4 95 0 6 4 184 1 4 38 0 11 1 4 222 0 1 4 171 2 15 0 0 10 14 2 109 591 1 4 152 33 132 7 1 4 1 133 11 2 90 2 75 10 14 2 283 
174	1 4 1 4 1 4 1 4 1 4 1 4 1 4 1 4 6 4 1 4 95 1 2 0 0 1 5 0 522 523 1 1 4 34 1 1 4 279 1 0 33 205 7 1 4 385 343 2 17 384 3 205 7 2 17 2 0 28 2 29 0 1 5 0 1 11 2 0 384 10 245 12 131 1 0 1 5 0 506 1 2 0 0 679 1 2 0 0 1 2 0 0 1 5 0 249 1 1 4 0 2 0 228 1 18 19 6 4 0 0 0 7 1 4 228 1 11 1 4 385 0 0 2 137 0 2 155 177 1 0 10 14 1 4 42 493 11 1 4 296 0 0 3 0 7 12 131 1 0 0 7 2 155 0 10 245 2 0 1 4 174 33 132 7 1 4 1 133 1 4 60 0 2 50 0 0 1 5 0 6 2 0 0 1 5 72 1 183 3 0 0 7 12 131 1 3 0 7 12 131 1 3 0 7 12 131 1 3 0 7 12 131 1 1 4 219 1 11 3 0 7 2 137 0 0 2 50 0 0 3 0 7 2 137 2 143 0 2 50 0 2 50 0 2 50 0 2 36 1 4 257 2 0 2 0 2 0 2 0 3 0 7 2 0 1 4 107 1 0 3 170 7 2 388 1 4 0 0 0 2 137 0 0 1 4 0 0 1 4 2 0 3 0 7 1 4 174 33 132 7 1 4 1 133 1 4 60 0 11 2 15 0 89 1 0 10 1 4 0 3 0 7 2 15 0 194 1 0 7 3 293 7 2 0 423 385 384 0 2 0 38 110 2 15 0 0 2 27 124 0 0 2 90 2 75 2 590 2 10 14 12 0 10 14 12 131 1 377 167 0 378 10 14 12 131 1 0 0 10 14 12 131 1 0 0 10 14 12 131 1 0 0 23 1 2 15 28 1 1 
175	1 681 1 1 4 175 1 1 4 257 3 0 7 2 0 0 7 2 0 0 5 0 1 681 1 1 4 175 1 1 4 257 1 4 279 1 0 33 205 7 1 4 343 11 1 4 0 3 128 0 7 2 0 0 0 2 155 177 1 0 9 10 14 5 0 1 681 1 1 4 175 1 1 4 42 493 11 3 128 7 2 0 38 35 1 4 296 0 2 155 0 10 245 5 0 
176	1 4 6 4 6 4 682 402 1 3 42 7 12 281 1 2 0 0 2 0 2 0 0 1 3 0 0 5 26 0 0 12 231 1 0 0 6 5 0 0 185 12 1 1 
177	1 4 683 1 2 0 0 1 5 140 6 5 156 185 1 
178	1 4 6 4 6 4 434 6 2 0 0 2 0 1 0 225 48 1 6 4 172 3 0 0 7 2 0 0 3 0 7 2 0 0 0 159 1 6 4 172 3 0 7 2 0 0 2 0 5 0 0 5 6 5 0 
179	1 4 95 6 4 35 505 1 289 1 1 4 34 1 6 4 77 18 19 6 4 0 0 0 7 2 17 26 28 0 5 28 1 1 5 92 0 1 13 1 1 4 1 4 34 1 2 0 0 1 4 279 1 0 33 205 7 1 4 1 140 2 17 0 5 28 1 13 1 5 0 1 13 1 1 1 4 1 4 34 1 2 0 0 1 4 279 1 0 0 33 205 7 1 4 1 140 2 17 0 5 28 1 13 1 1 4 38 371 1 4 38 490 5 0 0 1 13 1 1 4 38 371 1 4 38 5 0 0 1 579 1 325 1 1 4 91 1 1 4 279 1 0 0 33 205 7 2 51 343 5 1 242 1 77 677 1 102 1 98 6 5 280 0 0 0 677 1 102 1 98 6 1 3 0 0 0 7 5 0 6 4 35 3 35 293 0 7 2 0 2 0 3 0 7 2 0 0 3 0 7 2 0 5 38 0 1 372 1 641 1 5 0 1 0 1 372 1 641 1 1 4 34 1 18 19 6 4 0 35 7 6 4 92 0 16 0 8 1 4 34 1 18 19 0 0 35 0 7 2 0 92 0 3 0 0 2 17 0 9 3 35 7 1 4 1 26 28 3 0 7 2 17 0 9 8 2 17 0 2 0 9 5 0 1 249 1 1 4 1 4 107 1 0 3 170 7 11 1 4 1 0 6 4 6 6 35 2 485 0 2 0 66 1 0 10 14 2 29 0 2 109 5 0 1 372 1 6 4 92 1 4 34 1 18 19 6 4 0 35 0 7 6 4 92 0 3 0 0 7 2 17 0 2 0 0 5 28 1 372 1 6 4 92 1 4 34 1 18 19 6 4 0 35 0 7 6 4 92 0 3 0 0 7 2 17 0 2 0 0 5 28 1 579 1 1 1 6 4 3 0 110 0 0 7 6 4 250 6 4 250 6 4 35 1 4 34 1 0 2 17 17 0 0 0 2 0 0 6 4 0 33 0 110 0 0 7 2 17 17 0 0 0 0 0 2 0 0 2 0 0 2 17 0 0 0 0 5 28 5 0 1 14 1 1 4 11 1 4 1 2 109 437 1 0 2 0 28 10 5 0 1 376 1 1 4 0 3 110 7 2 0 3 128 7 2 0 0 33 7 3 0 9 2 0 38 0 38 0 33 7 6 4 110 3 0 9 2 0 38 0 38 0 33 7 6 4 110 3 0 9 2 0 38 0 38 0 33 7 6 4 110 3 0 9 3 0 7 6 4 184 0 2 0 38 0 38 0 5 0 1 166 6 1 1 3 0 7 5 0 7 5 0 6 289 1 6 4 77 18 19 6 4 0 0 0 7 3 26 0 26 28 35 0 7 5 5 
180	1 4 1 1 4 684 1 1 4 1 4 113 1 1 4 1 507 214 1 2 0 0 2 507 1 5 0 1 37 1 224 1 1 4 0 0 1 4 26 0 3 0 0 7 5 3 0 7 11 2 0 0 0 10 2 15 0 0 12 0 3 0 7 2 15 0 0 7 2 15 0 0 5 1 0 1 4 1 4 508 0 18 19 6 4 0 0 0 7 1 4 0 0 1 4 509 0 3 0 7 2 51 0 2 15 0 0 1 173 1 1 4 314 1 4 34 1 93 18 19 6 4 0 0 0 7 3 0 0 380 7 3 0 0 31 0 2 17 3 0 0 31 0 2 17 3 0 0 31 0 2 17 3 0 0 31 0 2 17 3 0 0 31 0 2 17 3 0 0 31 0 2 17 3 0 0 31 0 2 17 3 0 0 31 0 2 17 7 2 17 0 0 93 5 28 1 173 1 224 1 1 4 34 17 0 1 18 19 6 4 0 0 0 7 1 4 0 0 3 0 7 2 0 0 2 17 42 93 5 28 1 214 1 1 4 3 534 321 7 5 0 1 4 1 0 18 19 6 4 0 0 7 2 0 0 685 1 0 0 6 4 508 0 0 3 0 0 7 2 0 1 0 6 4 18 19 6 4 0 0 0 7 1 4 0 0 3 0 7 2 0 0 0 5 0 6 214 1 1 6 6 4 0 3 534 321 7 18 19 6 4 0 0 0 0 0 7 11 1 4 0 0 3 0 7 2 0 2 0 10 14 3 0 0 7 5 0 1 4 3 0 7 2 0 508 0 0 0 3 0 0 7 5 0 1 4 18 19 6 4 0 0 7 2 0 508 0 0 0 0 3 0 0 7 5 0 5 0 1 173 1 1 4 3 321 0 7 5 0 5 509 0 93 314 1 214 1 37 1 1 3 321 0 7 11 5 80 0 0 10 14 5 1 4 3 0 7 1 4 509 0 0 0 3 0 7 5 0 1 4 18 19 6 4 0 0 0 7 1 4 509 0 0 0 0 3 0 7 5 0 5 685 1 4 1 4 1 4 6 4 685 173 1 2 0 2 0 93 2 0 314 2 0 214 1 2 0 80 0 0 2 0 2 0 2 0 
181	6 4 6 4 1 4 262 1 503 6 125 6 2 0 0 2 0 0 2 0 0 262 1 5 0 300 6 5 0 301 6 5 0 
182	1 4 1 4 
183	1 4 1 4 433 1 2 0 0 369 1 125 1 37 1 224 1 11 5 80 0 0 0 10 1 4 0 18 19 6 4 0 0 0 7 3 0 2 0 0 2 0 0 0 0 42 93 2 0 0 0 2 22 0 5 2 2 65 0 1 
184	1 4 142 1 1 4 1 369 1 125 1 37 1 224 1 3 0 7 12 120 1 0 1 4 172 0 2 0 1 26 0 3 0 7 3 93 7 2 2 0 0 5 0 0 1 125 1 1 4 507 1 0 2 15 0 0 2 51 93 5 0 2 283 2 0 1 
185	6 4 6 4 6 4 1 4 113 1 530 173 1 1 4 93 1 4 26 0 3 0 7 2 0 91 1 2 15 0 0 2 51 0 5 159 1 21 1 5 1 26 0 182 1 550 1 294 1 1 4 26 0 3 0 7 5 6 4 0 1 4 1 0 18 19 6 4 0 0 0 7 1 4 0 0 2 0 0 0 42 5 0 0 1 1 1 686 1 1 4 0 0 3 389 7 5 3 77 7 5 1 1 4 1 18 19 1 4 152 132 7 1 4 1 133 1 4 314 6 4 18 19 1 4 152 0 132 7 1 4 1 133 16 0 314 8 7 2 150 9 8 7 2 0 9 3 0 7 2 0 3 77 7 12 1 5 1 6 1 1 6 4 6 4 18 19 6 4 0 0 0 7 3 0 0 0 0 7 2 0 0 0 0 0 0 2 0 0 0 0 0 0 3 0 7 3 0 7 5 0 5 0 3 0 7 5 0 5 0 1 1 686 1 1 4 1 18 19 1 4 152 132 7 1 4 1 133 3 0 0 7 2 51 0 5 0 6 173 1 686 1 1 4 314 3 0 0 7 5 18 19 6 4 0 0 0 7 3 0 0 0 0 7 5 5 6 1 1 3 0 380 7 5 3 0 687 0 7 5 3 380 7 3 0 0 0 1 5 3 0 0 0 1 5 3 0 0 0 1 5 3 0 0 0 1 0 1 5 3 0 0 0 1 0 1 0 1 5 3 0 0 0 1 0 1 0 1 0 1 5 3 0 0 0 1 0 1 0 1 0 1 0 1 5 3 0 0 0 1 0 1 0 1 0 1 0 1 0 1 5 5 6 1 1 3 0 380 7 5 3 687 0 7 5 3 380 7 3 0 0 0 0 5 3 0 0 0 0 0 0 5 3 0 0 0 0 0 0 0 0 5 3 0 0 0 0 0 0 0 0 0 0 5 3 0 0 0 0 0 0 0 0 0 0 0 0 5 5 
186	43 1 239 1 162 1 369 1 239 1 173 1 294 1 162 1 1 239 1 510 1 162 1 1 239 1 510 1 342 1 162 1 
187	1 4 1 4 43 1 2 0 0 2 0 433 1 0 1 239 1 98 1 3 42 7 5 682 1 0 3 0 1 7 5 1 0 3 0 1 7 5 1 0 3 0 1 7 2 134 57 58 688 5 1 0 3 0 1 7 2 134 57 58 688 5 683 1 1 0 2 134 57 58 688 5 369 1 239 1 550 1 294 1 98 1 3 0 5 1 4 80 42 0 0 5 0 511 1 0 1 239 1 510 1 98 1 1 4 1 4 42 2 0 642 1 0 0 0 0 3 7 2 0 640 1 0 0 0 0 3 7 2 0 638 1 0 0 0 0 5 0 512 1 0 1 239 1 510 1 342 1 98 1 1 4 42 1 4 1 4 11 1 4 0 11 2 0 80 0 0 0 0 3 0 7 12 1 10 1 4 34 1 2 17 0 3 639 92 7 2 370 371 92 7 2 370 490 92 2 0 80 0 28 0 0 3 0 7 12 1 10 3 687 0 1 7 1 4 684 1 684 1 2 0 80 0 0 0 3 0 5 315 1 0 0 5 0 315 1 0 511 1 4 511 1 2 0 0 511 316 1 48 1 224 1 5 105 0 0 317 6 5 259 1 5 93 1 5 635 1 512 1 4 512 1 2 0 0 512 316 1 48 1 5 263 0 317 6 5 259 1 5 80 93 1 315 1 4 1 4 315 1 2 0 0 315 1 21 1 2 0 0 2 0 0 315 316 1 48 1 40 1 1 4 91 1 3 0 7 2 51 0 2 51 0 7 2 51 0 5 105 0 242 317 6 5 259 1 5 167 1 1 1 
188	1 
189	316 1 48 1 224 1 317 6 259 1 1 
190	316 1 48 1 317 6 259 1 
191	316 1 48 1 342 1 317 6 259 1 
